0.10716200761859E+01     0.00000000000000E+00
0.10814385130769E+01     0.00000000000000E+00
0.10912569499680E+01     0.00000000000000E+00
0.11010753868590E+01     0.19463739395142E+01
0.11108938237501E+01     0.19297349452972E+01
0.11207122606411E+01     0.19134087562561E+01
0.11305306975321E+01     0.18973900079727E+01
0.11403491344232E+01     0.18816715478897E+01
0.11501675713142E+01     0.18662467002869E+01
0.11599860082053E+01     0.18511079549789E+01
0.11698044450963E+01     0.18362482786179E+01
0.11796228819874E+01     0.18216605186462E+01
0.11894413188784E+01     0.18073375225067E+01
0.11992597557695E+01     0.17932726144791E+01
0.12090781926605E+01     0.17794588804245E+01
0.12188966295516E+01     0.17658898830414E+01
0.12287150664426E+01     0.17525588274002E+01
0.12385335033337E+01     0.17394597530365E+01
0.12483519402247E+01     0.17265859842300E+01
0.12581703771157E+01     0.17139316797256E+01
0.12679888140068E+01     0.17014904022217E+01
0.12778072508978E+01     0.16892566680908E+01
0.12876256877889E+01     0.16772298812866E+01
0.12974441246799E+01     0.16653897762299E+01
0.13072625615710E+01     0.16537448167801E+01
0.13170809984620E+01     0.16422691345215E+01
0.13268994353531E+01     0.16309448480606E+01
0.13367178722441E+01     0.16197905540466E+01
0.13465363091352E+01     0.16088113784790E+01
0.13563547460262E+01     0.15980097055435E+01
0.13661731829173E+01     0.15873870849609E+01
0.13759916198083E+01     0.15769449472427E+01
0.13858100566994E+01     0.15666841268539E+01
0.13956284935904E+01     0.15566051006317E+01
0.14054469304814E+01     0.15467075109482E+01
0.14152653673725E+01     0.15369896888733E+01
0.14250838042635E+01     0.15274481773376E+01
0.14349022411546E+01     0.15180776119232E+01
0.14447206780456E+01     0.15088697671890E+01
0.14545391149367E+01     0.14998140335083E+01
0.14643575518277E+01     0.14908998012543E+01
0.14741759887188E+01     0.14821238517761E+01
0.14839944256098E+01     0.14734864234924E+01
0.14938128625009E+01     0.14649839401245E+01
0.15036312993919E+01     0.14566129446030E+01
0.15134497362830E+01     0.14483698606491E+01
0.15232681731740E+01     0.14402506351471E+01
0.15330866100651E+01     0.14322513341904E+01
0.15429050469561E+01     0.14243676662445E+01
0.15527234838471E+01     0.14165954589844E+01
0.15625419207382E+01     0.14089301824570E+01
0.15723603576292E+01     0.14013670682907E+01
0.15821787945203E+01     0.13939012289047E+01
0.15919972314113E+01     0.13865272998810E+01
0.16018156683024E+01     0.13792400360107E+01
0.16116341051934E+01     0.13720340728760E+01
0.16214525420845E+01     0.13649034500122E+01
0.16312709789755E+01     0.13578423261642E+01
0.16410894158666E+01     0.13508447408676E+01
0.16509078527576E+01     0.13439046144485E+01
0.16607262896487E+01     0.13370157480240E+01
0.16705447265397E+01     0.13301723003387E+01
0.16803631634308E+01     0.13233680725098E+01
0.16901816003218E+01     0.13165973424911E+01
0.17000000372128E+01     0.13098548650742E+01
0.17098184741039E+01     0.13031352758408E+01
0.17196369109949E+01     0.12964340448380E+01
0.17294553478860E+01     0.12897471189499E+01
0.17392737847770E+01     0.12830712795258E+01
0.17490922216681E+01     0.12764037847519E+01
0.17589106585591E+01     0.12697430849075E+01
0.17687290954502E+01     0.12630882263184E+01
0.17785475323412E+01     0.12564396858215E+01
0.17883659692323E+01     0.12497984170914E+01
0.17981844061233E+01     0.12431668043137E+01
0.18080028430144E+01     0.12365479469299E+01
0.18178212799054E+01     0.12299460172653E+01
0.18276397167965E+01     0.12233660221100E+01
0.18374581536875E+01     0.12168136835098E+01
0.18472765905785E+01     0.12102953195572E+01
0.18570950274696E+01     0.12038177251816E+01
0.18669134643606E+01     0.11973876953125E+01
0.18767319012517E+01     0.11910122632980E+01
0.18865503381427E+01     0.11846984624863E+01
0.18963687750338E+01     0.11784528493881E+01
0.19061872119248E+01     0.11722817420959E+01
0.19160056488159E+01     0.11661905050278E+01
0.19258240857069E+01     0.11601839065552E+01
0.19356425225980E+01     0.11542661190033E+01
0.19454609594890E+01     0.11484403610229E+01
0.19552793963801E+01     0.11427086591721E+01
0.19650978332711E+01     0.11370726823807E+01
0.19749162701621E+01     0.11315327882767E+01
0.19847347070532E+01     0.11260887384415E+01
0.19945531439442E+01     0.11207393407822E+01
0.20043715808353E+01     0.11154832839966E+01
0.20141900177263E+01     0.11103181838989E+01
0.20240084546174E+01     0.11052412986755E+01
0.20338268915084E+01     0.11002498865128E+01
0.20436453283995E+01     0.10953406095505E+01
0.20534637652905E+01     0.10905098915100E+01
0.20632822021816E+01     0.10857541561127E+01
0.20731006390726E+01     0.10810699462891E+01
0.20829190759637E+01     0.10764536857605E+01
0.20927375128547E+01     0.10719015598297E+01
0.21025559497458E+01     0.10674103498459E+01
0.21123743866368E+01     0.10629767179489E+01
0.21221928235278E+01     0.10585973262787E+01
0.21320112604189E+01     0.10542657375336E+01
0.21418296973099E+01     0.10500407218933E+01
0.21516481342010E+01     0.10458681583405E+01
0.21614665710920E+01     0.10416862964630E+01
0.21712850079831E+01     0.10374660491943E+01
0.21811034448741E+01     0.10332143306732E+01
0.21909218817652E+01     0.10289655923843E+01
0.22007403186562E+01     0.10247753858566E+01
0.22105587555473E+01     0.10207003355026E+01
0.22203771924383E+01     0.10167624950409E+01
0.22301956293294E+01     0.10140894651413E+01
0.22400140662204E+01     0.10096971988678E+01
0.22498325031115E+01     0.10053833723068E+01
0.22596509400025E+01     0.10011562108994E+01
0.22694693768935E+01     0.99701511859894E+00
0.22792878137846E+01     0.99296057224274E+00
0.22891062506756E+01     0.98899644613266E+00
0.22989246875667E+01     0.98512631654739E+00
0.23087431244577E+01     0.00000000000000E+00
0.23185615613488E+01     0.00000000000000E+00
0.23283799982398E+01     0.00000000000000E+00
