0.10716200761859E+01     0.00000000000000E+00
0.10814385130769E+01     0.00000000000000E+00
0.10912569499680E+01     0.00000000000000E+00
0.11010753868590E+01     0.48342144509661E-06
0.11108938237501E+01     0.85979831965233E-06
0.11207122606411E+01     0.16185792901524E-05
0.11305306975321E+01     0.30735204745724E-05
0.11403491344232E+01     0.56425210459565E-05
0.11501675713142E+01     0.98656009868137E-05
0.11599860082053E+01     0.16419151506852E-04
0.11698044450963E+01     0.26127083401661E-04
0.11796228819874E+01     0.39976097468752E-04
0.11894413188784E+01     0.59122190577909E-04
0.11992597557695E+01     0.84905834228266E-04
0.12090781926605E+01     0.11885041749338E-03
0.12188966295516E+01     0.16267523460556E-03
0.12287150664426E+01     0.21828331227880E-03
0.12385335033337E+01     0.28776883846149E-03
0.12483519402247E+01     0.37339350092225E-03
0.12581703771157E+01     0.47758550499566E-03
0.12679888140068E+01     0.60291402041912E-03
0.12778072508978E+01     0.75216265395284E-03
0.12876256877889E+01     0.92142866924405E-03
0.12974441246799E+01     0.11314867297187E-02
0.13072625615710E+01     0.13682079734281E-02
0.13170809984620E+01     0.16611273167655E-02
0.13268994353531E+01     0.20279274322093E-02
0.13367178722441E+01     0.24448232725263E-02
0.13465363091352E+01     0.29032784514129E-02
0.13563547460262E+01     0.33981297165155E-02
0.13661731829173E+01     0.39250366389751E-02
0.13759916198083E+01     0.44800178147852E-02
0.13858100566994E+01     0.50595481880009E-02
0.13956284935904E+01     0.56607774458826E-02
0.14054469304814E+01     0.62819425947964E-02
0.14152653673725E+01     0.69228191860020E-02
0.14250838042635E+01     0.75853397138417E-02
0.14349022411546E+01     0.82741351798177E-02
0.14447206780456E+01     0.89969262480736E-02
0.14545391149367E+01     0.97641879692674E-02
0.14643575518277E+01     0.10587653145194E-01
0.14741759887188E+01     0.11466229334474E-01
0.14839944256098E+01     0.12394352816045E-01
0.14938128625009E+01     0.13373112305999E-01
0.15036312993919E+01     0.14403504319489E-01
0.15134497362830E+01     0.15486382879317E-01
0.15232681731740E+01     0.16622480005026E-01
0.15330866100651E+01     0.17812352627516E-01
0.15429050469561E+01     0.19056405872107E-01
0.15527234838471E+01     0.20354831591249E-01
0.15625419207382E+01     0.21707631647587E-01
0.15723603576292E+01     0.23114562034607E-01
0.15821787945203E+01     0.24575151503086E-01
0.15919972314113E+01     0.26088632643223E-01
0.16018156683024E+01     0.27653936296701E-01
0.16116341051934E+01     0.29269652441144E-01
0.16214525420845E+01     0.30934017151594E-01
0.16312709789755E+01     0.32644845545292E-01
0.16410894158666E+01     0.34399505704641E-01
0.16509078527576E+01     0.36194857209921E-01
0.16607262896487E+01     0.38027230650187E-01
0.16705447265397E+01     0.39892319589853E-01
0.16803631634308E+01     0.41785195469856E-01
0.16901816003218E+01     0.43700173497200E-01
0.17000000372128E+01     0.45630801469088E-01
0.17098184741039E+01     0.47569800168276E-01
0.17196369109949E+01     0.49508992582560E-01
0.17294553478860E+01     0.51439262926579E-01
0.17392737847770E+01     0.53350571542978E-01
0.17490922216681E+01     0.55231876671314E-01
0.17589106585591E+01     0.57071223855019E-01
0.17687290954502E+01     0.58855716139078E-01
0.17785475323412E+01     0.60571659356356E-01
0.17883659692323E+01     0.62204621732235E-01
0.17981844061233E+01     0.63739605247974E-01
0.18080028430144E+01     0.65161220729351E-01
0.18178212799054E+01     0.66453993320465E-01
0.18276397167965E+01     0.67602515220642E-01
0.18374581536875E+01     0.68591885268688E-01
0.18472765905785E+01     0.69407865405083E-01
0.18570950274696E+01     0.70037387311459E-01
0.18669134643606E+01     0.70468738675118E-01
0.18767319012517E+01     0.70692054927349E-01
0.18865503381427E+01     0.70699490606785E-01
0.18963687750338E+01     0.70485524833202E-01
0.19061872119248E+01     0.70047125220299E-01
0.19160056488159E+01     0.69383963942528E-01
0.19258240857069E+01     0.68498365581036E-01
0.19356425225980E+01     0.67395426332951E-01
0.19454609594890E+01     0.66082775592804E-01
0.19552793963801E+01     0.64570546150208E-01
0.19650978332711E+01     0.62871038913727E-01
0.19749162701621E+01     0.60998551547527E-01
0.19847347070532E+01     0.58968957513571E-01
0.19945531439442E+01     0.56799437850714E-01
0.20043715808353E+01     0.54508037865162E-01
0.20141900177263E+01     0.52113432437181E-01
0.20240084546174E+01     0.49634464085102E-01
0.20338268915084E+01     0.47089934349060E-01
0.20436453283995E+01     0.44498234987259E-01
0.20534637652905E+01     0.41877217590809E-01
0.20632822021816E+01     0.39243895560503E-01
0.20731006390726E+01     0.36614365875721E-01
0.20829190759637E+01     0.34003663808107E-01
0.20927375128547E+01     0.31425729393959E-01
0.21025559497458E+01     0.28893362730742E-01
0.21123743866368E+01     0.26418229565024E-01
0.21221928235278E+01     0.24010930210352E-01
0.21320112604189E+01     0.21676214411855E-01
0.21418296973099E+01     0.19331462681293E-01
0.21516481342010E+01     0.17062610015273E-01
0.21614665710920E+01     0.14994199387729E-01
0.21712850079831E+01     0.13185478746891E-01
0.21811034448741E+01     0.11628760024905E-01
0.21909218817652E+01     0.10259305126965E-01
0.22007403186562E+01     0.89704319834709E-02
0.22105587555473E+01     0.76474379748106E-02
0.22203771924383E+01     0.62389117665589E-02
0.22301956293294E+01     0.44071118463762E-03
0.22400140662204E+01     0.30412603518926E-03
0.22498325031115E+01     0.19056026940234E-03
0.22596509400025E+01     0.10512578592170E-03
0.22694693768935E+01     0.48458758101333E-04
0.22792878137846E+01     0.17015137927956E-04
0.22891062506756E+01     0.39050582927302E-05
0.22989246875667E+01     0.57272274034403E-06
0.23087431244577E+01     0.00000000000000E+00
0.23185615613488E+01     0.00000000000000E+00
0.23283799982398E+01     0.00000000000000E+00
