0.10716200761859E+01     0.00000000000000E+00
0.10814385130769E+01     0.00000000000000E+00
0.10912569499680E+01     0.00000000000000E+00
0.11010753868590E+01     0.19339356422424E+01
0.11108938237501E+01     0.19168459177017E+01
0.11207122606411E+01     0.19000585079193E+01
0.11305306975321E+01     0.18835667371750E+01
0.11403491344232E+01     0.18673639297485E+01
0.11501675713142E+01     0.18514436483383E+01
0.11599860082053E+01     0.18357994556427E+01
0.11698044450963E+01     0.18204252719879E+01
0.11796228819874E+01     0.18053147792816E+01
0.11894413188784E+01     0.17904617786407E+01
0.11992597557695E+01     0.17758603096008E+01
0.12090781926605E+01     0.17615042924881E+01
0.12188966295516E+01     0.17473876476288E+01
0.12287150664426E+01     0.17335046529770E+01
0.12385335033337E+01     0.17198495864868E+01
0.12483519402247E+01     0.17064166069031E+01
0.12581703771157E+01     0.16932005882263E+01
0.12679888140068E+01     0.16801960468292E+01
0.12778072508978E+01     0.16673979759216E+01
0.12876256877889E+01     0.16548069715500E+01
0.12974441246799E+01     0.16424038410187E+01
0.13072625615710E+01     0.16301983594894E+01
0.13170809984620E+01     0.16181617975235E+01
0.13268994353531E+01     0.16062728166580E+01
0.13367178722441E+01     0.15945497751236E+01
0.13465363091352E+01     0.15829988718033E+01
0.13563547460262E+01     0.15716230869293E+01
0.13661731829173E+01     0.15604245662689E+01
0.13759916198083E+01     0.15494052171707E+01
0.13858100566994E+01     0.15385669469833E+01
0.13956284935904E+01     0.15279114246368E+01
0.14054469304814E+01     0.15174409151077E+01
0.14152653673725E+01     0.15071580410004E+01
0.14250838042635E+01     0.14970659017563E+01
0.14349022411546E+01     0.14871689081192E+01
0.14447206780456E+01     0.14774734973907E+01
0.14545391149367E+01     0.14679892063141E+01
0.14643575518277E+01     0.14587308168411E+01
0.14741759887188E+01     0.14496876001358E+01
0.14839944256098E+01     0.14408411979675E+01
0.14938128625009E+01     0.14321936368942E+01
0.15036312993919E+01     0.14237468242645E+01
0.15134497362830E+01     0.14155026674271E+01
0.15232681731740E+01     0.14074624776840E+01
0.15330866100651E+01     0.13996279239655E+01
0.15429050469561E+01     0.13919994831085E+01
0.15527234838471E+01     0.13845777511597E+01
0.15625419207382E+01     0.13773622512817E+01
0.15723603576292E+01     0.13703516721725E+01
0.15821787945203E+01     0.13635441064835E+01
0.15919972314113E+01     0.13569359779358E+01
0.16018156683024E+01     0.13505229949951E+01
0.16116341051934E+01     0.13442990779877E+01
0.16214525420845E+01     0.13382568359375E+01
0.16312709789755E+01     0.13323870897293E+01
0.16410894158666E+01     0.13266788721085E+01
0.16509078527576E+01     0.13211194276810E+01
0.16607262896487E+01     0.13156942129135E+01
0.16705447265397E+01     0.13103866577148E+01
0.16803631634308E+01     0.13051782846451E+01
0.16901816003218E+01     0.13000490665436E+01
0.17000000372128E+01     0.12949771881104E+01
0.17098184741039E+01     0.12899395227432E+01
0.17196369109949E+01     0.12849115133286E+01
0.17294553478860E+01     0.12798682451248E+01
0.17392737847770E+01     0.12747840881348E+01
0.17490922216681E+01     0.12696334123611E+01
0.17589106585591E+01     0.12643910646439E+01
0.17687290954502E+01     0.12590329647064E+01
0.17785475323412E+01     0.12535367012024E+01
0.17883659692323E+01     0.12478816509247E+01
0.17981844061233E+01     0.12420499324799E+01
0.18080028430144E+01     0.12360268831253E+01
0.18178212799054E+01     0.12298009395599E+01
0.18276397167965E+01     0.12233647108078E+01
0.18374581536875E+01     0.12167150974274E+01
0.18472765905785E+01     0.12098529338837E+01
0.18570950274696E+01     0.12027833461761E+01
0.18669134643606E+01     0.11955158710480E+01
0.18767319012517E+01     0.11880639791489E+01
0.18865503381427E+01     0.11804449558258E+01
0.18963687750338E+01     0.11726794242859E+01
0.19061872119248E+01     0.11647906303406E+01
0.19160056488159E+01     0.11568043231964E+01
0.19258240857069E+01     0.11487476825714E+01
0.19356425225980E+01     0.11406489610672E+01
0.19454609594890E+01     0.11325366497040E+01
0.19552793963801E+01     0.11244391202927E+01
0.19650978332711E+01     0.11163836717606E+01
0.19749162701621E+01     0.11083964109421E+01
0.19847347070532E+01     0.11005012989044E+01
0.19945531439442E+01     0.10927205085754E+01
0.20043715808353E+01     0.10850733518600E+01
0.20141900177263E+01     0.10775765180588E+01
0.20240084546174E+01     0.10702439546585E+01
0.20338268915084E+01     0.10630866289139E+01
0.20436453283995E+01     0.10561125278473E+01
0.20534637652905E+01     0.10493273735046E+01
0.20632822021816E+01     0.10427339076996E+01
0.20731006390726E+01     0.10363324880600E+01
0.20829190759637E+01     0.10301214456558E+01
0.20927375128547E+01     0.10240970849991E+01
0.21025559497458E+01     0.10182542800903E+01
0.21123743866368E+01     0.10125862360001E+01
0.21221928235278E+01     0.10070852041245E+01
0.21320112604189E+01     0.10017471313477E+01
0.21418296973099E+01     0.99664866924286E+00
0.21516481342010E+01     0.99172526597977E+00
0.21614665710920E+01     0.98688036203384E+00
0.21712850079831E+01     0.98206263780594E+00
0.21811034448741E+01     0.97726356983185E+00
0.21909218817652E+01     0.97250843048096E+00
0.22007403186562E+01     0.96784406900406E+00
0.22105587555473E+01     0.96331948041916E+00
0.22203771924383E+01     0.95895516872406E+00
0.22301956293294E+01     0.95607441663742E+00
0.22400140662204E+01     0.95152235031128E+00
0.22498325031115E+01     0.94707727432251E+00
0.22596509400025E+01     0.94273340702057E+00
0.22694693768935E+01     0.93848592042923E+00
0.22792878137846E+01     0.93433052301407E+00
0.22891062506756E+01     0.93026149272919E+00
0.22989246875667E+01     0.92626798152924E+00
0.23087431244577E+01     0.00000000000000E+00
0.23185615613488E+01     0.00000000000000E+00
0.23283799982398E+01     0.00000000000000E+00
