0.10716200761859E+01     0.00000000000000E+00
0.10814385130769E+01     0.00000000000000E+00
0.10912569499680E+01     0.00000000000000E+00
0.11010753868590E+01     0.21969172358513E+00
0.11108938237501E+01     0.22266249358654E+00
0.11207122606411E+01     0.22563368082047E+00
0.11305306975321E+01     0.22861605882645E+00
0.11403491344232E+01     0.23160289227962E+00
0.11501675713142E+01     0.23459210991859E+00
0.11599860082053E+01     0.23757302761078E+00
0.11698044450963E+01     0.24054013192654E+00
0.11796228819874E+01     0.24348601698875E+00
0.11894413188784E+01     0.24640478193760E+00
0.11992597557695E+01     0.24929282069206E+00
0.12090781926605E+01     0.25214418768883E+00
0.12188966295516E+01     0.25495809316635E+00
0.12287150664426E+01     0.25772899389267E+00
0.12385335033337E+01     0.26045727729797E+00
0.12483519402247E+01     0.26313742995262E+00
0.12581703771157E+01     0.26576939225197E+00
0.12679888140068E+01     0.26834827661514E+00
0.12778072508978E+01     0.27087312936783E+00
0.12876256877889E+01     0.27333804965019E+00
0.12974441246799E+01     0.27574032545090E+00
0.13072625615710E+01     0.27807441353798E+00
0.13170809984620E+01     0.28035736083984E+00
0.13268994353531E+01     0.28261059522629E+00
0.13367178722441E+01     0.28483703732491E+00
0.13465363091352E+01     0.28703355789185E+00
0.13563547460262E+01     0.28919824957848E+00
0.13661731829173E+01     0.29132929444313E+00
0.13759916198083E+01     0.29342567920685E+00
0.13858100566994E+01     0.29548442363739E+00
0.13956284935904E+01     0.29749992489815E+00
0.14054469304814E+01     0.29946151375771E+00
0.14152653673725E+01     0.30135029554367E+00
0.14250838042635E+01     0.30313652753830E+00
0.14349022411546E+01     0.30477550625801E+00
0.14447206780456E+01     0.30620223283768E+00
0.14545391149367E+01     0.30732685327530E+00
0.14643575518277E+01     0.30803668498993E+00
0.14741759887188E+01     0.30837759375572E+00
0.14839944256098E+01     0.30844539403915E+00
0.14938128625009E+01     0.30821928381920E+00
0.15036312993919E+01     0.30767875909805E+00
0.15134497362830E+01     0.30680203437805E+00
0.15232681731740E+01     0.30556696653366E+00
0.15330866100651E+01     0.30395001173019E+00
0.15429050469561E+01     0.30192819237709E+00
0.15527234838471E+01     0.29947802424431E+00
0.15625419207382E+01     0.29657629132271E+00
0.15723603576292E+01     0.29319944977760E+00
0.15821787945203E+01     0.28932374715805E+00
0.15919972314113E+01     0.28492569923401E+00
0.16018156683024E+01     0.27998355031013E+00
0.16116341051934E+01     0.27447640895844E+00
0.16214525420845E+01     0.26838418841362E+00
0.16312709789755E+01     0.26168778538704E+00
0.16410894158666E+01     0.25437116622925E+00
0.16509078527576E+01     0.24642027914524E+00
0.16607262896487E+01     0.23782312870026E+00
0.16705447265397E+01     0.22857163846493E+00
0.16803631634308E+01     0.21866057813168E+00
0.16901816003218E+01     0.20808863639832E+00
0.17000000372128E+01     0.19685940444469E+00
0.17098184741039E+01     0.18498013913631E+00
0.17196369109949E+01     0.17246297001839E+00
0.17294553478860E+01     0.15932631492615E+00
0.17392737847770E+01     0.14559337496758E+00
0.17490922216681E+01     0.13129304349422E+00
0.17589106585591E+01     0.11645961552858E+00
0.17687290954502E+01     0.10113362967968E+00
0.17785475323412E+01     0.85361234843731E-01
0.17883659692323E+01     0.69192461669445E-01
0.17981844061233E+01     0.52682623267174E-01
0.18080028430144E+01     0.35893864929676E-01
0.18178212799054E+01     0.18890988081694E-01
0.18276397167965E+01     0.17412924207747E-02
0.18374581536875E+01     0.15486296266317E-01
0.18472765905785E+01     0.32721191644669E-01
0.18570950274696E+01     0.49891814589500E-01
0.18669134643606E+01     0.66925935447216E-01
0.18767319012517E+01     0.83751298487186E-01
0.18865503381427E+01     0.10030011087656E+00
0.18963687750338E+01     0.11650840938091E+00
0.19061872119248E+01     0.13231432437897E+00
0.19160056488159E+01     0.14766110479832E+00
0.19258240857069E+01     0.16249746084213E+00
0.19356425225980E+01     0.17677739262581E+00
0.19454609594890E+01     0.19046205282211E+00
0.19552793963801E+01     0.20351868867874E+00
0.19650978332711E+01     0.21592095494270E+00
0.19749162701621E+01     0.22764903306961E+00
0.19847347070532E+01     0.23868940770626E+00
0.19945531439442E+01     0.24903547763824E+00
0.20043715808353E+01     0.25868672132492E+00
0.20141900177263E+01     0.26764756441116E+00
0.20240084546174E+01     0.27592810988426E+00
0.20338268915084E+01     0.28354328870773E+00
0.20436453283995E+01     0.29051217436790E+00
0.20534637652905E+01     0.29685646295547E+00
0.20632822021816E+01     0.30260238051414E+00
0.20731006390726E+01     0.30777791142464E+00
0.20829190759637E+01     0.31241363286972E+00
0.20927375128547E+01     0.31654056906700E+00
0.21025559497458E+01     0.32019230723381E+00
0.21123743866368E+01     0.32340145111084E+00
0.21221928235278E+01     0.32620203495026E+00
0.21320112604189E+01     0.32860153913498E+00
0.21418296973099E+01     0.33057060837746E+00
0.21516481342010E+01     0.33214640617371E+00
0.21614665710920E+01     0.33343279361725E+00
0.21712850079831E+01     0.33449783921242E+00
0.21811034448741E+01     0.33539208769798E+00
0.21909218817652E+01     0.33615124225616E+00
0.22007403186562E+01     0.33681219816208E+00
0.22105587555473E+01     0.33740895986557E+00
0.22203771924383E+01     0.33795115351677E+00
0.22301956293294E+01     0.33808165788651E+00
0.22400140662204E+01     0.33777770400047E+00
0.22498325031115E+01     0.33740252256393E+00
0.22596509400025E+01     0.33699759840965E+00
0.22694693768935E+01     0.33657589554787E+00
0.22792878137846E+01     0.33615061640739E+00
0.22891062506756E+01     0.33574908971786E+00
0.22989246875667E+01     0.33541241288185E+00
0.23087431244577E+01     0.00000000000000E+00
0.23185615613488E+01     0.00000000000000E+00
0.23283799982398E+01     0.00000000000000E+00
