0.10716200761859E+01     0.00000000000000E+00
0.10814385130769E+01     0.00000000000000E+00
0.10912569499680E+01     0.00000000000000E+00
0.11010753868590E+01     -.15935660970614E-15
0.11108938237501E+01     -.38518214471458E-15
0.11207122606411E+01     -.54011807623411E-15
0.11305306975321E+01     -.70159431971630E-15
0.11403491344232E+01     -.84198595437764E-15
0.11501675713142E+01     -.10525717387735E-14
0.11599860082053E+01     -.12236043138458E-14
0.11698044450963E+01     -.14988248001665E-14
0.11796228819874E+01     -.16986851886865E-14
0.11894413188784E+01     -.19654402159741E-14
0.11992597557695E+01     -.22278275178692E-14
0.12090781926605E+01     -.23478446749568E-14
0.12188966295516E+01     -.26029244118577E-14
0.12287150664426E+01     -.29898287333727E-14
0.12385335033337E+01     -.32357749140034E-14
0.12483519402247E+01     -.36116159264361E-14
0.12581703771157E+01     -.38488711255114E-14
0.12679888140068E+01     -.39507602952202E-14
0.12778072508978E+01     -.44431236068002E-14
0.12876256877889E+01     -.44092439829759E-14
0.12974441246799E+01     -.51480904940751E-14
0.13072625615710E+01     -.53648957767049E-14
0.13170809984620E+01     -.53249022690673E-14
0.13268994353531E+01     -.62922621757097E-14
0.13367178722441E+01     -.59962029848207E-14
0.13465363091352E+01     -.64485206962368E-14
0.13563547460262E+01     -.71405148504081E-14
0.13661731829173E+01     -.75781073175527E-14
0.13759916198083E+01     -.80094554578102E-14
0.13858100566994E+01     -.79527084855088E-14
0.13956284935904E+01     -.88539430710580E-14
0.14054469304814E+01     -.90297134190415E-14
0.14152653673725E+01     -.99109715795626E-14
0.14250838042635E+01     -.98426880185197E-14
0.14349022411546E+01     -.10706322811540E-13
0.14447206780456E+01     -.11095891051674E-13
0.14545391149367E+01     -.11939407118132E-13
0.14643575518277E+01     -.11859354034287E-13
0.14741759887188E+01     -.12233458840936E-13
0.14839944256098E+01     -.13052705719388E-13
0.14938128625009E+01     -.13861183420949E-13
0.15036312993919E+01     -.14659102856823E-13
0.15134497362830E+01     -.15005336044343E-13
0.15232681731740E+01     -.15785595690299E-13
0.15330866100651E+01     -.16120178786662E-13
0.15429050469561E+01     -.16883413070379E-13
0.15527234838471E+01     -.17206823802168E-13
0.15625419207382E+01     -.18381104540462E-13
0.15723603576292E+01     -.18691123681355E-13
0.15821787945203E+01     -.18997295598601E-13
0.15919972314113E+01     -.19719248884600E-13
0.16018156683024E+01     -.20849338219970E-13
0.16116341051934E+01     -.21136766992160E-13
0.16214525420845E+01     -.21832650298108E-13
0.16312709789755E+01     -.22929613868977E-13
0.16410894158666E+01     -.23606444015810E-13
0.16509078527576E+01     -.23466049998869E-13
0.16607262896487E+01     -.24936096007619E-13
0.16705447265397E+01     -.25589199067534E-13
0.16803631634308E+01     -.26234670360593E-13
0.16901816003218E+01     -.26082270498658E-13
0.17000000372128E+01     -.26717436788881E-13
0.17098184741039E+01     -.27345310125429E-13
0.17196369109949E+01     -.28742846725762E-13
0.17294553478860E+01     -.28579667522540E-13
0.17392737847770E+01     -.29186393834526E-13
0.17490922216681E+01     -.29786310001617E-13
0.17589106585591E+01     -.30379527832160E-13
0.17687290954502E+01     -.30210886960494E-13
0.17785475323412E+01     -.31546315717003E-13
0.17883659692323E+01     -.31373121196212E-13
0.17981844061233E+01     -.31944715969678E-13
0.18080028430144E+01     -.32510107073839E-13
0.18178212799054E+01     -.32334510367609E-13
0.18276397167965E+01     -.32160804238918E-13
0.18374581536875E+01     -.32715976737603E-13
0.18472765905785E+01     -.32542087649795E-13
0.18570950274696E+01     -.31650704057423E-13
0.18669134643606E+01     -.32199798247678E-13
0.18767319012517E+01     -.31319531115705E-13
0.18865503381427E+01     -.31864634086713E-13
0.18963687750338E+01     -.30995219140861E-13
0.19061872119248E+01     -.30835566982830E-13
0.19160056488159E+01     -.30677551292454E-13
0.19258240857069E+01     -.30521148352810E-13
0.19356425225980E+01     -.29676188942210E-13
0.19454609594890E+01     -.29526416576477E-13
0.19552793963801E+01     -.28694938542266E-13
0.19650978332711E+01     -.28551566357482E-13
0.19749162701621E+01     -.27733200393294E-13
0.19847347070532E+01     -.26922932064083E-13
0.19945531439442E+01     -.26790400206957E-13
0.20043715808353E+01     -.24992969187830E-13
0.20141900177263E+01     -.24539521957978E-13
0.20240084546174E+01     -.24090474217255E-13
0.20338268915084E+01     -.22988936668471E-13
0.20436453283995E+01     -.21897981949330E-13
0.20534637652905E+01     -.21142733492240E-13
0.20632822021816E+01     -.20394672956741E-13
0.20731006390726E+01     -.19331506000467E-13
0.20829190759637E+01     -.18599035953395E-13
0.20927375128547E+01     -.17873437037591E-13
0.21025559497458E+01     -.17154616079431E-13
0.21123743866368E+01     -.16442478211224E-13
0.21221928235278E+01     -.15422189756807E-13
0.21320112604189E+01     -.14411299979972E-13
0.21418296973099E+01     -.13721530557837E-13
0.21516481342010E+01     -.12417196380821E-13
0.21614665710920E+01     -.11742752325801E-13
0.21712850079831E+01     -.10766784870348E-13
0.21811034448741E+01     -.99527226805657E-14
0.21909218817652E+01     -.89935247834030E-14
0.22007403186562E+01     -.83463907646678E-14
0.22105587555473E+01     -.75539270680074E-14
0.22203771924383E+01     -.66180606933769E-14
0.22301956293294E+01     -.58401833275847E-14
0.22400140662204E+01     -.49200332257740E-14
0.22498325031115E+01     -.42305759352798E-14
0.22596509400025E+01     -.34732122251624E-14
0.22694693768935E+01     -.29063479189484E-14
0.22792878137846E+01     -.24176287548658E-14
0.22891062506756E+01     -.24254957851216E-14
0.22989246875667E+01     -.32595267766356E-14
0.23087431244577E+01     0.00000000000000E+00
0.23185615613488E+01     0.00000000000000E+00
0.23283799982398E+01     0.00000000000000E+00
