0.10716200761859E+01     0.00000000000000E+00
0.10814385130769E+01     0.00000000000000E+00
0.10912569499680E+01     0.00000000000000E+00
0.11010753868590E+01     0.21238212890625E+05
0.11108938237501E+01     0.17817339843750E+05
0.11207122606411E+01     0.20484167968750E+05
0.11305306975321E+01     0.24062613281250E+05
0.11403491344232E+01     0.28548582031250E+05
0.11501675713142E+01     0.33700097656250E+05
0.11599860082053E+01     0.39303839843750E+05
0.11698044450963E+01     0.45280140625000E+05
0.11796228819874E+01     0.51566039062500E+05
0.11894413188784E+01     0.58120039062500E+05
0.11992597557695E+01     0.64914710937500E+05
0.12090781926605E+01     0.71926601562500E+05
0.12188966295516E+01     0.79138078125000E+05
0.12287150664426E+01     0.86533039062500E+05
0.12385335033337E+01     0.94098062500000E+05
0.12483519402247E+01     0.10181996093750E+06
0.12581703771157E+01     0.10968677343750E+06
0.12679888140068E+01     0.11768646093750E+06
0.12778072508978E+01     0.12581062500000E+06
0.12876256877889E+01     0.13385298437500E+06
0.12974441246799E+01     0.14232845312500E+06
0.13072625615710E+01     0.15073185937500E+06
0.13170809984620E+01     0.15961990625000E+06
0.13268994353531E+01     0.16908237500000E+06
0.13367178722441E+01     0.17852490625000E+06
0.13465363091352E+01     0.18779959375000E+06
0.13563547460262E+01     0.19686176562500E+06
0.13661731829173E+01     0.20569698437500E+06
0.13759916198083E+01     0.21430304687500E+06
0.13858100566994E+01     0.22268548437500E+06
0.13956284935904E+01     0.23085564062500E+06
0.14054469304814E+01     0.23883145312500E+06
0.14152653673725E+01     0.24663796875000E+06
0.14250838042635E+01     0.25430915625000E+06
0.14349022411546E+01     0.26188835937500E+06
0.14447206780456E+01     0.26942775000000E+06
0.14545391149367E+01     0.27698318750000E+06
0.14643575518277E+01     0.28460431250000E+06
0.14741759887188E+01     0.29226303125000E+06
0.14839944256098E+01     0.29991653125000E+06
0.14938128625009E+01     0.30755959375000E+06
0.15036312993919E+01     0.31518678125000E+06
0.15134497362830E+01     0.32279206250000E+06
0.15232681731740E+01     0.33036918750000E+06
0.15330866100651E+01     0.33791140625000E+06
0.15429050469561E+01     0.34541156250000E+06
0.15527234838471E+01     0.35286196875000E+06
0.15625419207382E+01     0.36025459375000E+06
0.15723603576292E+01     0.36758084375000E+06
0.15821787945203E+01     0.37483175000000E+06
0.15919972314113E+01     0.38199759375000E+06
0.16018156683024E+01     0.38906834375000E+06
0.16116341051934E+01     0.39603325000000E+06
0.16214525420845E+01     0.40288112500000E+06
0.16312709789755E+01     0.40960000000000E+06
0.16410894158666E+01     0.41617743750000E+06
0.16509078527576E+01     0.42260021875000E+06
0.16607262896487E+01     0.42885459375000E+06
0.16705447265397E+01     0.43492603125000E+06
0.16803631634308E+01     0.44079940625000E+06
0.16901816003218E+01     0.44645881250000E+06
0.17000000372128E+01     0.45188781250000E+06
0.17098184741039E+01     0.45706925000000E+06
0.17196369109949E+01     0.46198543750000E+06
0.17294553478860E+01     0.46661809375000E+06
0.17392737847770E+01     0.47094859375000E+06
0.17490922216681E+01     0.47495787500000E+06
0.17589106585591E+01     0.47862675000000E+06
0.17687290954502E+01     0.48193587500000E+06
0.17785475323412E+01     0.48486612500000E+06
0.17883659692323E+01     0.48739856250000E+06
0.17981844061233E+01     0.48951478125000E+06
0.18080028430144E+01     0.49119700000000E+06
0.18178212799054E+01     0.49242856250000E+06
0.18276397167965E+01     0.49319387500000E+06
0.18374581536875E+01     0.49347884375000E+06
0.18472765905785E+01     0.49327075000000E+06
0.18570950274696E+01     0.49255896875000E+06
0.18669134643606E+01     0.49133453125000E+06
0.18767319012517E+01     0.48959096875000E+06
0.18865503381427E+01     0.48732384375000E+06
0.18963687750338E+01     0.48453118750000E+06
0.19061872119248E+01     0.48121315625000E+06
0.19160056488159E+01     0.47737253125000E+06
0.19258240857069E+01     0.47301409375000E+06
0.19356425225980E+01     0.46814503125000E+06
0.19454609594890E+01     0.46277434375000E+06
0.19552793963801E+01     0.45691306250000E+06
0.19650978332711E+01     0.45057365625000E+06
0.19749162701621E+01     0.44377018750000E+06
0.19847347070532E+01     0.43651762500000E+06
0.19945531439442E+01     0.42883200000000E+06
0.20043715808353E+01     0.42072978125000E+06
0.20141900177263E+01     0.41222781250000E+06
0.20240084546174E+01     0.40334284375000E+06
0.20338268915084E+01     0.39409150000000E+06
0.20436453283995E+01     0.38448975000000E+06
0.20534637652905E+01     0.37455287500000E+06
0.20632822021816E+01     0.36429515625000E+06
0.20731006390726E+01     0.35372962500000E+06
0.20829190759637E+01     0.34286790625000E+06
0.20927375128547E+01     0.33172000000000E+06
0.21025559497458E+01     0.32029412500000E+06
0.21123743866368E+01     0.30859643750000E+06
0.21221928235278E+01     0.29663115625000E+06
0.21320112604189E+01     0.28438700000000E+06
0.21418296973099E+01     0.27161225000000E+06
0.21516481342010E+01     0.25847456250000E+06
0.21614665710920E+01     0.24532396875000E+06
0.21712850079831E+01     0.23240448437500E+06
0.21811034448741E+01     0.21978310937500E+06
0.21909218817652E+01     0.20730179687500E+06
0.22007403186562E+01     0.19456175000000E+06
0.22105587555473E+01     0.18099317187500E+06
0.22203771924383E+01     0.16611829687500E+06
0.22301956293294E+01     0.92961812500000E+05
0.22400140662204E+01     0.81396070312500E+05
0.22498325031115E+01     0.69214437500000E+05
0.22596509400025E+01     0.56592730468750E+05
0.22694693768935E+01     0.43764898437500E+05
0.22792878137846E+01     0.31139189453125E+05
0.22891062506756E+01     0.19745894531250E+05
0.22989246875667E+01     0.14564684570313E+05
0.23087431244577E+01     0.00000000000000E+00
0.23185615613488E+01     0.00000000000000E+00
0.23283799982398E+01     0.00000000000000E+00
