0.10716200761859E+01     0.00000000000000E+00
0.10814385130769E+01     0.00000000000000E+00
0.10912569499680E+01     0.00000000000000E+00
0.11010753868590E+01     0.23972062988281E+04
0.11108938237501E+01     0.20558540039063E+04
0.11207122606411E+01     0.24155415039063E+04
0.11305306975321E+01     0.28992983398438E+04
0.11403491344232E+01     0.35138620605469E+04
0.11501675713142E+01     0.42361909179688E+04
0.11599860082053E+01     0.50442939453125E+04
0.11698044450963E+01     0.59314912109375E+04
0.11796228819874E+01     0.68923979492188E+04
0.11894413188784E+01     0.79238417968750E+04
0.11992597557695E+01     0.90241552734375E+04
0.12090781926605E+01     0.10191792968750E+05
0.12188966295516E+01     0.11425906250000E+05
0.12287150664426E+01     0.12725434570313E+05
0.12385335033337E+01     0.14089732421875E+05
0.12483519402247E+01     0.15517700195313E+05
0.12581703771157E+01     0.17008488281250E+05
0.12679888140068E+01     0.18560761718750E+05
0.12778072508978E+01     0.20173792968750E+05
0.12876256877889E+01     0.21814011718750E+05
0.12974441246799E+01     0.23565470703125E+05
0.13072625615710E+01     0.25345308593750E+05
0.13170809984620E+01     0.27249259765625E+05
0.13268994353531E+01     0.29298642578125E+05
0.13367178722441E+01     0.31393259765625E+05
0.13465363091352E+01     0.33505972656250E+05
0.13563547460262E+01     0.35626871093750E+05
0.13661731829173E+01     0.37751070312500E+05
0.13759916198083E+01     0.39875851562500E+05
0.13858100566994E+01     0.41999589843750E+05
0.13956284935904E+01     0.44121363281250E+05
0.14054469304814E+01     0.46240695312500E+05
0.14152653673725E+01     0.48357140625000E+05
0.14250838042635E+01     0.50470058593750E+05
0.14349022411546E+01     0.52577785156250E+05
0.14447206780456E+01     0.54676273437500E+05
0.14545391149367E+01     0.56756621093750E+05
0.14643575518277E+01     0.58802457031250E+05
0.14741759887188E+01     0.60809609375000E+05
0.14839944256098E+01     0.62781628906250E+05
0.14938128625009E+01     0.64707742187500E+05
0.15036312993919E+01     0.66576554687500E+05
0.15134497362830E+01     0.68375671875000E+05
0.15232681731740E+01     0.70091906250000E+05
0.15330866100651E+01     0.71711000000000E+05
0.15429050469561E+01     0.73218093750000E+05
0.15527234838471E+01     0.74597445312500E+05
0.15625419207382E+01     0.75832703125000E+05
0.15723603576292E+01     0.76906687500000E+05
0.15821787945203E+01     0.77801585937500E+05
0.15919972314113E+01     0.78498945312500E+05
0.16018156683024E+01     0.78980257812500E+05
0.16116341051934E+01     0.79226750000000E+05
0.16214525420845E+01     0.79219468750000E+05
0.16312709789755E+01     0.78939445312500E+05
0.16410894158666E+01     0.78368398437500E+05
0.16509078527576E+01     0.77488585937500E+05
0.16607262896487E+01     0.76282976562500E+05
0.16705447265397E+01     0.74736000000000E+05
0.16803631634308E+01     0.72833445312500E+05
0.16901816003218E+01     0.70562960937500E+05
0.17000000372128E+01     0.67914679687500E+05
0.17098184741039E+01     0.64881011718750E+05
0.17196369109949E+01     0.61457335937500E+05
0.17294553478860E+01     0.57642726562500E+05
0.17392737847770E+01     0.53439738281250E+05
0.17490922216681E+01     0.48854968750000E+05
0.17589106585591E+01     0.43899187500000E+05
0.17687290954502E+01     0.38587902343750E+05
0.17785475323412E+01     0.32941312500000E+05
0.17883659692323E+01     0.26983796875000E+05
0.17981844061233E+01     0.20744539062500E+05
0.18080028430144E+01     0.14258208984375E+05
0.18178212799054E+01     0.75633095703125E+04
0.18276397167965E+01     0.70199334716797E+03
0.18374581536875E+01     0.62804682617188E+04
0.18472765905785E+01     0.13335924804688E+05
0.18570950274696E+01     0.20413939453125E+05
0.18669134643606E+01     0.27462306640625E+05
0.18767319012517E+01     0.34427757812500E+05
0.18865503381427E+01     0.41258292968750E+05
0.18963687750338E+01     0.47903449218750E+05
0.19061872119248E+01     0.54314074218750E+05
0.19160056488159E+01     0.60444121093750E+05
0.19258240857069E+01     0.66251210937500E+05
0.19356425225980E+01     0.71697031250000E+05
0.19454609594890E+01     0.76748398437500E+05
0.19552793963801E+01     0.81377117187500E+05
0.19650978332711E+01     0.85560312500000E+05
0.19749162701621E+01     0.89280531250000E+05
0.19847347070532E+01     0.92525687500000E+05
0.19945531439442E+01     0.95289226562500E+05
0.20043715808353E+01     0.97569554687500E+05
0.20141900177263E+01     0.99369507812500E+05
0.20240084546174E+01     0.10069622656250E+06
0.20338268915084E+01     0.10156056250000E+06
0.20436453283995E+01     0.10197645312500E+06
0.20534637652905E+01     0.10196005468750E+06
0.20632822021816E+01     0.10152996093750E+06
0.20731006390726E+01     0.10070594531250E+06
0.20829190759637E+01     0.99508804687500E+05
0.20927375128547E+01     0.97959406250000E+05
0.21025559497458E+01     0.96078992187500E+05
0.21123743866368E+01     0.93887789062500E+05
0.21221928235278E+01     0.91405562500000E+05
0.21320112604189E+01     0.88639898437500E+05
0.21418296973099E+01     0.85508140625000E+05
0.21516481342010E+01     0.82086257812500E+05
0.21614665710920E+01     0.78525609375000E+05
0.21712850079831E+01     0.74931414062500E+05
0.21811034448741E+01     0.71343875000000E+05
0.21909218817652E+01     0.67723117187500E+05
0.22007403186562E+01     0.63946472656250E+05
0.22105587555473E+01     0.59830210937500E+05
0.22203771924383E+01     0.55214339843750E+05
0.22301956293294E+01     0.30992019531250E+05
0.22400140662204E+01     0.27229726562500E+05
0.22498325031115E+01     0.23228080078125E+05
0.22596509400025E+01     0.19049589843750E+05
0.22694693768935E+01     0.14774309570313E+05
0.22792878137846E+01     0.10541665039063E+05
0.22891062506756E+01     0.67034277343750E+04
0.22989246875667E+01     0.49589335937500E+04
0.23087431244577E+01     0.00000000000000E+00
0.23185615613488E+01     0.00000000000000E+00
0.23283799982398E+01     0.00000000000000E+00
