  -0.10996516547462041E+01
  -0.10824695976407945E+01
  -0.10652875405353850E+01
  -0.10481054834299754E+01
  -0.10309234263245659E+01
  -0.10137413692191564E+01
  -0.99655931211374693E+00
  -0.97937725500833750E+00
  -0.96219519790292807E+00
  -0.94501314079751864E+00
  -0.92783108369210920E+00
  -0.91064902658669977E+00
  -0.89346696948129034E+00
  -0.87628491237588091E+00
  -0.85910285527047148E+00
  -0.84192079816506205E+00
  -0.82473874105965261E+00
  -0.80755668395424318E+00
  -0.79037462684883375E+00
  -0.77319256974342432E+00
  -0.75601051263801489E+00
  -0.73882845553260545E+00
  -0.72164639842719602E+00
  -0.70446434132178659E+00
  -0.68728228421637716E+00
  -0.67010022711096773E+00
  -0.65291817000555830E+00
  -0.63573611290014886E+00
  -0.61855405579473943E+00
  -0.60137199868933000E+00
  -0.58418994158392057E+00
  -0.56700788447851114E+00
  -0.54982582737310171E+00
  -0.53264377026769227E+00
  -0.51546171316228284E+00
  -0.49827965605687341E+00
  -0.48109759895146398E+00
  -0.46391554184605455E+00
  -0.44673348474064511E+00
  -0.42955142763523568E+00
  -0.41236937052982625E+00
  -0.39518731342441682E+00
  -0.37800525631900739E+00
  -0.36082319921359796E+00
  -0.34364114210818852E+00
  -0.32645908500277909E+00
  -0.30927702789736966E+00
  -0.29209497079196023E+00
  -0.27491291368655080E+00
  -0.25773085658114137E+00
  -0.24054879947573193E+00
  -0.22336674237032250E+00
  -0.20618468526491307E+00
  -0.18900262815950364E+00
  -0.17182057105409421E+00
  -0.15463851394868477E+00
  -0.13745645684327534E+00
  -0.12027439973786591E+00
  -0.10309234263245648E+00
  -0.85910285527047048E-01
  -0.68728228421637616E-01
  -0.51546171316228184E-01
  -0.34364114210818753E-01
  -0.17182057105409317E-01
   0.11796119636642288E-15
   0.17182057105409553E-01
   0.34364114210818988E-01
   0.51546171316228420E-01
   0.68728228421637852E-01
   0.85910285527047284E-01
   0.10309234263245672E+00
   0.12027439973786615E+00
   0.13745645684327559E+00
   0.15463851394868502E+00
   0.17182057105409446E+00
   0.18900262815950389E+00
   0.20618468526491332E+00
   0.22336674237032275E+00
   0.24054879947573218E+00
   0.25773085658114164E+00
   0.27491291368655107E+00
   0.29209497079196051E+00
   0.30927702789736994E+00
   0.32645908500277937E+00
   0.34364114210818880E+00
   0.36082319921359823E+00
   0.37800525631900767E+00
   0.39518731342441710E+00
   0.41236937052982653E+00
   0.42955142763523596E+00
   0.44673348474064539E+00
   0.46391554184605482E+00
   0.48109759895146426E+00
   0.49827965605687369E+00
   0.51546171316228317E+00
   0.53264377026769261E+00
   0.54982582737310204E+00
   0.56700788447851147E+00
   0.58418994158392090E+00
   0.60137199868933033E+00
   0.61855405579473977E+00
   0.63573611290014920E+00
   0.65291817000555863E+00
   0.67010022711096806E+00
   0.68728228421637749E+00
   0.70446434132178692E+00
   0.72164639842719636E+00
   0.73882845553260579E+00
   0.75601051263801522E+00
   0.77319256974342465E+00
   0.79037462684883408E+00
   0.80755668395424351E+00
   0.82473874105965295E+00
   0.84192079816506238E+00
   0.85910285527047181E+00
   0.87628491237588124E+00
   0.89346696948129067E+00
   0.91064902658670011E+00
   0.92783108369210954E+00
   0.94501314079751897E+00
   0.96219519790292840E+00
   0.97937725500833783E+00
   0.99655931211374726E+00
   0.10137413692191568E+01
   0.10309234263245663E+01
   0.10481054834299759E+01
   0.10652875405353854E+01
   0.10824695976407950E+01
   0.10996516547462045E+01
