0.10716200761859E+01     0.00000000000000E+00
0.10814385130769E+01     0.00000000000000E+00
0.10912569499680E+01     0.00000000000000E+00
0.11010753868590E+01     0.31181657714844E+04
0.11108938237501E+01     0.33429094238281E+04
0.11207122606411E+01     0.59455839843750E+04
0.11305306975321E+01     0.93657285156250E+04
0.11403491344232E+01     0.13524203125000E+05
0.11501675713142E+01     0.18346484375000E+05
0.11599860082053E+01     0.23764265625000E+05
0.11698044450963E+01     0.29714710937500E+05
0.11796228819874E+01     0.36143535156250E+05
0.11894413188784E+01     0.43005210937500E+05
0.11992597557695E+01     0.50282390625000E+05
0.12090781926605E+01     0.57932363281250E+05
0.12188966295516E+01     0.65937945312500E+05
0.12287150664426E+01     0.74290250000000E+05
0.12385335033337E+01     0.82999343750000E+05
0.12483519402247E+01     0.92115812500000E+05
0.12581703771157E+01     0.10161498437500E+06
0.12679888140068E+01     0.11151620312500E+06
0.12778072508978E+01     0.12195228906250E+06
0.12876256877889E+01     0.13282573437500E+06
0.12974441246799E+01     0.14414648437500E+06
0.13072625615710E+01     0.15601789062500E+06
0.13170809984620E+01     0.16419506250000E+06
0.13268994353531E+01     0.17203403125000E+06
0.13367178722441E+01     0.18073685937500E+06
0.13465363091352E+01     0.19021050000000E+06
0.13563547460262E+01     0.20032003125000E+06
0.13661731829173E+01     0.21114831250000E+06
0.13759916198083E+01     0.22268142187500E+06
0.13858100566994E+01     0.23529453125000E+06
0.13956284935904E+01     0.24918009375000E+06
0.14054469304814E+01     0.26494215625000E+06
0.14152653673725E+01     0.28329856250000E+06
0.14250838042635E+01     0.30511703125000E+06
0.14349022411546E+01     0.33170912500000E+06
0.14447206780456E+01     0.36470981250000E+06
0.14545391149367E+01     0.40615312500000E+06
0.14643575518277E+01     0.45717115625000E+06
0.14741759887188E+01     0.49122778125000E+06
0.14839944256098E+01     0.52709550000000E+06
0.14938128625009E+01     0.56494481250000E+06
0.15036312993919E+01     0.60482218750000E+06
0.15134497362830E+01     0.64676387500000E+06
0.15232681731740E+01     0.69086075000000E+06
0.15330866100651E+01     0.73711468750000E+06
0.15429050469561E+01     0.78547412500000E+06
0.15527234838471E+01     0.83592087500000E+06
0.15625419207382E+01     0.88841843750000E+06
0.15723603576292E+01     0.94290793750000E+06
0.15821787945203E+01     0.99945168750000E+06
0.15919972314113E+01     0.10578200000000E+07
0.16018156683024E+01     0.11178733750000E+07
0.16116341051934E+01     0.11794452500000E+07
0.16214525420845E+01     0.12424743750000E+07
0.16312709789755E+01     0.13067050000000E+07
0.16410894158666E+01     0.13717785000000E+07
0.16509078527576E+01     0.14375590000000E+07
0.16607262896487E+01     0.15037037500000E+07
0.16705447265397E+01     0.15697667500000E+07
0.16803631634308E+01     0.16355725000000E+07
0.16901816003218E+01     0.17005265000000E+07
0.17000000372128E+01     0.17642598750000E+07
0.17098184741039E+01     0.18264347500000E+07
0.17196369109949E+01     0.18864116250000E+07
0.17294553478860E+01     0.19437405000000E+07
0.17392737847770E+01     0.19979492500000E+07
0.17490922216681E+01     0.20485421250000E+07
0.17589106585591E+01     0.20950096250000E+07
0.17687290954502E+01     0.21368110000000E+07
0.17785475323412E+01     0.21734520000000E+07
0.17883659692323E+01     0.22048237500000E+07
0.17981844061233E+01     0.22300757500000E+07
0.18080028430144E+01     0.22489367500000E+07
0.18178212799054E+01     0.22612167500000E+07
0.18276397167965E+01     0.22667415000000E+07
0.18374581536875E+01     0.22653860000000E+07
0.18472765905785E+01     0.22570197500000E+07
0.18570950274696E+01     0.22415692500000E+07
0.18669134643606E+01     0.22189887500000E+07
0.18767319012517E+01     0.21892765000000E+07
0.18865503381427E+01     0.21531932500000E+07
0.18963687750338E+01     0.21106382500000E+07
0.19061872119248E+01     0.20620488750000E+07
0.19160056488159E+01     0.20078925000000E+07
0.19258240857069E+01     0.19486392500000E+07
0.19356425225980E+01     0.18847791250000E+07
0.19454609594890E+01     0.18170605000000E+07
0.19552793963801E+01     0.17458860000000E+07
0.19650978332711E+01     0.16720120000000E+07
0.19749162701621E+01     0.15959172500000E+07
0.19847347070532E+01     0.15183205000000E+07
0.19945531439442E+01     0.14398586250000E+07
0.20043715808353E+01     0.13610292500000E+07
0.20141900177263E+01     0.12823858750000E+07
0.20240084546174E+01     0.12044728750000E+07
0.20338268915084E+01     0.11277927500000E+07
0.20436453283995E+01     0.10526826250000E+07
0.20534637652905E+01     0.97948512500000E+06
0.20632822021816E+01     0.90868731250000E+06
0.20731006390726E+01     0.84038250000000E+06
0.20829190759637E+01     0.77490962500000E+06
0.20927375128547E+01     0.71232700000000E+06
0.21025559497458E+01     0.65290018750000E+06
0.21123743866368E+01     0.59656287500000E+06
0.21221928235278E+01     0.54335275000000E+06
0.21320112604189E+01     0.48838071875000E+06
0.21418296973099E+01     0.42953406250000E+06
0.21516481342010E+01     0.38156353125000E+06
0.21614665710920E+01     0.34177353125000E+06
0.21712850079831E+01     0.30820131250000E+06
0.21811034448741E+01     0.27935553125000E+06
0.21909218817652E+01     0.25418492187500E+06
0.22007403186562E+01     0.23196112500000E+06
0.22105587555473E+01     0.21175326562500E+06
0.22203771924383E+01     0.17070573437500E+06
0.22301956293294E+01     0.10540626562500E+06
0.22400140662204E+01     0.10739038281250E+06
0.22498325031115E+01     0.85465656250000E+05
0.22596509400025E+01     0.64275207031250E+05
0.22694693768935E+01     0.44305222656250E+05
0.22792878137846E+01     0.26254681640625E+05
0.22891062506756E+01     0.11413785156250E+05
0.22989246875667E+01     0.34589833984375E+04
0.23087431244577E+01     0.00000000000000E+00
0.23185615613488E+01     0.00000000000000E+00
0.23283799982398E+01     0.00000000000000E+00
