0.10716200761859E+01     0.00000000000000E+00
0.10814385130769E+01     0.00000000000000E+00
0.10912569499680E+01     0.00000000000000E+00
0.11010753868590E+01     0.17069648437500E+04
0.11108938237501E+01     0.33356843261719E+04
0.11207122606411E+01     0.59237812500000E+04
0.11305306975321E+01     0.93253837890625E+04
0.11403491344232E+01     0.13461942382813E+05
0.11501675713142E+01     0.18259974609375E+05
0.11599860082053E+01     0.23652429687500E+05
0.11698044450963E+01     0.29577882812500E+05
0.11796228819874E+01     0.35983636718750E+05
0.11894413188784E+01     0.42825855468750E+05
0.11992597557695E+01     0.50089156250000E+05
0.12090781926605E+01     0.57732496093750E+05
0.12188966295516E+01     0.65740492187500E+05
0.12287150664426E+01     0.74105906250000E+05
0.12385335033337E+01     0.82840335937500E+05
0.12483519402247E+01     0.91995984375000E+05
0.12581703771157E+01     0.10154875781250E+06
0.12679888140068E+01     0.11151902343750E+06
0.12778072508978E+01     0.12200460937500E+06
0.12876256877889E+01     0.13300265625000E+06
0.12974441246799E+01     0.14446870312500E+06
0.13072625615710E+01     0.15657281250000E+06
0.13170809984620E+01     0.16523512500000E+06
0.13268994353531E+01     0.17353987500000E+06
0.13367178722441E+01     0.18250703125000E+06
0.13465363091352E+01     0.19214695312500E+06
0.13563547460262E+01     0.20234757812500E+06
0.13661731829173E+01     0.21319960937500E+06
0.13759916198083E+01     0.22469023437500E+06
0.13858100566994E+01     0.23720053125000E+06
0.13956284935904E+01     0.25092303125000E+06
0.14054469304814E+01     0.26646746875000E+06
0.14152653673725E+01     0.28455643750000E+06
0.14250838042635E+01     0.30605993750000E+06
0.14349022411546E+01     0.33229271875000E+06
0.14447206780456E+01     0.36488206250000E+06
0.14545391149367E+01     0.40583153125000E+06
0.14643575518277E+01     0.45647159375000E+06
0.14741759887188E+01     0.48996862500000E+06
0.14839944256098E+01     0.52540137500000E+06
0.14938128625009E+01     0.56277000000000E+06
0.15036312993919E+01     0.60212243750000E+06
0.15134497362830E+01     0.64349700000000E+06
0.15232681731740E+01     0.68698993750000E+06
0.15330866100651E+01     0.73260768750000E+06
0.15429050469561E+01     0.78030381250000E+06
0.15527234838471E+01     0.83006793750000E+06
0.15625419207382E+01     0.88187306250000E+06
0.15723603576292E+01     0.93567156250000E+06
0.15821787945203E+01     0.99154175000000E+06
0.15919972314113E+01     0.10492648750000E+07
0.16018156683024E+01     0.11087157500000E+07
0.16116341051934E+01     0.11697437500000E+07
0.16214525420845E+01     0.12323067500000E+07
0.16312709789755E+01     0.12961637500000E+07
0.16410894158666E+01     0.13609687500000E+07
0.16509078527576E+01     0.14266025000000E+07
0.16607262896487E+01     0.14927331250000E+07
0.16705447265397E+01     0.15589211250000E+07
0.16803631634308E+01     0.16249986250000E+07
0.16901816003218E+01     0.16903686250000E+07
0.17000000372128E+01     0.17546583750000E+07
0.17098184741039E+01     0.18175208750000E+07
0.17196369109949E+01     0.18782995000000E+07
0.17294553478860E+01     0.19365233750000E+07
0.17392737847770E+01     0.19916943750000E+07
0.17490922216681E+01     0.20432862500000E+07
0.17589106585591E+01     0.20907555000000E+07
0.17687290954502E+01     0.21335252500000E+07
0.17785475323412E+01     0.21710652500000E+07
0.17883659692323E+01     0.22032322500000E+07
0.17981844061233E+01     0.22291437500000E+07
0.18080028430144E+01     0.22485015000000E+07
0.18178212799054E+01     0.22610960000000E+07
0.18276397167965E+01     0.22667405000000E+07
0.18374581536875E+01     0.22653070000000E+07
0.18472765905785E+01     0.22566715000000E+07
0.18570950274696E+01     0.22407755000000E+07
0.18669134643606E+01     0.22175977500000E+07
0.18767319012517E+01     0.21871685000000E+07
0.18865503381427E+01     0.21502865000000E+07
0.18963687750338E+01     0.21068927500000E+07
0.19061872119248E+01     0.20574687500000E+07
0.19160056488159E+01     0.20025256250000E+07
0.19258240857069E+01     0.19425748750000E+07
0.19356425225980E+01     0.18781428750000E+07
0.19454609594890E+01     0.18100111250000E+07
0.19552793963801E+01     0.17386036250000E+07
0.19650978332711E+01     0.16646948750000E+07
0.19749162701621E+01     0.15887676250000E+07
0.19847347070532E+01     0.15115426250000E+07
0.19945531439442E+01     0.14336491250000E+07
0.20043715808353E+01     0.13555672500000E+07
0.20141900177263E+01     0.12778295000000E+07
0.20240084546174E+01     0.12009555000000E+07
0.20338268915084E+01     0.11254201250000E+07
0.20436453283995E+01     0.10515273750000E+07
0.20534637652905E+01     0.97958737500000E+06
0.20632822021816E+01     0.91006218750000E+06
0.20731006390726E+01     0.84300931250000E+06
0.20829190759637E+01     0.77874531250000E+06
0.20927375128547E+01     0.71729906250000E+06
0.21025559497458E+01     0.65892206250000E+06
0.21123743866368E+01     0.60352281250000E+06
0.21221928235278E+01     0.55118625000000E+06
0.21320112604189E+01     0.49790087500000E+06
0.21418296973099E+01     0.44065940625000E+06
0.21516481342010E+01     0.39265850000000E+06
0.21614665710920E+01     0.35121278125000E+06
0.21712850079831E+01     0.31544165625000E+06
0.21811034448741E+01     0.28483846875000E+06
0.21909218817652E+01     0.25909320312500E+06
0.22007403186562E+01     0.23780682812500E+06
0.22105587555473E+01     0.21966040625000E+06
0.22203771924383E+01     0.19864659375000E+06
0.22301956293294E+01     0.12592319531250E+06
0.22400140662204E+01     0.10452294531250E+06
0.22498325031115E+01     0.83181335937500E+05
0.22596509400025E+01     0.62481164062500E+05
0.22694693768935E+01     0.42961886718750E+05
0.22792878137846E+01     0.25353646484375E+05
0.22891062506756E+01     0.10929759765625E+05
0.22989246875667E+01     0.25765693359375E+04
0.23087431244577E+01     0.00000000000000E+00
0.23185615613488E+01     0.00000000000000E+00
0.23283799982398E+01     0.00000000000000E+00
