0.10716200761859E+01     0.00000000000000E+00
0.10814385130769E+01     0.00000000000000E+00
0.10912569499680E+01     0.00000000000000E+00
0.11010753868590E+01     0.18733621826172E+04
0.11108938237501E+01     0.24148073730469E+04
0.11207122606411E+01     0.55095234375000E+04
0.11305306975321E+01     0.68907216796875E+04
0.11403491344232E+01     0.12688319335938E+05
0.11501675713142E+01     0.14750913085938E+05
0.11599860082053E+01     0.22581394531250E+05
0.11698044450963E+01     0.25567585937500E+05
0.11796228819874E+01     0.34693675781250E+05
0.11894413188784E+01     0.38842750000000E+05
0.11992597557695E+01     0.48642531250000E+05
0.12090781926605E+01     0.54130406250000E+05
0.12188966295516E+01     0.64173531250000E+05
0.12287150664426E+01     0.71030429687500E+05
0.12385335033337E+01     0.81172289062500E+05
0.12483519402247E+01     0.89433820312500E+05
0.12581703771157E+01     0.99804210937500E+05
0.12679888140068E+01     0.10938964843750E+06
0.12778072508978E+01     0.12020535156250E+06
0.12876256877889E+01     0.13122854687500E+06
0.12974441246799E+01     0.14281471875000E+06
0.13072625615710E+01     0.15529720312500E+06
0.13170809984620E+01     0.16456604687500E+06
0.13268994353531E+01     0.17412259375000E+06
0.13367178722441E+01     0.18351698437500E+06
0.13465363091352E+01     0.19426909375000E+06
0.13563547460262E+01     0.20465667187500E+06
0.13661731829173E+01     0.21644923437500E+06
0.13759916198083E+01     0.22776734375000E+06
0.13858100566994E+01     0.24086492187500E+06
0.13956284935904E+01     0.25394143750000E+06
0.14054469304814E+01     0.26964875000000E+06
0.14152653673725E+01     0.28667862500000E+06
0.14250838042635E+01     0.30808803125000E+06
0.14349022411546E+01     0.33318209375000E+06
0.14447206780456E+01     0.36583025000000E+06
0.14545391149367E+01     0.40601150000000E+06
0.14643575518277E+01     0.45709606250000E+06
0.14741759887188E+01     0.49008925000000E+06
0.14839944256098E+01     0.52597181250000E+06
0.14938128625009E+01     0.56287818750000E+06
0.15036312993919E+01     0.60262443750000E+06
0.15134497362830E+01     0.64359037500000E+06
0.15232681731740E+01     0.68741631250000E+06
0.15330866100651E+01     0.73268568750000E+06
0.15429050469561E+01     0.78065543750000E+06
0.15527234838471E+01     0.83013143750000E+06
0.15625419207382E+01     0.88215731250000E+06
0.15723603576292E+01     0.93572256250000E+06
0.15821787945203E+01     0.99177025000000E+06
0.15919972314113E+01     0.10493060000000E+07
0.16018156683024E+01     0.11089021250000E+07
0.16116341051934E+01     0.11697778750000E+07
0.16214525420845E+01     0.12324650000000E+07
0.16312709789755E+01     0.12961935000000E+07
0.16410894158666E+01     0.13611126250000E+07
0.16509078527576E+01     0.14266306250000E+07
0.16607262896487E+01     0.14928756250000E+07
0.16705447265397E+01     0.15589502500000E+07
0.16803631634308E+01     0.16251517500000E+07
0.16901816003218E+01     0.16904010000000E+07
0.17000000372128E+01     0.17548330000000E+07
0.17098184741039E+01     0.18175585000000E+07
0.17196369109949E+01     0.18785045000000E+07
0.17294553478860E+01     0.19365678750000E+07
0.17392737847770E+01     0.19919361250000E+07
0.17490922216681E+01     0.20433386250000E+07
0.17589106585591E+01     0.20910370000000E+07
0.17687290954502E+01     0.21335857500000E+07
0.17785475323412E+01     0.21713860000000E+07
0.17883659692323E+01     0.22033002500000E+07
0.17981844061233E+01     0.22294995000000E+07
0.18080028430144E+01     0.22485757500000E+07
0.18178212799054E+01     0.22614792500000E+07
0.18276397167965E+01     0.22668195000000E+07
0.18374581536875E+01     0.22657082500000E+07
0.18472765905785E+01     0.22567530000000E+07
0.18570950274696E+01     0.22411835000000E+07
0.18669134643606E+01     0.22176797500000E+07
0.18767319012517E+01     0.21875722500000E+07
0.18865503381427E+01     0.21503665000000E+07
0.18963687750338E+01     0.21072825000000E+07
0.19061872119248E+01     0.20575450000000E+07
0.19160056488159E+01     0.20028931250000E+07
0.19258240857069E+01     0.19426460000000E+07
0.19356425225980E+01     0.18784830000000E+07
0.19454609594890E+01     0.18100763750000E+07
0.19552793963801E+01     0.17389133750000E+07
0.19650978332711E+01     0.16647537500000E+07
0.19749162701621E+01     0.15890457500000E+07
0.19847347070532E+01     0.15115952500000E+07
0.19945531439442E+01     0.14338943750000E+07
0.20043715808353E+01     0.13556130000000E+07
0.20141900177263E+01     0.12780383750000E+07
0.20240084546174E+01     0.12009933750000E+07
0.20338268915084E+01     0.11255822500000E+07
0.20436453283995E+01     0.10515541250000E+07
0.20534637652905E+01     0.97968062500000E+06
0.20632822021816E+01     0.91007187500000E+06
0.20731006390726E+01     0.84299337500000E+06
0.20829190759637E+01     0.77872775000000E+06
0.20927375128547E+01     0.71711200000000E+06
0.21025559497458E+01     0.65886256250000E+06
0.21123743866368E+01     0.60308300000000E+06
0.21221928235278E+01     0.55106700000000E+06
0.21320112604189E+01     0.49714128125000E+06
0.21418296973099E+01     0.44098450000000E+06
0.21516481342010E+01     0.39347912500000E+06
0.21614665710920E+01     0.35491606250000E+06
0.21712850079831E+01     0.31916003125000E+06
0.21811034448741E+01     0.28967437500000E+06
0.21909218817652E+01     0.26043921875000E+06
0.22007403186562E+01     0.23778815625000E+06
0.22105587555473E+01     0.21478793750000E+06
0.22203771924383E+01     0.19447921875000E+06
0.22301956293294E+01     0.11435187500000E+06
0.22400140662204E+01     0.90674421875000E+05
0.22498325031115E+01     0.70149156250000E+05
0.22596509400025E+01     0.53643238281250E+05
0.22694693768935E+01     0.35806671875000E+05
0.22792878137846E+01     0.21764015625000E+05
0.22891062506756E+01     0.90132558593750E+04
0.22989246875667E+01     0.22013522949219E+04
0.23087431244577E+01     0.00000000000000E+00
0.23185615613488E+01     0.00000000000000E+00
0.23283799982398E+01     0.00000000000000E+00
