0.10716200761859E+01     0.00000000000000E+00
0.10814385130769E+01     0.00000000000000E+00
0.10912569499680E+01     0.00000000000000E+00
0.11010753868590E+01     0.12599274414063E+05
0.11108938237501E+01     0.25570651245117E+03
0.11207122606411E+01     0.53538391113281E+03
0.11305306975321E+01     0.89870074462891E+03
0.11403491344232E+01     0.13374793701172E+04
0.11501675713142E+01     0.18404350585938E+04
0.11599860082053E+01     0.23954785156250E+04
0.11698044450963E+01     0.29902016601563E+04
0.11796228819874E+01     0.36119577636719E+04
0.11894413188784E+01     0.42485834960938E+04
0.11992597557695E+01     0.48885986328125E+04
0.12090781926605E+01     0.55215209960938E+04
0.12188966295516E+01     0.61383984375000E+04
0.12287150664426E+01     0.67322548828125E+04
0.12385335033337E+01     0.72991689453125E+04
0.12483519402247E+01     0.78377133789063E+04
0.12581703771157E+01     0.83482929687500E+04
0.12679888140068E+01     0.88315332031250E+04
0.12778072508978E+01     0.95191816406250E+04
0.12876256877889E+01     0.98250371093750E+04
0.12974441246799E+01     0.10096882812500E+05
0.13072625615710E+01     0.99578955078125E+04
0.13170809984620E+01     0.81157446289063E+04
0.13268994353531E+01     0.64599428710938E+04
0.13367178722441E+01     0.61062236328125E+04
0.13465363091352E+01     0.64256225585938E+04
0.13563547460262E+01     0.72587255859375E+04
0.13661731829173E+01     0.85545400390625E+04
0.13759916198083E+01     0.10292566406250E+05
0.13858100566994E+01     0.12465330078125E+05
0.13956284935904E+01     0.15081843750000E+05
0.14054469304814E+01     0.18163865234375E+05
0.14152653673725E+01     0.21753630859375E+05
0.14250838042635E+01     0.25924148437500E+05
0.14349022411546E+01     0.30792539062500E+05
0.14447206780456E+01     0.36564121093750E+05
0.14545391149367E+01     0.43594855468750E+05
0.14643575518277E+01     0.51056335937500E+05
0.14741759887188E+01     0.57588238281250E+05
0.14839944256098E+01     0.63700437500000E+05
0.14938128625009E+01     0.70207601562500E+05
0.15036312993919E+01     0.77099609375000E+05
0.15134497362830E+01     0.84359203125000E+05
0.15232681731740E+01     0.91960398437500E+05
0.15330866100651E+01     0.99869382812500E+05
0.15429050469561E+01     0.10804367187500E+06
0.15527234838471E+01     0.11642960156250E+06
0.15625419207382E+01     0.12496232031250E+06
0.15723603576292E+01     0.13356440625000E+06
0.15821787945203E+01     0.14214553125000E+06
0.15919972314113E+01     0.15060459375000E+06
0.16018156683024E+01     0.15882912500000E+06
0.16116341051934E+01     0.16669362500000E+06
0.16214525420845E+01     0.17405885937500E+06
0.16312709789755E+01     0.18077840625000E+06
0.16410894158666E+01     0.18670114062500E+06
0.16509078527576E+01     0.19166343750000E+06
0.16607262896487E+01     0.19550348437500E+06
0.16705447265397E+01     0.19805959375000E+06
0.16803631634308E+01     0.19917371875000E+06
0.16901816003218E+01     0.19869681250000E+06
0.17000000372128E+01     0.19649406250000E+06
0.17098184741039E+01     0.19245120312500E+06
0.17196369109949E+01     0.18647232812500E+06
0.17294553478860E+01     0.17849503125000E+06
0.17392737847770E+01     0.16848978125000E+06
0.17490922216681E+01     0.15646395312500E+06
0.17589106585591E+01     0.14246562500000E+06
0.17687290954502E+01     0.12658787500000E+06
0.17785475323412E+01     0.10896662500000E+06
0.17883659692323E+01     0.89782046875000E+05
0.17981844061233E+01     0.69251601562500E+05
0.18080028430144E+01     0.47636246093750E+05
0.18178212799054E+01     0.25236654296875E+05
0.18276397167965E+01     0.23734082031250E+04
0.18374581536875E+01     -.20618501953125E+05
0.18472765905785E+01     -.43394531250000E+05
0.18570950274696E+01     -.65606359375000E+05
0.18669134643606E+01     -.86907890625000E+05
0.18767319012517E+01     -.10697539062500E+06
0.18865503381427E+01     -.12552102343750E+06
0.18963687750338E+01     -.14228900000000E+06
0.19061872119248E+01     -.15706360937500E+06
0.19160056488159E+01     -.16967704687500E+06
0.19258240857069E+01     -.18001239062500E+06
0.19356425225980E+01     -.18800417187500E+06
0.19454609594890E+01     -.19364235937500E+06
0.19552793963801E+01     -.19696084375000E+06
0.19650978332711E+01     -.19804085937500E+06
0.19749162701621E+01     -.19700698437500E+06
0.19847347070532E+01     -.19401320312500E+06
0.19945531439442E+01     -.18924407812500E+06
0.20043715808353E+01     -.18290667187500E+06
0.20141900177263E+01     -.17522009375000E+06
0.20240084546174E+01     -.16641242187500E+06
0.20338268915084E+01     -.15671270312500E+06
0.20436453283995E+01     -.14634401562500E+06
0.20534637652905E+01     -.13552103125000E+06
0.20632822021816E+01     -.12444825781250E+06
0.20731006390726E+01     -.11331011718750E+06
0.20829190759637E+01     -.10227485156250E+06
0.20927375128547E+01     -.91490578125000E+05
0.21025559497458E+01     -.81083234375000E+05
0.21123743866368E+01     -.71160914062500E+05
0.21221928235278E+01     -.61619109375000E+05
0.21320112604189E+01     -.49032992187500E+05
0.21418296973099E+01     -.35833875000000E+05
0.21516481342010E+01     -.29070931640625E+05
0.21614665710920E+01     -.28239013671875E+05
0.21712850079831E+01     -.29790679687500E+05
0.21811034448741E+01     -.30626533203125E+05
0.21909218817652E+01     -.28490841796875E+05
0.22007403186562E+01     -.22410498046875E+05
0.22105587555473E+01     -.13436181640625E+05
0.22203771924383E+01     0.50084113281250E+05
0.22301956293294E+01     0.39932843750000E+05
0.22400140662204E+01     -.26573246093750E+05
0.22498325031115E+01     -.21181234375000E+05
0.22596509400025E+01     -.16161648437500E+05
0.22694693768935E+01     -.11450169921875E+05
0.22792878137846E+01     -.70836699218750E+04
0.22891062506756E+01     -.33377841796875E+04
0.22989246875667E+01     -.30438405761719E+04
0.23087431244577E+01     0.00000000000000E+00
0.23185615613488E+01     0.00000000000000E+00
0.23283799982398E+01     0.00000000000000E+00
