0.10716200761859E+01     0.00000000000000E+00
0.10814385130769E+01     0.00000000000000E+00
0.10912569499680E+01     0.00000000000000E+00
0.11010753868590E+01     0.31443033218384E+01
0.11108938237501E+01     0.27491776943207E+01
0.11207122606411E+01     0.24666583538055E+01
0.11305306975321E+01     0.22367694377899E+01
0.11403491344232E+01     0.20432004928589E+01
0.11501675713142E+01     0.18762068748474E+01
0.11599860082053E+01     0.17295035123825E+01
0.11698044450963E+01     0.15988631248474E+01
0.11796228819874E+01     0.14812783002853E+01
0.11894413188784E+01     0.13745819330215E+01
0.11992597557695E+01     0.12771291732788E+01
0.12090781926605E+01     0.11876806020737E+01
0.12188966295516E+01     0.11052509546280E+01
0.12287150664426E+01     0.10290729999542E+01
0.12385335033337E+01     0.95851510763168E+00
0.12483519402247E+01     0.89307093620300E+00
0.12581703771157E+01     0.83230972290039E+00
0.12679888140068E+01     0.77586454153061E+00
0.12778072508978E+01     0.72332990169525E+00
0.12876256877889E+01     0.67974084615707E+00
0.12974441246799E+01     0.63046216964722E+00
0.13072625615710E+01     0.58873605728149E+00
0.13170809984620E+01     0.54038703441620E+00
0.13268994353531E+01     0.48386654257774E+00
0.13367178722441E+01     0.43243300914764E+00
0.13465363091352E+01     0.38808140158653E+00
0.13563547460262E+01     0.35055023431778E+00
0.13661731829173E+01     0.31914481520653E+00
0.13759916198083E+01     0.29314538836479E+00
0.13858100566994E+01     0.27191591262817E+00
0.13956284935904E+01     0.25494080781937E+00
0.14054469304814E+01     0.24183891713619E+00
0.14152653673725E+01     0.23237486183643E+00
0.14250838042635E+01     0.22646644711494E+00
0.14349022411546E+01     0.22418597340584E+00
0.14447206780456E+01     0.22574312984943E+00
0.14545391149367E+01     0.23143763840199E+00
0.14643575518277E+01     0.24156811833382E+00
0.14741759887188E+01     0.25397208333015E+00
0.14839944256098E+01     0.26675790548325E+00
0.14938128625009E+01     0.27992030978203E+00
0.15036312993919E+01     0.29345238208771E+00
0.15134497362830E+01     0.30734470486641E+00
0.15232681731740E+01     0.32158583402634E+00
0.15330866100651E+01     0.33616158366203E+00
0.15429050469561E+01     0.35105517506599E+00
0.15527234838471E+01     0.36624687910080E+00
0.15625419207382E+01     0.38171404600143E+00
0.15723603576292E+01     0.39743062853813E+00
0.15821787945203E+01     0.41336753964424E+00
0.15919972314113E+01     0.42949190735817E+00
0.16018156683024E+01     0.44576746225357E+00
0.16116341051934E+01     0.46215432882309E+00
0.16214525420845E+01     0.47860905528069E+00
0.16312709789755E+01     0.49508443474770E+00
0.16410894158666E+01     0.51152980327606E+00
0.16509078527576E+01     0.52789109945297E+00
0.16607262896487E+01     0.54411101341248E+00
0.16705447265397E+01     0.56012922525406E+00
0.16803631634308E+01     0.57588279247284E+00
0.16901816003218E+01     0.59130632877350E+00
0.17000000372128E+01     0.60633265972137E+00
0.17098184741039E+01     0.62089329957962E+00
0.17196369109949E+01     0.63491874933243E+00
0.17294553478860E+01     0.64833933115005E+00
0.17392737847770E+01     0.66108584403992E+00
0.17490922216681E+01     0.67308998107910E+00
0.17589106585591E+01     0.68428540229797E+00
0.17687290954502E+01     0.69460791349411E+00
0.17785475323412E+01     0.70399671792984E+00
0.17883659692323E+01     0.71239453554153E+00
0.17981844061233E+01     0.71974867582321E+00
0.18080028430144E+01     0.72601091861725E+00
0.18178212799054E+01     0.73113918304443E+00
0.18276397167965E+01     0.73509663343430E+00
0.18374581536875E+01     0.73785316944122E+00
0.18472765905785E+01     0.73938447237015E+00
0.18570950274696E+01     0.73967331647873E+00
0.18669134643606E+01     0.73870861530304E+00
0.18767319012517E+01     0.73648649454117E+00
0.18865503381427E+01     0.73300939798355E+00
0.18963687750338E+01     0.72828638553619E+00
0.19061872119248E+01     0.72233217954636E+00
0.19160056488159E+01     0.71516799926758E+00
0.19258240857069E+01     0.70682007074356E+00
0.19356425225980E+01     0.69732010364532E+00
0.19454609594890E+01     0.68670427799225E+00
0.19552793963801E+01     0.67501330375671E+00
0.19650978332711E+01     0.66229152679443E+00
0.19749162701621E+01     0.64858692884445E+00
0.19847347070532E+01     0.63395023345947E+00
0.19945531439442E+01     0.61843490600586E+00
0.20043715808353E+01     0.60209631919861E+00
0.20141900177263E+01     0.58499181270599E+00
0.20240084546174E+01     0.56717985868454E+00
0.20338268915084E+01     0.54872018098831E+00
0.20436453283995E+01     0.52967292070389E+00
0.20534637652905E+01     0.51009875535965E+00
0.20632822021816E+01     0.49005860090256E+00
0.20731006390726E+01     0.46961316466331E+00
0.20829190759637E+01     0.44882303476334E+00
0.20927375128547E+01     0.42774829268456E+00
0.21025559497458E+01     0.40644872188568E+00
0.21123743866368E+01     0.38498330116272E+00
0.21221928235278E+01     0.36341086030006E+00
0.21320112604189E+01     0.34139043092728E+00
0.21418296973099E+01     0.30941215157509E+00
0.21516481342010E+01     0.26519435644150E+00
0.21614665710920E+01     0.21120400726795E+00
0.21712850079831E+01     0.14975787699223E+00
0.21811034448741E+01     0.83320520818234E-01
0.21909218817652E+01     0.15484051778913E-01
0.22007403186562E+01     0.47871932387352E-01
0.22105587555473E+01     0.98359249532223E-01
0.22203771924383E+01     0.12779657542706E+00
0.22301956293294E+01     0.13953574895859E+01
0.22400140662204E+01     0.14373755455017E+01
0.22498325031115E+01     0.15211495161057E+01
0.22596509400025E+01     0.16575438976288E+01
0.22694693768935E+01     0.18664178848267E+01
0.22792878137846E+01     0.21860241889954E+01
0.22891062506756E+01     0.27027506828308E+01
0.22989246875667E+01     0.40431971549988E+01
0.23087431244577E+01     0.00000000000000E+00
0.23185615613488E+01     0.00000000000000E+00
0.23283799982398E+01     0.00000000000000E+00
