0.10716200761859E+01     0.00000000000000E+00
0.10814385130769E+01     -.11049569584429E-02
0.10912569499680E+01     -.21613019052893E-02
0.11010753868590E+01     0.18684979295358E-03
0.11108938237501E+01     0.25879151653498E-02
0.11207122606411E+01     0.50423964858055E-02
0.11305306975321E+01     0.75512365438044E-02
0.11403491344232E+01     0.10115068405867E-01
0.11501675713142E+01     0.12734788469970E-01
0.11599860082053E+01     0.15410696156323E-01
0.11698044450963E+01     0.18143532797694E-01
0.11796228819874E+01     0.20933354273438E-01
0.11894413188784E+01     0.23780751973391E-01
0.11992597557695E+01     0.26685642078519E-01
0.12090781926605E+01     0.29648456722498E-01
0.12188966295516E+01     0.32669052481651E-01
0.12287150664426E+01     0.35747695714235E-01
0.12385335033337E+01     0.38884226232767E-01
0.12483519402247E+01     0.42078763246536E-01
0.12581703771157E+01     0.45331120491028E-01
0.12679888140068E+01     0.48641253262758E-01
0.12778072508978E+01     0.52008945494890E-01
0.12876256877889E+01     0.55434010922909E-01
0.12974441246799E+01     0.58916125446558E-01
0.13072625615710E+01     0.62454912811518E-01
0.13170809984620E+01     0.66049955785275E-01
0.13268994353531E+01     0.69701209664345E-01
0.13367178722441E+01     0.73408812284470E-01
0.13465363091352E+01     0.77172778546810E-01
0.13563547460262E+01     0.80993153154850E-01
0.13661731829173E+01     0.84869861602783E-01
0.13759916198083E+01     0.88802903890610E-01
0.13858100566994E+01     0.92792153358459E-01
0.13956284935904E+01     0.96837513148785E-01
0.14054469304814E+01     0.10093867033720E+00
0.14152653673725E+01     0.10509522259235E+00
0.14250838042635E+01     0.10930629074574E+00
0.14349022411546E+01     0.11357063055038E+00
0.14447206780456E+01     0.11788605898619E+00
0.14545391149367E+01     0.12224940955639E+00
0.14643575518277E+01     0.12665586173534E+00
0.14741759887188E+01     0.13109874725342E+00
0.14839944256098E+01     0.13557425141335E+00
0.14938128625009E+01     0.14007833600044E+00
0.15036312993919E+01     0.14460644125938E+00
0.15134497362830E+01     0.14915373921394E+00
0.15232681731740E+01     0.15371488034725E+00
0.15330866100651E+01     0.15828415751457E+00
0.15429050469561E+01     0.16285531222820E+00
0.15527234838471E+01     0.16742172837257E+00
0.15625419207382E+01     0.17197619378567E+00
0.15723603576292E+01     0.17651112377644E+00
0.15821787945203E+01     0.18101836740971E+00
0.15919972314113E+01     0.18548926711082E+00
0.16018156683024E+01     0.18991467356682E+00
0.16116341051934E+01     0.19428496062756E+00
0.16214525420845E+01     0.19859001040459E+00
0.16312709789755E+01     0.20281921327114E+00
0.16410894158666E+01     0.20696151256561E+00
0.16509078527576E+01     0.21100543439388E+00
0.16607262896487E+01     0.21493910253048E+00
0.16705447265397E+01     0.21875031292439E+00
0.16803631634308E+01     0.22242651879787E+00
0.16901816003218E+01     0.22595499455929E+00
0.17000000372128E+01     0.22932276129723E+00
0.17098184741039E+01     0.23251684010029E+00
0.17196369109949E+01     0.23552411794662E+00
0.17294553478860E+01     0.23833164572716E+00
0.17392737847770E+01     0.24092656373978E+00
0.17490922216681E+01     0.24329634010792E+00
0.17589106585591E+01     0.24542880058289E+00
0.17687290954502E+01     0.24731224775314E+00
0.17785475323412E+01     0.24893561005592E+00
0.17883659692323E+01     0.25028851628304E+00
0.17981844061233E+01     0.25136137008667E+00
0.18080028430144E+01     0.25214555859566E+00
0.18178212799054E+01     0.25263345241547E+00
0.18276397167965E+01     0.25281861424446E+00
0.18374581536875E+01     0.25269562005997E+00
0.18472765905785E+01     0.25226050615311E+00
0.18570950274696E+01     0.25151038169861E+00
0.18669134643606E+01     0.25044381618500E+00
0.18767319012517E+01     0.24906063079834E+00
0.18865503381427E+01     0.24736212193966E+00
0.18963687750338E+01     0.24535071849823E+00
0.19061872119248E+01     0.24303026497364E+00
0.19160056488159E+01     0.24040569365025E+00
0.19258240857069E+01     0.23748320341110E+00
0.19356425225980E+01     0.23426994681358E+00
0.19454609594890E+01     0.23077414929867E+00
0.19552793963801E+01     0.22700475156307E+00
0.19650978332711E+01     0.22297158837318E+00
0.19749162701621E+01     0.21868500113487E+00
0.19847347070532E+01     0.21415594220161E+00
0.19945531439442E+01     0.20939566195011E+00
0.20043715808353E+01     0.20441578328609E+00
0.20141900177263E+01     0.19922800362110E+00
0.20240084546174E+01     0.19384413957596E+00
0.20338268915084E+01     0.18827588856220E+00
0.20436453283995E+01     0.18253488838673E+00
0.20534637652905E+01     0.17663246393204E+00
0.20632822021816E+01     0.17057971656322E+00
0.20731006390726E+01     0.16438731551170E+00
0.20829190759637E+01     0.15806552767754E+00
0.20927375128547E+01     0.15162417292595E+00
0.21025559497458E+01     0.14507250487804E+00
0.21123743866368E+01     0.13841927051544E+00
0.21221928235278E+01     0.13167262077332E+00
0.21320112604189E+01     0.12484022229910E+00
0.21418296973099E+01     0.11793012171984E+00
0.21516481342010E+01     0.11095153540373E+00
0.21614665710920E+01     0.10391095280647E+00
0.21712850079831E+01     0.96813596785069E-01
0.21811034448741E+01     0.89663095772266E-01
0.21909218817652E+01     0.82462787628174E-01
0.22007403186562E+01     0.75214743614197E-01
0.22105587555473E+01     0.67920908331871E-01
0.22203771924383E+01     0.60581844300032E-01
0.22301956293294E+01     0.53199190646410E-01
0.22400140662204E+01     0.45789148658514E-01
0.22498325031115E+01     0.38354560732841E-01
0.22596509400025E+01     0.30895916745067E-01
0.22694693768935E+01     0.23414129391313E-01
0.22792878137846E+01     0.15909291803837E-01
0.22891062506756E+01     0.83814915269613E-02
0.22989246875667E+01     0.82975981058553E-03
0.23087431244577E+01     -.67481724545360E-02
0.23185615613488E+01     -.33757158089429E-02
0.23283799982398E+01     0.00000000000000E+00
