0.10716200761859E+01     0.00000000000000E+00
0.10814385130769E+01     -.10574826737866E-02
0.10912569499680E+01     -.21120184101164E-02
0.11010753868590E+01     0.23639264691155E-03
0.11108938237501E+01     0.26380855124444E-02
0.11207122606411E+01     0.50936592742801E-02
0.11305306975321E+01     0.76036704704165E-02
0.11403491344232E+01     0.10168955661356E-01
0.11501675713142E+01     0.12789929285645E-01
0.11599860082053E+01     0.15467382036150E-01
0.11698044450963E+01     0.18201485276222E-01
0.11796228819874E+01     0.20992903038859E-01
0.11894413188784E+01     0.23841621354222E-01
0.11992597557695E+01     0.26748156175017E-01
0.12090781926605E+01     0.29712395742536E-01
0.12188966295516E+01     0.32734695822001E-01
0.12287150664426E+01     0.35814899951220E-01
0.12385335033337E+01     0.38953211158514E-01
0.12483519402247E+01     0.42149461805820E-01
0.12581703771157E+01     0.45403689146042E-01
0.12679888140068E+01     0.48715703189373E-01
0.12778072508978E+01     0.52085384726524E-01
0.12876256877889E+01     0.55512487888336E-01
0.12974441246799E+01     0.58996722102165E-01
0.13072625615710E+01     0.62537729740143E-01
0.13170809984620E+01     0.66135041415691E-01
0.13268994353531E+01     0.69788709282875E-01
0.13367178722441E+01     0.73498792946339E-01
0.13465363091352E+01     0.77265389263630E-01
0.13563547460262E+01     0.81088460981846E-01
0.13661731829173E+01     0.84968060255051E-01
0.13759916198083E+01     0.88904060423374E-01
0.13858100566994E+01     0.92896468937397E-01
0.13956284935904E+01     0.96945077180862E-01
0.14054469304814E+01     0.10104969143867E+00
0.14152653673725E+01     0.10520979017019E+00
0.14250838042635E+01     0.10942462831736E+00
0.14349022411546E+01     0.11369282007217E+00
0.14447206780456E+01     0.11801228672266E+00
0.14545391149367E+01     0.12237971276045E+00
0.14643575518277E+01     0.12679034471512E+00
0.14741759887188E+01     0.13123743236065E+00
0.14839944256098E+01     0.13571731746197E+00
0.14938128625009E+01     0.14022584259510E+00
0.15036312993919E+01     0.14475856721401E+00
0.15134497362830E+01     0.14931055903435E+00
0.15232681731740E+01     0.15387654304504E+00
0.15330866100651E+01     0.15845073759556E+00
0.15429050469561E+01     0.16302697360516E+00
0.15527234838471E+01     0.16759851574898E+00
0.15625419207382E+01     0.17215824127197E+00
0.15723603576292E+01     0.17669849097729E+00
0.15821787945203E+01     0.18121114373207E+00
0.15919972314113E+01     0.18568751215935E+00
0.16018156683024E+01     0.19011844694614E+00
0.16116341051934E+01     0.19449429214001E+00
0.16214525420845E+01     0.19880492985249E+00
0.16312709789755E+01     0.20303972065449E+00
0.16410894158666E+01     0.20718759298325E+00
0.16509078527576E+01     0.21123704314232E+00
0.16607262896487E+01     0.21517620980740E+00
0.16705447265397E+01     0.21899281442165E+00
0.16803631634308E+01     0.22267434000969E+00
0.16901816003218E+01     0.22620797157288E+00
0.17000000372128E+01     0.22958077490330E+00
0.17098184741039E+01     0.23277966678143E+00
0.17196369109949E+01     0.23579156398773E+00
0.17294553478860E+01     0.23860344290733E+00
0.17392737847770E+01     0.24120247364044E+00
0.17490922216681E+01     0.24357602000237E+00
0.17589106585591E+01     0.24571195244789E+00
0.17687290954502E+01     0.24759848415852E+00
0.17785475323412E+01     0.24922455847263E+00
0.17883659692323E+01     0.25057974457741E+00
0.17981844061233E+01     0.25165444612503E+00
0.18080028430144E+01     0.25244000554085E+00
0.18178212799054E+01     0.25292882323265E+00
0.18276397167965E+01     0.25311434268951E+00
0.18374581536875E+01     0.25299128890038E+00
0.18472765905785E+01     0.25255554914474E+00
0.18570950274696E+01     0.25180435180664E+00
0.18669134643606E+01     0.25073611736298E+00
0.18767319012517E+01     0.24935081601143E+00
0.18865503381427E+01     0.24764962494373E+00
0.18963687750338E+01     0.24563510715961E+00
0.19061872119248E+01     0.24331100285053E+00
0.19160056488159E+01     0.24068237841129E+00
0.19258240857069E+01     0.23775534331799E+00
0.19356425225980E+01     0.23453718423843E+00
0.19454609594890E+01     0.23103603720665E+00
0.19552793963801E+01     0.22726100683212E+00
0.19650978332711E+01     0.22322182357311E+00
0.19749162701621E+01     0.21892896294594E+00
0.19847347070532E+01     0.21439333260059E+00
0.19945531439442E+01     0.20962628722191E+00
0.20043715808353E+01     0.20463940501213E+00
0.20141900177263E+01     0.19944448769093E+00
0.20240084546174E+01     0.19405330717564E+00
0.20338268915084E+01     0.18847766518593E+00
0.20436453283995E+01     0.18272915482521E+00
0.20534637652905E+01     0.17681917548180E+00
0.20632822021816E+01     0.17075882852077E+00
0.20731006390726E+01     0.16455881297588E+00
0.20829190759637E+01     0.15822942554951E+00
0.20927375128547E+01     0.15178047120571E+00
0.21025559497458E+01     0.14522124826908E+00
0.21123743866368E+01     0.13856048882008E+00
0.21221928235278E+01     0.13180641829967E+00
0.21320112604189E+01     0.12496659159660E+00
0.21418296973099E+01     0.11804918199778E+00
0.21516481342010E+01     0.11106318235397E+00
0.21614665710920E+01     0.10401544719934E+00
0.21712850079831E+01     0.96910811960697E-01
0.21811034448741E+01     0.89753381907940E-01
0.21909218817652E+01     0.82545951008797E-01
0.22007403186562E+01     0.75291194021702E-01
0.22105587555473E+01     0.67990384995937E-01
0.22203771924383E+01     0.60644790530205E-01
0.22301956293294E+01     0.53255289793015E-01
0.22400140662204E+01     0.45838817954063E-01
0.22498325031115E+01     0.38397502154112E-01
0.22596509400025E+01     0.30932484194636E-01
0.22694693768935E+01     0.23444082587957E-01
0.22792878137846E+01     0.15932884067297E-01
0.22891062506756E+01     0.83986250683665E-02
0.22989246875667E+01     0.84066228009760E-03
0.23087431244577E+01     -.67431302741170E-02
0.23185615613488E+01     -.33715558238328E-02
0.23283799982398E+01     0.00000000000000E+00
