0.10716200761859E+01     0.00000000000000E+00
0.10814385130769E+01     0.00000000000000E+00
0.10912569499680E+01     0.00000000000000E+00
0.11010753868590E+01     0.15073458750000E+07
0.11108938237501E+01     0.14816847500000E+07
0.11207122606411E+01     0.14567208750000E+07
0.11305306975321E+01     0.14324342500000E+07
0.11403491344232E+01     0.14088028750000E+07
0.11501675713142E+01     0.13858063750000E+07
0.11599860082053E+01     0.13634235000000E+07
0.11698044450963E+01     0.13416347500000E+07
0.11796228819874E+01     0.13204208750000E+07
0.11894413188784E+01     0.12997635000000E+07
0.11992597557695E+01     0.12796455000000E+07
0.12090781926605E+01     0.12600496250000E+07
0.12188966295516E+01     0.12409607500000E+07
0.12287150664426E+01     0.12223628750000E+07
0.12385335033337E+01     0.12042423750000E+07
0.12483519402247E+01     0.11865845000000E+07
0.12581703771157E+01     0.11693768750000E+07
0.12679888140068E+01     0.11526061250000E+07
0.12778072508978E+01     0.11362606250000E+07
0.12876256877889E+01     0.11203282500000E+07
0.12974441246799E+01     0.11047983750000E+07
0.13072625615710E+01     0.10896597500000E+07
0.13170809984620E+01     0.10749037500000E+07
0.13268994353531E+01     0.10605191250000E+07
0.13367178722441E+01     0.10464978125000E+07
0.13465363091352E+01     0.10328313750000E+07
0.13563547460262E+01     0.10195117500000E+07
0.13661731829173E+01     0.10065308750000E+07
0.13759916198083E+01     0.99388125000000E+06
0.13858100566994E+01     0.98155543750000E+06
0.13956284935904E+01     0.96954631250000E+06
0.14054469304814E+01     0.95784718750000E+06
0.14152653673725E+01     0.94645118750000E+06
0.14250838042635E+01     0.93535168750000E+06
0.14349022411546E+01     0.92454212500000E+06
0.14447206780456E+01     0.91401531250000E+06
0.14545391149367E+01     0.90376368750000E+06
0.14643575518277E+01     0.89378087500000E+06
0.14741759887188E+01     0.88405743750000E+06
0.14839944256098E+01     0.87458512500000E+06
0.14938128625009E+01     0.86535681250000E+06
0.15036312993919E+01     0.85636562500000E+06
0.15134497362830E+01     0.84760437500000E+06
0.15232681731740E+01     0.83906581250000E+06
0.15330866100651E+01     0.83074225000000E+06
0.15429050469561E+01     0.82262631250000E+06
0.15527234838471E+01     0.81471000000000E+06
0.15625419207382E+01     0.80698543750000E+06
0.15723603576292E+01     0.79944431250000E+06
0.15821787945203E+01     0.79207800000000E+06
0.15919972314113E+01     0.78487750000000E+06
0.16018156683024E+01     0.77783368750000E+06
0.16116341051934E+01     0.77093731250000E+06
0.16214525420845E+01     0.76417862500000E+06
0.16312709789755E+01     0.75754737500000E+06
0.16410894158666E+01     0.75103350000000E+06
0.16509078527576E+01     0.74462643750000E+06
0.16607262896487E+01     0.73831543750000E+06
0.16705447265397E+01     0.73208968750000E+06
0.16803631634308E+01     0.72593812500000E+06
0.16901816003218E+01     0.71984975000000E+06
0.17000000372128E+01     0.71381362500000E+06
0.17098184741039E+01     0.70781881250000E+06
0.17196369109949E+01     0.70185462500000E+06
0.17294553478860E+01     0.69591068750000E+06
0.17392737847770E+01     0.68997706250000E+06
0.17490922216681E+01     0.68404431250000E+06
0.17589106585591E+01     0.67810368750000E+06
0.17687290954502E+01     0.67214712500000E+06
0.17785475323412E+01     0.66616750000000E+06
0.17883659692323E+01     0.66015856250000E+06
0.17981844061233E+01     0.65411525000000E+06
0.18080028430144E+01     0.64803337500000E+06
0.18178212799054E+01     0.64191031250000E+06
0.18276397167965E+01     0.63574437500000E+06
0.18374581536875E+01     0.62953543750000E+06
0.18472765905785E+01     0.62328437500000E+06
0.18570950274696E+01     0.61699343750000E+06
0.18669134643606E+01     0.61066587500000E+06
0.18767319012517E+01     0.60430637500000E+06
0.18865503381427E+01     0.59792037500000E+06
0.18963687750338E+01     0.59151450000000E+06
0.19061872119248E+01     0.58509587500000E+06
0.19160056488159E+01     0.57867237500000E+06
0.19258240857069E+01     0.57225250000000E+06
0.19356425225980E+01     0.56584487500000E+06
0.19454609594890E+01     0.55945856250000E+06
0.19552793963801E+01     0.55310256250000E+06
0.19650978332711E+01     0.54678575000000E+06
0.19749162701621E+01     0.54051687500000E+06
0.19847347070532E+01     0.53430418750000E+06
0.19945531439442E+01     0.52815568750000E+06
0.20043715808353E+01     0.52207893750000E+06
0.20141900177263E+01     0.51608065625000E+06
0.20240084546174E+01     0.51016712500000E+06
0.20338268915084E+01     0.50434393750000E+06
0.20436453283995E+01     0.49861606250000E+06
0.20534637652905E+01     0.49298746875000E+06
0.20632822021816E+01     0.48746187500000E+06
0.20731006390726E+01     0.48204209375000E+06
0.20829190759637E+01     0.47673043750000E+06
0.20927375128547E+01     0.47152843750000E+06
0.21025559497458E+01     0.46643740625000E+06
0.21123743866368E+01     0.46145781250000E+06
0.21221928235278E+01     0.45658993750000E+06
0.21320112604189E+01     0.45182846875000E+06
0.21418296973099E+01     0.44718562500000E+06
0.21516481342010E+01     0.44265131250000E+06
0.21614665710920E+01     0.43822543750000E+06
0.21712850079831E+01     0.43390725000000E+06
0.21811034448741E+01     0.42969687500000E+06
0.21909218817652E+01     0.42559325000000E+06
0.22007403186562E+01     0.42159550000000E+06
0.22105587555473E+01     0.41770078125000E+06
0.22203771924383E+01     0.41390462500000E+06
0.22301956293294E+01     0.40935875000000E+06
0.22400140662204E+01     0.40576496875000E+06
0.22498325031115E+01     0.40225953125000E+06
0.22596509400025E+01     0.39884987500000E+06
0.22694693768935E+01     0.39553475000000E+06
0.22792878137846E+01     0.39231196875000E+06
0.22891062506756E+01     0.38918068750000E+06
0.22989246875667E+01     0.38613950000000E+06
0.23087431244577E+01     0.00000000000000E+00
0.23185615613488E+01     0.00000000000000E+00
0.23283799982398E+01     0.00000000000000E+00
