0.10716200761859E+01     0.00000000000000E+00
0.10814385130769E+01     0.00000000000000E+00
0.10912569499680E+01     0.00000000000000E+00
0.11010753868590E+01     0.85331921582110E-04
0.11108938237501E+01     0.10223282733932E-02
0.11207122606411E+01     0.18584872595966E-02
0.11305306975321E+01     0.26254442054778E-02
0.11403491344232E+01     0.31688991002738E-02
0.11501675713142E+01     0.36133304238319E-02
0.11599860082053E+01     0.37899131421000E-02
0.11698044450963E+01     0.38683270104229E-02
0.11796228819874E+01     0.37169370334595E-02
0.11894413188784E+01     0.34931283444166E-02
0.11992597557695E+01     0.31296492088586E-02
0.12090781926605E+01     0.27299553621560E-02
0.12188966295516E+01     0.22897969465703E-02
0.12287150664426E+01     0.18457609694451E-02
0.12385335033337E+01     0.14359982451424E-02
0.12483519402247E+01     0.10425657965243E-02
0.12581703771157E+01     0.72064722189680E-03
0.12679888140068E+01     0.42229899554513E-03
0.12778072508978E+01     0.20034190674778E-03
0.12876256877889E+01     0.46043282964092E-07
0.12974441246799E+01     -.13774778926745E-03
0.13072625615710E+01     -.25994144380093E-03
0.13170809984620E+01     -.33916975371540E-03
0.13268994353531E+01     -.40929584065452E-03
0.13367178722441E+01     -.45347970444709E-03
0.13465363091352E+01     -.49353897338733E-03
0.13563547460262E+01     -.51890552276745E-03
0.13661731829173E+01     -.54321461357176E-03
0.13759916198083E+01     -.55844197049737E-03
0.13858100566994E+01     -.57410227600485E-03
0.13956284935904E+01     -.58215775061399E-03
0.14054469304814E+01     -.59110927395523E-03
0.14152653673725E+01     -.59163052355871E-03
0.14250838042635E+01     -.59305090690032E-03
0.14349022411546E+01     -.58456778060645E-03
0.14447206780456E+01     -.57693582493812E-03
0.14545391149367E+01     -.55855518439785E-03
0.14643575518277E+01     -.54115429520607E-03
0.14741759887188E+01     -.51375303883106E-03
0.14839944256098E+01     -.48820249503478E-03
0.14938128625009E+01     -.45462869456969E-03
0.15036312993919E+01     -.42374816257507E-03
0.15134497362830E+01     -.38757722359151E-03
0.15232681731740E+01     -.35492778988555E-03
0.15330866100651E+01     -.31974352896214E-03
0.15429050469561E+01     -.28871448012069E-03
0.15527234838471E+01     -.25730792549439E-03
0.15625419207382E+01     -.23040201631375E-03
0.15723603576292E+01     -.20442402455956E-03
0.15821787945203E+01     -.18303985416424E-03
0.15919972314113E+01     -.16310755745508E-03
0.16018156683024E+01     -.14770370034967E-03
0.16116341051934E+01     -.13375858543441E-03
0.16214525420845E+01     -.12422646977939E-03
0.16312709789755E+01     -.11589294445002E-03
0.16410894158666E+01     -.11185537005076E-03
0.16509078527576E+01     -.10866511729546E-03
0.16607262896487E+01     -.10967003618134E-03
0.16705447265397E+01     -.11109989281977E-03
0.16803631634308E+01     -.11661863391055E-03
0.16901816003218E+01     -.12204833910801E-03
0.17000000372128E+01     -.13142227544449E-03
0.17098184741039E+01     -.14005854609422E-03
0.17196369109949E+01     -.15243297093548E-03
0.17294553478860E+01     -.16326154582202E-03
0.17392737847770E+01     -.17754694272298E-03
0.17490922216681E+01     -.18936068227049E-03
0.17589106585591E+01     -.20430125005078E-03
0.17687290954502E+01     -.21579582244158E-03
0.17785475323412E+01     -.23006882111076E-03
0.17883659692323E+01     -.23996483650990E-03
0.17981844061233E+01     -.25230937171727E-03
0.18080028430144E+01     -.25950543931685E-03
0.18178212799054E+01     -.26888118009083E-03
0.18276397167965E+01     -.27258801856078E-03
0.18374581536875E+01     -.27830331237055E-03
0.18472765905785E+01     -.27814699569717E-03
0.18570950274696E+01     -.27993935509585E-03
0.18669134643606E+01     -.27598848100752E-03
0.18767319012517E+01     -.27403203421272E-03
0.18865503381427E+01     -.26675511617213E-03
0.18963687750338E+01     -.26160175912082E-03
0.19061872119248E+01     -.25176088092849E-03
0.19160056488159E+01     -.24421763373539E-03
0.19258240857069E+01     -.23271862301044E-03
0.19356425225980E+01     -.22369028010871E-03
0.19454609594890E+01     -.21140534954611E-03
0.19552793963801E+01     -.20171570940875E-03
0.19650978332711E+01     -.18928844656330E-03
0.19749162701621E+01     -.17948060121853E-03
0.19847347070532E+01     -.16708813200239E-03
0.19945531439442E+01     -.15717407222837E-03
0.20043715808353E+01     -.14421911328100E-03
0.20141900177263E+01     -.13334817776922E-03
0.20240084546174E+01     -.11805178655777E-03
0.20338268915084E+01     -.10408260277472E-03
0.20436453283995E+01     -.83070139226038E-04
0.20534637652905E+01     -.62185346905608E-04
0.20632822021816E+01     -.30333156246343E-04
0.20731006390726E+01     0.30176804557414E-05
0.20829190759637E+01     0.52072085964028E-04
0.20927375128547E+01     0.10442463099025E-03
0.21025559497458E+01     0.17663066682871E-03
0.21123743866368E+01     0.25355452089570E-03
0.21221928235278E+01     0.35159126855433E-03
0.21320112604189E+01     0.45459085959010E-03
0.21418296973099E+01     0.57403015671298E-03
0.21516481342010E+01     0.69657398853451E-03
0.21614665710920E+01     0.82399760140106E-03
0.21712850079831E+01     0.95073779812083E-03
0.21811034448741E+01     0.10635239304975E-02
0.21909218817652E+01     0.11700951727107E-02
0.22007403186562E+01     0.12401244603097E-02
0.22105587555473E+01     0.12980576138943E-02
0.22203771924383E+01     0.12989054666832E-02
0.22301956293294E+01     0.12807972962037E-02
0.22400140662204E+01     0.11963531142101E-02
0.22498325031115E+01     0.10939810890704E-02
0.22596509400025E+01     0.92589412815869E-03
0.22694693768935E+01     0.74337777914479E-03
0.22792878137846E+01     0.51410711603239E-03
0.22891062506756E+01     0.27797830989584E-03
0.22989246875667E+01     0.25705710868351E-04
0.23087431244577E+01     0.00000000000000E+00
0.23185615613488E+01     0.00000000000000E+00
0.23283799982398E+01     0.00000000000000E+00
