0.10716200761859E+01     0.00000000000000E+00
0.10814385130769E+01     0.00000000000000E+00
0.10912569499680E+01     0.00000000000000E+00
0.11010753868590E+01     0.75732823461294E-04
0.11108938237501E+01     0.10258316760883E-02
0.11207122606411E+01     0.19326861947775E-02
0.11305306975321E+01     0.26624808087945E-02
0.11403491344232E+01     0.33017750829458E-02
0.11501675713142E+01     0.36715592723340E-02
0.11599860082053E+01     0.39357393980026E-02
0.11698044450963E+01     0.39300331845880E-02
0.11796228819874E+01     0.38348452653736E-02
0.11894413188784E+01     0.35440437495708E-02
0.11992597557695E+01     0.31987437978387E-02
0.12090781926605E+01     0.27635744772851E-02
0.12188966295516E+01     0.23112203925848E-02
0.12287150664426E+01     0.18629566766322E-02
0.12385335033337E+01     0.14248964143917E-02
0.12483519402247E+01     0.10484363883734E-02
0.12581703771157E+01     0.69531891494989E-03
0.12679888140068E+01     0.42263502837159E-03
0.12778072508978E+01     0.17462490359321E-03
0.12876256877889E+01     -.84226741137172E-06
0.12974441246799E+01     -.15687724226154E-03
0.13072625615710E+01     -.25976239703596E-03
0.13170809984620E+01     -.35025726538152E-03
0.13268994353531E+01     -.40731104672886E-03
0.13367178722441E+01     -.45805185800418E-03
0.13465363091352E+01     -.48984278691933E-03
0.13563547460262E+01     -.51935960073024E-03
0.13661731829173E+01     -.53818244487047E-03
0.13759916198083E+01     -.55689940927550E-03
0.13858100566994E+01     -.56810252135620E-03
0.13956284935904E+01     -.58004201855510E-03
0.14054469304814E+01     -.58440514840186E-03
0.14152653673725E+01     -.58961793547496E-03
0.14250838042635E+01     -.58580149197951E-03
0.14349022411546E+01     -.58271171292290E-03
0.14447206780456E+01     -.56924676755443E-03
0.14545391149367E+01     -.55651768343523E-03
0.14643575518277E+01     -.53313310490921E-03
0.14741759887188E+01     -.51105790771544E-03
0.14839944256098E+01     -.47992783947848E-03
0.14938128625009E+01     -.45093457447365E-03
0.15036312993919E+01     -.41538651566952E-03
0.15134497362830E+01     -.38286877679639E-03
0.15232681731740E+01     -.34666995634325E-03
0.15330866100651E+01     -.31427794601768E-03
0.15429050469561E+01     -.28072085115127E-03
0.15527234838471E+01     -.25147205451503E-03
0.15625419207382E+01     -.22276135860011E-03
0.15723603576292E+01     -.19857149163727E-03
0.15821787945203E+01     -.17575168749318E-03
0.15919972314113E+01     -.15744914708193E-03
0.16018156683024E+01     -.14069554163143E-03
0.16116341051934E+01     -.12835884990636E-03
0.16214525420845E+01     -.11739182809833E-03
0.16312709789755E+01     -.11072072811658E-03
0.16410894158666E+01     -.10509217099752E-03
0.16509078527576E+01     -.10366917558713E-03
0.16607262896487E+01     -.10290674254065E-03
0.16705447265397E+01     -.10625874710968E-03
0.16803631634308E+01     -.10982378444169E-03
0.16901816003218E+01     -.11738778994186E-03
0.17000000372128E+01     -.12459943536669E-03
0.17098184741039E+01     -.13563908578362E-03
0.17196369109949E+01     -.14560714771505E-03
0.17294553478860E+01     -.15915332187433E-03
0.17392737847770E+01     -.17075412324630E-03
0.17490922216681E+01     -.18562217883300E-03
0.17589106585591E+01     -.19757705740631E-03
0.17687290954502E+01     -.21245201060083E-03
0.17785475323412E+01     -.22343943419401E-03
0.17883659692323E+01     -.23699493613094E-03
0.17981844061233E+01     -.24578763986938E-03
0.18080028430144E+01     -.25684351567179E-03
0.18178212799054E+01     -.26246777269989E-03
0.18276397167965E+01     -.27012993814424E-03
0.18374581536875E+01     -.27198807219975E-03
0.18472765905785E+01     -.27576796128415E-03
0.18570950274696E+01     -.27370767202228E-03
0.18669134643606E+01     -.27356628561392E-03
0.18767319012517E+01     -.26787191745825E-03
0.18865503381427E+01     -.26419223286211E-03
0.18963687750338E+01     -.25550823193043E-03
0.19061872119248E+01     -.24900023709051E-03
0.19160056488159E+01     -.23819698253646E-03
0.19258240857069E+01     -.22975407773629E-03
0.19356425225980E+01     -.21776146604680E-03
0.19454609594890E+01     -.20828896958847E-03
0.19552793963801E+01     -.19591290038079E-03
0.19650978332711E+01     -.18614510190673E-03
0.19749162701621E+01     -.17386322724633E-03
0.19847347070532E+01     -.16414742276538E-03
0.19945531439442E+01     -.15184335643426E-03
0.20043715808353E+01     -.14186302723829E-03
0.20141900177263E+01     -.12847849575337E-03
0.20240084546174E+01     -.11686828656821E-03
0.20338268915084E+01     -.99949364084750E-04
0.20436453283995E+01     -.83842758613173E-04
0.20534637652905E+01     -.59178750234423E-04
0.20632822021816E+01     -.33885597076733E-04
0.20731006390726E+01     0.44563339542947E-05
0.20829190759637E+01     0.45237007725518E-04
0.20927375128547E+01     0.10392522381153E-03
0.21025559497458E+01     0.16684991715010E-03
0.21123743866368E+01     0.25101713254116E-03
0.21221928235278E+01     0.34050998510793E-03
0.21320112604189E+01     0.45035756193101E-03
0.21418296973099E+01     0.56469457922503E-03
0.21516481342010E+01     0.69148623151705E-03
0.21614665710920E+01     0.82025548908860E-03
0.21712850079831E+01     0.94595644623041E-03
0.21811034448741E+01     0.10687774047256E-02
0.21909218817652E+01     0.11667346116155E-02
0.22007403186562E+01     0.12557344743982E-02
0.22105587555473E+01     0.12967537622899E-02
0.22203771924383E+01     0.13230977347121E-02
0.22301956293294E+01     0.12814356014133E-02
0.22400140662204E+01     0.12240927899256E-02
0.22498325031115E+01     0.10957324411720E-02
0.22596509400025E+01     0.95028901705518E-03
0.22694693768935E+01     0.74508588295430E-03
0.22792878137846E+01     0.52866974147037E-03
0.22891062506756E+01     0.27905203751288E-03
0.22989246875667E+01     0.27767977371695E-04
0.23087431244577E+01     0.00000000000000E+00
0.23185615613488E+01     0.00000000000000E+00
0.23283799982398E+01     0.00000000000000E+00
