0.10716200761859E+01     0.66227730499785E+19
0.10814385130769E+01     0.66227730499785E+19
0.10912569499680E+01     0.66227730499785E+19
0.11010753868590E+01     0.80487666511197E+18
0.11108938237501E+01     0.19993689863781E+19
0.11207122606411E+01     0.27996232358874E+19
0.11305306975321E+01     0.37883541193627E+19
0.11403491344232E+01     0.48593543111188E+19
0.11501675713142E+01     0.59977188315297E+19
0.11599860082053E+01     0.72198974740586E+19
0.11698044450963E+01     0.85177527531481E+19
0.11796228819874E+01     0.98899597572870E+19
0.11894413188784E+01     0.11333498677789E+20
0.11992597557695E+01     0.12844900555470E+20
0.12090781926605E+01     0.14420633758980E+20
0.12188966295516E+01     0.16057003929250E+20
0.12287150664426E+01     0.17749604223676E+20
0.12385335033337E+01     0.19493868370469E+20
0.12483519402247E+01     0.21284530808441E+20
0.12581703771157E+01     0.23116198433060E+20
0.12679888140068E+01     0.24983206560419E+20
0.12778072508978E+01     0.26881607943775E+20
0.12876256877889E+01     0.28679896594398E+20
0.12974441246799E+01     0.30710333931086E+20
0.13072625615710E+01     0.32648693766018E+20
0.13170809984620E+01     0.34858142590824E+20
0.13268994353531E+01     0.37404259677033E+20
0.13367178722441E+01     0.39898299494503E+20
0.13465363091352E+01     0.42237325764643E+20
0.13563547460262E+01     0.44387715421875E+20
0.13661731829173E+01     0.46338328214387E+20
0.13759916198083E+01     0.48088684755109E+20
0.13858100566994E+01     0.49645236978272E+20
0.13956284935904E+01     0.51019806832899E+20
0.14054469304814E+01     0.52229287215639E+20
0.14152653673725E+01     0.53295659562954E+20
0.14250838042635E+01     0.54246385277259E+20
0.14349022411546E+01     0.55114383736690E+20
0.14447206780456E+01     0.55937082317058E+20
0.14545391149367E+01     0.56753271788588E+20
0.14643575518277E+01     0.57597085390255E+20
0.14741759887188E+01     0.58455940310990E+20
0.14839944256098E+01     0.59306465331633E+20
0.14938128625009E+01     0.60148722024835E+20
0.15036312993919E+01     0.60982798351526E+20
0.15134497362830E+01     0.61808764680451E+20
0.15232681731740E+01     0.62626722166679E+20
0.15330866100651E+01     0.63436741178955E+20
0.15429050469561E+01     0.64238927270394E+20
0.15527234838471E+01     0.65033377198021E+20
0.15625419207382E+01     0.65820183320810E+20
0.15723603576292E+01     0.66599433599694E+20
0.15821787945203E+01     0.67371202801463E+20
0.15919972314113E+01     0.68135539304628E+20
0.16018156683024E+01     0.68892456303328E+20
0.16116341051934E+01     0.69641931807332E+20
0.16214525420845E+01     0.70383873457662E+20
0.16312709789755E+01     0.71118109730505E+20
0.16410894158666E+01     0.71844381141116E+20
0.16509078527576E+01     0.72562309457496E+20
0.16607262896487E+01     0.73271380108202E+20
0.16705447265397E+01     0.73970920192119E+20
0.16803631634308E+01     0.74660094080409E+20
0.16901816003218E+01     0.75337824251677E+20
0.17000000372128E+01     0.76002861660714E+20
0.17098184741039E+01     0.76653693379520E+20
0.17196369109949E+01     0.77288551393398E+20
0.17294553478860E+01     0.77905395008766E+20
0.17392737847770E+01     0.78501946037532E+20
0.17490922216681E+01     0.79075618428348E+20
0.17589106585591E+01     0.79623588635352E+20
0.17687290954502E+01     0.80142769229895E+20
0.17785475323412E+01     0.80629852881000E+20
0.17883659692323E+01     0.81081338743644E+20
0.17981844061233E+01     0.81493576439223E+20
0.18080028430144E+01     0.81862783647737E+20
0.18178212799054E+01     0.82185169253094E+20
0.18276397167965E+01     0.82456924547015E+20
0.18374581536875E+01     0.82674319986059E+20
0.18472765905785E+01     0.82833775560365E+20
0.18570950274696E+01     0.82931922366307E+20
0.18669134643606E+01     0.82965637790861E+20
0.18767319012517E+01     0.82932177453005E+20
0.18865503381427E+01     0.82829183999808E+20
0.18963687750338E+01     0.82654739882991E+20
0.19061872119248E+01     0.82407376155021E+20
0.19160056488159E+01     0.82086178022222E+20
0.19258240857069E+01     0.81690688087757E+20
0.19356425225980E+01     0.81220994312557E+20
0.19454609594890E+01     0.80677677238762E+20
0.19552793963801E+01     0.80061766009254E+20
0.19650978332711E+01     0.79374738367661E+20
0.19749162701621E+01     0.78618441493518E+20
0.19847347070532E+01     0.77795039225710E+20
0.19945531439442E+01     0.76906976878094E+20
0.20043715808353E+01     0.75956858094208E+20
0.20141900177263E+01     0.74947436051165E+20
0.20240084546174E+01     0.73881499110455E+20
0.20338268915084E+01     0.72761800449193E+20
0.20436453283995E+01     0.71591009681611E+20
0.20534637652905E+01     0.70371616102036E+20
0.20632822021816E+01     0.69105902296605E+20
0.20731006390726E+01     0.67795838590157E+20
0.20829190759637E+01     0.66443039065760E+20
0.20927375128547E+01     0.65048704390112E+20
0.21025559497458E+01     0.63613577833073E+20
0.21123743866368E+01     0.62137839714551E+20
0.21221928235278E+01     0.60621107404500E+20
0.21320112604189E+01     0.59054215373989E+20
0.21418296973099E+01     0.57274994454014E+20
0.21516481342010E+01     0.55379695892473E+20
0.21614665710920E+01     0.53592501314174E+20
0.21712850079831E+01     0.52088457368307E+20
0.21811034448741E+01     0.50946275893280E+20
0.21909218817652E+01     0.50107225375985E+20
0.22007403186562E+01     0.49333573810309E+20
0.22105587555473E+01     0.48214191808396E+20
0.22203771924383E+01     0.46333991740527E+20
0.22301956293294E+01     0.10396431096924E+20
0.22400140662204E+01     0.92771766383600E+19
0.22498325031115E+01     0.79705664979342E+19
0.22596509400025E+01     0.65219643263859E+19
0.22694693768935E+01     0.49855221708945E+19
0.22792878137846E+01     0.34298226189984E+19
0.22891062506756E+01     0.19420043036611E+19
0.22989246875667E+01     0.51941307253260E+18
0.23087431244577E+01     0.66227730499785E+19
0.23185615613488E+01     0.66227730499785E+19
0.23283799982398E+01     0.66227730499785E+19
