0.10716200761859E+01     0.22154500456395E-07
0.10814385130769E+01     0.22154500456395E-07
0.10912569499680E+01     0.22154500456395E-07
0.11010753868590E+01     0.25953885707253E-08
0.11108938237501E+01     0.66272680676605E-08
0.11207122606411E+01     0.93019929536808E-08
0.11305306975321E+01     0.12597709542206E-07
0.11403491344232E+01     0.16176027628489E-07
0.11501675713142E+01     0.19976777565489E-07
0.11599860082053E+01     0.24057914771447E-07
0.11698044450963E+01     0.28392875606187E-07
0.11796228819874E+01     0.32975869146412E-07
0.11894413188784E+01     0.37797850183097E-07
0.11992597557695E+01     0.42846043157851E-07
0.12090781926605E+01     0.48109637162952E-07
0.12188966295516E+01     0.53575043068577E-07
0.12287150664426E+01     0.59228081994434E-07
0.12385335033337E+01     0.65051999342813E-07
0.12483519402247E+01     0.71028544823548E-07
0.12581703771157E+01     0.77135936749073E-07
0.12679888140068E+01     0.83345931045642E-07
0.12778072508978E+01     0.89593193308701E-07
0.12876256877889E+01     0.94696837038555E-07
0.12974441246799E+01     0.10274424511181E-06
0.13072625615710E+01     0.10915175607806E-06
0.13170809984620E+01     0.11646542219523E-06
0.13268994353531E+01     0.12495607393248E-06
0.13367178722441E+01     0.13329578507637E-06
0.13465363091352E+01     0.14112531232513E-06
0.13563547460262E+01     0.14832777139873E-06
0.13661731829173E+01     0.15486379822960E-06
0.13759916198083E+01     0.16073094855074E-06
0.13858100566994E+01     0.16594997021002E-06
0.13956284935904E+01     0.17056002832305E-06
0.14054469304814E+01     0.17461690049458E-06
0.14152653673725E+01     0.17819370157213E-06
0.14250838042635E+01     0.18138149471270E-06
0.14349022411546E+01     0.18428980297358E-06
0.14447206780456E+01     0.18704312765294E-06
0.14545391149367E+01     0.18977104332407E-06
0.14643575518277E+01     0.19258835948222E-06
0.14741759887188E+01     0.19546055796127E-06
0.14839944256098E+01     0.19830480368910E-06
0.14938128625009E+01     0.20112138088280E-06
0.15036312993919E+01     0.20391047428348E-06
0.15134497362830E+01     0.20667243916250E-06
0.15232681731740E+01     0.20940750289355E-06
0.15330866100651E+01     0.21211597811543E-06
0.15429050469561E+01     0.21479814904524E-06
0.15527234838471E+01     0.21745435674347E-06
0.15625419207382E+01     0.22008491384895E-06
0.15723603576292E+01     0.22269011878961E-06
0.15821787945203E+01     0.22527017051743E-06
0.15919972314113E+01     0.22782526798437E-06
0.16018156683024E+01     0.23035542540129E-06
0.16116341051934E+01     0.23286055750305E-06
0.16214525420845E+01     0.23534035165085E-06
0.16312709789755E+01     0.23779423941050E-06
0.16410894158666E+01     0.24022133970902E-06
0.16509078527576E+01     0.24262035935863E-06
0.16607262896487E+01     0.24498959305674E-06
0.16705447265397E+01     0.24732679548833E-06
0.16803631634308E+01     0.24962909606074E-06
0.16901816003218E+01     0.25189305574713E-06
0.17000000372128E+01     0.25411432602596E-06
0.17098184741039E+01     0.25628793309807E-06
0.17196369109949E+01     0.25840796524790E-06
0.17294553478860E+01     0.26046765810861E-06
0.17392737847770E+01     0.26245930939695E-06
0.17490922216681E+01     0.26437439260008E-06
0.17589106585591E+01     0.26620341486705E-06
0.17687290954502E+01     0.26793614438247E-06
0.17785475323412E+01     0.26956149667967E-06
0.17883659692323E+01     0.27106784727948E-06
0.17981844061233E+01     0.27244300326856E-06
0.18080028430144E+01     0.27367440225134E-06
0.18178212799054E+01     0.27474933972371E-06
0.18276397167965E+01     0.27565516802497E-06
0.18374581536875E+01     0.27637943844638E-06
0.18472765905785E+01     0.27691027071342E-06
0.18570950274696E+01     0.27723632456400E-06
0.18669134643606E+01     0.27734733976104E-06
0.18767319012517E+01     0.27723405082725E-06
0.18865503381427E+01     0.27688867021425E-06
0.18963687750338E+01     0.27630474619400E-06
0.19061872119248E+01     0.27547747549761E-06
0.19160056488159E+01     0.27440367489362E-06
0.19258240857069E+01     0.27308192329656E-06
0.19356425225980E+01     0.27151244808010E-06
0.19454609594890E+01     0.26969718192049E-06
0.19552793963801E+01     0.26763953542286E-06
0.19650978332711E+01     0.26534442554293E-06
0.19749162701621E+01     0.26281799136996E-06
0.19847347070532E+01     0.26006745201812E-06
0.19945531439442E+01     0.25710090767461E-06
0.20043715808353E+01     0.25392708380423E-06
0.20141900177263E+01     0.25055507535399E-06
0.20240084546174E+01     0.24699420464458E-06
0.20338268915084E+01     0.24325365188815E-06
0.20436453283995E+01     0.23934225623634E-06
0.20534637652905E+01     0.23526833103915E-06
0.20632822021816E+01     0.23103946489300E-06
0.20731006390726E+01     0.22666220900192E-06
0.20829190759637E+01     0.22214197770154E-06
0.20927375128547E+01     0.21748272160949E-06
0.21025559497458E+01     0.21268688499276E-06
0.21123743866368E+01     0.20775512155069E-06
0.21221928235278E+01     0.20268602440865E-06
0.21320112604189E+01     0.19744476276173E-06
0.21418296973099E+01     0.19148755825427E-06
0.21516481342010E+01     0.18515576982736E-06
0.21614665710920E+01     0.17919529682331E-06
0.21712850079831E+01     0.17418616948817E-06
0.21811034448741E+01     0.17038514954493E-06
0.21909218817652E+01     0.16758995968758E-06
0.22007403186562E+01     0.16500008825915E-06
0.22105587555473E+01     0.16123976820381E-06
0.22203771924383E+01     0.15493348826112E-06
0.22301956293294E+01     0.34749817245938E-07
0.22400140662204E+01     0.31004198319806E-07
0.22498325031115E+01     0.26634133121206E-07
0.22596509400025E+01     0.21790734550109E-07
0.22694693768935E+01     0.16655180345992E-07
0.22792878137846E+01     0.11456206649996E-07
0.22891062506756E+01     0.64847842651261E-08
0.22989246875667E+01     0.17284277342711E-08
0.23087431244577E+01     0.22154500456395E-07
0.23185615613488E+01     0.22154500456395E-07
0.23283799982398E+01     0.22154500456395E-07
