0.10716200761859E+01     0.00000000000000E+00
0.10814385130769E+01     0.00000000000000E+00
0.10912569499680E+01     0.00000000000000E+00
0.11010753868590E+01     0.56505737304688E+01
0.11108938237501E+01     0.39768786430359E+01
0.11207122606411E+01     0.52564592361450E+01
0.11305306975321E+01     0.72534089088440E+01
0.11403491344232E+01     0.10209998130798E+02
0.11501675713142E+01     0.14227184295654E+02
0.11599860082053E+01     0.19352033615112E+02
0.11698044450963E+01     0.25684558868408E+02
0.11796228819874E+01     0.33310729980469E+02
0.11894413188784E+01     0.42316371917725E+02
0.11992597557695E+01     0.52788928985596E+02
0.12090781926605E+01     0.64809059143066E+02
0.12188966295516E+01     0.78456260681152E+02
0.12287150664426E+01     0.93803817749023E+02
0.12385335033337E+01     0.11092206573486E+03
0.12483519402247E+01     0.12987408447266E+03
0.12581703771157E+01     0.15071800231934E+03
0.12679888140068E+01     0.17350405883789E+03
0.12778072508978E+01     0.19828562927246E+03
0.12876256877889E+01     0.22444642639160E+03
0.12974441246799E+01     0.25376989746094E+03
0.13072625615710E+01     0.28462084960938E+03
0.13170809984620E+01     0.31917639160156E+03
0.13268994353531E+01     0.35814038085938E+03
0.13367178722441E+01     0.39925851440430E+03
0.13465363091352E+01     0.44182055664063E+03
0.13563547460262E+01     0.48548898315430E+03
0.13661731829173E+01     0.53004461669922E+03
0.13759916198083E+01     0.57532507324219E+03
0.13858100566994E+01     0.62121289062500E+03
0.13956284935904E+01     0.66763269042969E+03
0.14054469304814E+01     0.71456158447266E+03
0.14152653673725E+01     0.76203771972656E+03
0.14250838042635E+01     0.81017834472656E+03
0.14349022411546E+01     0.85918963623047E+03
0.14447206780456E+01     0.90937133789063E+03
0.14545391149367E+01     0.96108862304688E+03
0.14643575518277E+01     0.10147044067383E+04
0.14741759887188E+01     0.10700507812500E+04
0.14839944256098E+01     0.11268275146484E+04
0.14938128625009E+01     0.11849913330078E+04
0.15036312993919E+01     0.12444934082031E+04
0.15134497362830E+01     0.13052757568359E+04
0.15232681731740E+01     0.13672744140625E+04
0.15330866100651E+01     0.14304157714844E+04
0.15429050469561E+01     0.14946184082031E+04
0.15527234838471E+01     0.15597906494141E+04
0.15625419207382E+01     0.16258320312500E+04
0.15723603576292E+01     0.16926313476563E+04
0.15821787945203E+01     0.17600675048828E+04
0.15919972314113E+01     0.18280070800781E+04
0.16018156683024E+01     0.18963060302734E+04
0.16116341051934E+01     0.19648071289063E+04
0.16214525420845E+01     0.20333420410156E+04
0.16312709789755E+01     0.21017280273438E+04
0.16410894158666E+01     0.21697697753906E+04
0.16509078527576E+01     0.22372580566406E+04
0.16607262896487E+01     0.23039697265625E+04
0.16705447265397E+01     0.23696677246094E+04
0.16803631634308E+01     0.24341010742188E+04
0.16901816003218E+01     0.24970051269531E+04
0.17000000372128E+01     0.25581020507813E+04
0.17098184741039E+01     0.26171018066406E+04
0.17196369109949E+01     0.26737031250000E+04
0.17294553478860E+01     0.27275942382813E+04
0.17392737847770E+01     0.27784565429688E+04
0.17490922216681E+01     0.28259650878906E+04
0.17589106585591E+01     0.28697927246094E+04
0.17687290954502E+01     0.29096123046875E+04
0.17785475323412E+01     0.29451018066406E+04
0.17883659692323E+01     0.29759462890625E+04
0.17981844061233E+01     0.30018444824219E+04
0.18080028430144E+01     0.30225117187500E+04
0.18178212799054E+01     0.30376875000000E+04
0.18276397167965E+01     0.30471369628906E+04
0.18374581536875E+01     0.30506589355469E+04
0.18472765905785E+01     0.30480869140625E+04
0.18570950274696E+01     0.30392963867188E+04
0.18669134643606E+01     0.30242048339844E+04
0.18767319012517E+01     0.30027792968750E+04
0.18865503381427E+01     0.29750341796875E+04
0.18963687750338E+01     0.29410341796875E+04
0.19061872119248E+01     0.29008923339844E+04
0.19160056488159E+01     0.28547722167969E+04
0.19258240857069E+01     0.28028818359375E+04
0.19356425225980E+01     0.27454746093750E+04
0.19454609594890E+01     0.26828422851563E+04
0.19552793963801E+01     0.26153134765625E+04
0.19650978332711E+01     0.25432451171875E+04
0.19749162701621E+01     0.24670209960938E+04
0.19847347070532E+01     0.23870424804688E+04
0.19945531439442E+01     0.23037268066406E+04
0.20043715808353E+01     0.22174973144531E+04
0.20141900177263E+01     0.21287819824219E+04
0.20240084546174E+01     0.20380053710938E+04
0.20338268915084E+01     0.19455874023438E+04
0.20436453283995E+01     0.18519366455078E+04
0.20534637652905E+01     0.17574497070313E+04
0.20632822021816E+01     0.16625068359375E+04
0.20731006390726E+01     0.15674709472656E+04
0.20829190759637E+01     0.14726865234375E+04
0.20927375128547E+01     0.13784781494141E+04
0.21025559497458E+01     0.12851522216797E+04
0.21123743866368E+01     0.11929945068359E+04
0.21221928235278E+01     0.11022755126953E+04
0.21320112604189E+01     0.10131554565430E+04
0.21418296973099E+01     0.92417742919922E+03
0.21516481342010E+01     0.83693603515625E+03
0.21614665710920E+01     0.75393963623047E+03
0.21712850079831E+01     0.67662127685547E+03
0.21811034448741E+01     0.60512524414063E+03
0.21909218817652E+01     0.53834759521484E+03
0.22007403186562E+01     0.47421093750000E+03
0.22105587555473E+01     0.41037512207031E+03
0.22203771924383E+01     0.34569378662109E+03
0.22301956293294E+01     0.10825943756104E+03
0.22400140662204E+01     0.82997215270996E+02
0.22498325031115E+01     0.60013645172119E+02
0.22596509400025E+01     0.40121566772461E+02
0.22694693768935E+01     0.23994321823120E+02
0.22792878137846E+01     0.12147062301636E+02
0.22891062506756E+01     0.48843884468079E+01
0.22989246875667E+01     0.26574113368988E+01
0.23087431244577E+01     0.00000000000000E+00
0.23185615613488E+01     0.00000000000000E+00
0.23283799982398E+01     0.00000000000000E+00
