0.10716200761859E+01     -.10000000000000E+01
0.10814385130769E+01     -.10000000000000E+01
0.10912569499680E+01     -.10000000000000E+01
0.11010753868590E+01     -.10000000000000E+01
0.11108938237501E+01     -.10000000000000E+01
0.11207122606411E+01     -.10000000000000E+01
0.11305306975321E+01     0.14854505658150E-01
0.11403491344232E+01     0.13758451677859E-01
0.11501675713142E+01     0.13039231300354E-01
0.11599860082053E+01     0.13949033804238E-01
0.11698044450963E+01     0.11129674501717E-01
0.11796228819874E+01     0.13408892787993E-01
0.11894413188784E+01     0.10169136337936E-01
0.11992597557695E+01     0.12729850597680E-01
0.12090781926605E+01     0.10180478915572E-01
0.12188966295516E+01     0.11888407170773E-01
0.12287150664426E+01     0.10655055753887E-01
0.12385335033337E+01     0.10610154829919E-01
0.12483519402247E+01     0.10889772325754E-01
0.12581703771157E+01     0.77104405499995E-02
0.12679888140068E+01     0.10311930440366E-01
0.12778072508978E+01     0.53494675084949E-02
0.12876256877889E+01     0.97381127998233E-02
0.12974441246799E+01     0.91268979012966E-02
0.13072625615710E+01     0.71279252879322E-02
0.13170809984620E+01     0.89325159788132E-02
0.13268994353531E+01     0.69240187294781E-02
0.13367178722441E+01     0.81504294648767E-02
0.13465363091352E+01     0.88643571361899E-02
0.13563547460262E+01     0.58381315320730E-02
0.13661731829173E+01     0.78192427754402E-02
0.13759916198083E+01     0.86618792265654E-02
0.13858100566994E+01     0.66600996069610E-02
0.13956284935904E+01     0.65522938966751E-02
0.14054469304814E+01     0.82776183262467E-02
0.14152653673725E+01     0.74263834394515E-02
0.14250838042635E+01     0.25915906298906E-02
0.14349022411546E+01     0.66900141537189E-02
0.14447206780456E+01     0.74262330308557E-02
0.14545391149367E+01     0.63072694465518E-02
0.14643575518277E+01     0.29694512486458E-02
0.14741759887188E+01     0.53012706339359E-02
0.14839944256098E+01     0.62961904332042E-02
0.14938128625009E+01     0.59912302531302E-02
0.15036312993919E+01     0.45089107006788E-02
0.15134497362830E+01     0.25658383965492E-02
0.15232681731740E+01     0.46966504305601E-02
0.15330866100651E+01     0.50953645259142E-02
0.15429050469561E+01     0.45220120809972E-02
0.15527234838471E+01     0.30913762748241E-02
0.15625419207382E+01     0.22124468814582E-02
0.15723603576292E+01     0.29980482067913E-02
0.15821787945203E+01     0.25132521986961E-02
0.15919972314113E+01     0.10699259582907E-02
0.16018156683024E+01     0.00000000000000E+00
0.16116341051934E+01     0.00000000000000E+00
0.16214525420845E+01     0.00000000000000E+00
0.16312709789755E+01     0.00000000000000E+00
0.16410894158666E+01     0.00000000000000E+00
0.16509078527576E+01     0.00000000000000E+00
0.16607262896487E+01     0.00000000000000E+00
0.16705447265397E+01     0.00000000000000E+00
0.16803631634308E+01     0.00000000000000E+00
0.16901816003218E+01     0.00000000000000E+00
0.17000000372128E+01     0.00000000000000E+00
0.17098184741039E+01     0.00000000000000E+00
0.17196369109949E+01     0.00000000000000E+00
0.17294553478860E+01     0.00000000000000E+00
0.17392737847770E+01     0.00000000000000E+00
0.17490922216681E+01     0.00000000000000E+00
0.17589106585591E+01     0.00000000000000E+00
0.17687290954502E+01     0.00000000000000E+00
0.17785475323412E+01     0.00000000000000E+00
0.17883659692323E+01     0.00000000000000E+00
0.17981844061233E+01     0.00000000000000E+00
0.18080028430144E+01     0.00000000000000E+00
0.18178212799054E+01     0.00000000000000E+00
0.18276397167965E+01     0.00000000000000E+00
0.18374581536875E+01     0.00000000000000E+00
0.18472765905785E+01     0.00000000000000E+00
0.18570950274696E+01     0.00000000000000E+00
0.18669134643606E+01     0.00000000000000E+00
0.18767319012517E+01     0.22610522806644E+00
0.18865503381427E+01     0.24846595525742E+00
0.18963687750338E+01     0.26755318045616E+00
0.19061872119248E+01     0.28584852814674E+00
0.19160056488159E+01     0.30317604541779E+00
0.19258240857069E+01     0.31890997290611E+00
0.19356425225980E+01     0.33393698930740E+00
0.19454609594890E+01     0.34804210066795E+00
0.19552793963801E+01     0.36140161752701E+00
0.19650978332711E+01     0.37423092126846E+00
0.19749162701621E+01     0.38650938868523E+00
0.19847347070532E+01     0.39823693037033E+00
0.19945531439442E+01     0.40957194566727E+00
0.20043715808353E+01     0.42052689194679E+00
0.20141900177263E+01     0.43113422393799E+00
0.20240084546174E+01     0.44144338369370E+00
0.20338268915084E+01     0.45148202776909E+00
0.20436453283995E+01     0.46128097176552E+00
0.20534637652905E+01     0.47087132930756E+00
0.20632822021816E+01     0.48027729988098E+00
0.20731006390726E+01     0.48952695727348E+00
0.20829190759637E+01     0.49863776564598E+00
0.20927375128547E+01     0.50762480497360E+00
0.21025559497458E+01     0.51651632785797E+00
0.21123743866368E+01     0.52532726526260E+00
0.21221928235278E+01     0.53407561779022E+00
0.21320112604189E+01     0.54278999567032E+00
0.21418296973099E+01     0.55144399404526E+00
0.21516481342010E+01     0.56007337570190E+00
0.21614665710920E+01     0.56876510381699E+00
0.21712850079831E+01     0.57755720615387E+00
0.21811034448741E+01     0.58645361661911E+00
0.21909218817652E+01     0.59540909528732E+00
0.22007403186562E+01     0.60440361499786E+00
0.22105587555473E+01     0.61344611644745E+00
0.22203771924383E+01     0.62251359224319E+00
0.22301956293294E+01     0.63107144832611E+00
0.22400140662204E+01     0.64057511091232E+00
0.22498325031115E+01     0.65026819705963E+00
0.22596509400025E+01     0.66008442640305E+00
0.22694693768935E+01     0.67006760835648E+00
0.22792878137846E+01     0.68038874864578E+00
0.22891062506756E+01     0.69103419780731E+00
0.22989246875667E+01     -.10000000000000E+01
0.23087431244577E+01     -.10000000000000E+01
0.23185615613488E+01     -.10000000000000E+01
0.23283799982398E+01     -.10000000000000E+01
