0.10716200761859E+01     0.00000000000000E+00
0.10814385130769E+01     0.00000000000000E+00
0.10912569499680E+01     0.00000000000000E+00
0.11010753868590E+01     0.78639306640625E+04
0.11108938237501E+01     0.59758676757813E+04
0.11207122606411E+01     0.63873261718750E+04
0.11305306975321E+01     0.70535019531250E+04
0.11403491344232E+01     0.79284287109375E+04
0.11501675713142E+01     0.89176894531250E+04
0.11599860082053E+01     0.99523076171875E+04
0.11698044450963E+01     0.11007214843750E+05
0.11796228819874E+01     0.12064111328125E+05
0.11894413188784E+01     0.13111497070313E+05
0.11992597557695E+01     0.14141594726563E+05
0.12090781926605E+01     0.15147693359375E+05
0.12188966295516E+01     0.16124417968750E+05
0.12287150664426E+01     0.17066449218750E+05
0.12385335033337E+01     0.17968988281250E+05
0.12483519402247E+01     0.18826740234375E+05
0.12581703771157E+01     0.19634462890625E+05
0.12679888140068E+01     0.20385974609375E+05
0.12778072508978E+01     0.21073367187500E+05
0.12876256877889E+01     0.21784175781250E+05
0.12974441246799E+01     0.22253359375000E+05
0.13072625615710E+01     0.22712736328125E+05
0.13170809984620E+01     0.22800656250000E+05
0.13268994353531E+01     0.22303746093750E+05
0.13367178722441E+01     0.21497472656250E+05
0.13465363091352E+01     0.20443707031250E+05
0.13563547460262E+01     0.19157697265625E+05
0.13661731829173E+01     0.17646630859375E+05
0.13759916198083E+01     0.15920969726563E+05
0.13858100566994E+01     0.13999640625000E+05
0.13956284935904E+01     0.11914352539063E+05
0.14054469304814E+01     0.97135126953125E+04
0.14152653673725E+01     0.74667709960938E+04
0.14250838042635E+01     0.52696313476563E+04
0.14349022411546E+01     0.32481401367188E+04
0.14447206780456E+01     0.15620737304688E+04
0.14545391149367E+01     0.40540216064453E+03
0.14643575518277E+01     0.00000000000000E+00
0.14741759887188E+01     0.00000000000000E+00
0.14839944256098E+01     0.00000000000000E+00
0.14938128625009E+01     0.00000000000000E+00
0.15036312993919E+01     0.00000000000000E+00
0.15134497362830E+01     0.00000000000000E+00
0.15232681731740E+01     0.00000000000000E+00
0.15330866100651E+01     0.00000000000000E+00
0.15429050469561E+01     0.00000000000000E+00
0.15527234838471E+01     0.00000000000000E+00
0.15625419207382E+01     0.00000000000000E+00
0.15723603576292E+01     0.00000000000000E+00
0.15821787945203E+01     0.00000000000000E+00
0.15919972314113E+01     0.00000000000000E+00
0.16018156683024E+01     0.00000000000000E+00
0.16116341051934E+01     0.00000000000000E+00
0.16214525420845E+01     0.00000000000000E+00
0.16312709789755E+01     0.00000000000000E+00
0.16410894158666E+01     0.00000000000000E+00
0.16509078527576E+01     0.00000000000000E+00
0.16607262896487E+01     0.00000000000000E+00
0.16705447265397E+01     0.00000000000000E+00
0.16803631634308E+01     0.00000000000000E+00
0.16901816003218E+01     0.00000000000000E+00
0.17000000372128E+01     0.00000000000000E+00
0.17098184741039E+01     0.00000000000000E+00
0.17196369109949E+01     0.00000000000000E+00
0.17294553478860E+01     0.00000000000000E+00
0.17392737847770E+01     0.00000000000000E+00
0.17490922216681E+01     0.00000000000000E+00
0.17589106585591E+01     0.00000000000000E+00
0.17687290954502E+01     0.00000000000000E+00
0.17785475323412E+01     0.00000000000000E+00
0.17883659692323E+01     0.00000000000000E+00
0.17981844061233E+01     0.00000000000000E+00
0.18080028430144E+01     0.00000000000000E+00
0.18178212799054E+01     0.00000000000000E+00
0.18276397167965E+01     0.00000000000000E+00
0.18374581536875E+01     0.00000000000000E+00
0.18472765905785E+01     0.00000000000000E+00
0.18570950274696E+01     0.00000000000000E+00
0.18669134643606E+01     0.00000000000000E+00
0.18767319012517E+01     0.00000000000000E+00
0.18865503381427E+01     0.00000000000000E+00
0.18963687750338E+01     0.00000000000000E+00
0.19061872119248E+01     0.00000000000000E+00
0.19160056488159E+01     0.00000000000000E+00
0.19258240857069E+01     0.00000000000000E+00
0.19356425225980E+01     0.00000000000000E+00
0.19454609594890E+01     0.00000000000000E+00
0.19552793963801E+01     0.00000000000000E+00
0.19650978332711E+01     0.00000000000000E+00
0.19749162701621E+01     0.00000000000000E+00
0.19847347070532E+01     0.00000000000000E+00
0.19945531439442E+01     0.00000000000000E+00
0.20043715808353E+01     0.00000000000000E+00
0.20141900177263E+01     0.00000000000000E+00
0.20240084546174E+01     0.00000000000000E+00
0.20338268915084E+01     0.00000000000000E+00
0.20436453283995E+01     0.00000000000000E+00
0.20534637652905E+01     0.00000000000000E+00
0.20632822021816E+01     0.00000000000000E+00
0.20731006390726E+01     0.00000000000000E+00
0.20829190759637E+01     0.00000000000000E+00
0.20927375128547E+01     0.00000000000000E+00
0.21025559497458E+01     0.00000000000000E+00
0.21123743866368E+01     0.00000000000000E+00
0.21221928235278E+01     0.00000000000000E+00
0.21320112604189E+01     0.63700939178467E+02
0.21418296973099E+01     0.16341181640625E+04
0.21516481342010E+01     0.48086899414063E+04
0.21614665710920E+01     0.88887968750000E+04
0.21712850079831E+01     0.13139089843750E+05
0.21811034448741E+01     0.16846740234375E+05
0.21909218817652E+01     0.19439603515625E+05
0.22007403186562E+01     0.20603349609375E+05
0.22105587555473E+01     0.20304800781250E+05
0.22203771924383E+01     0.18724578125000E+05
0.22301956293294E+01     0.70178156250000E+05
0.22400140662204E+01     0.63086347656250E+05
0.22498325031115E+01     0.55641859375000E+05
0.22596509400025E+01     0.47824281250000E+05
0.22694693768935E+01     0.39606882812500E+05
0.22792878137846E+01     0.31023066406250E+05
0.22891062506756E+01     0.22663607421875E+05
0.22989246875667E+01     0.23060976562500E+05
0.23087431244577E+01     0.00000000000000E+00
0.23185615613488E+01     0.00000000000000E+00
0.23283799982398E+01     0.00000000000000E+00
