0.10716200761859E+01     0.00000000000000E+00
0.10814385130769E+01     0.00000000000000E+00
0.10912569499680E+01     0.00000000000000E+00
0.11010753868590E+01     0.66779382812500E+05
0.11108938237501E+01     0.48983031250000E+05
0.11207122606411E+01     0.50527449218750E+05
0.11305306975321E+01     0.53822519531250E+05
0.11403491344232E+01     0.58330476562500E+05
0.11501675713142E+01     0.63228355468750E+05
0.11599860082053E+01     0.67976125000000E+05
0.11698044450963E+01     0.72396742187500E+05
0.11796228819874E+01     0.76383648437500E+05
0.11894413188784E+01     0.79890757812500E+05
0.11992597557695E+01     0.82904468750000E+05
0.12090781926605E+01     0.85425828125000E+05
0.12188966295516E+01     0.87467437500000E+05
0.12287150664426E+01     0.89048804687500E+05
0.12385335033337E+01     0.90194414062500E+05
0.12483519402247E+01     0.90932445312500E+05
0.12581703771157E+01     0.91293367187500E+05
0.12679888140068E+01     0.91308750000000E+05
0.12778072508978E+01     0.91002585937500E+05
0.12876256877889E+01     0.90985335937500E+05
0.12974441246799E+01     0.89732710937500E+05
0.13072625615710E+01     0.88741273437500E+05
0.13170809984620E+01     0.86256531250000E+05
0.13268994353531E+01     0.81813304687500E+05
0.13367178722441E+01     0.77200054687500E+05
0.13465363091352E+01     0.72881531250000E+05
0.13563547460262E+01     0.69009937500000E+05
0.13661731829173E+01     0.65647125000000E+05
0.13759916198083E+01     0.62821949218750E+05
0.13858100566994E+01     0.60551726562500E+05
0.13956284935904E+01     0.58854523437500E+05
0.14054469304814E+01     0.57758738281250E+05
0.14152653673725E+01     0.57312464843750E+05
0.14250838042635E+01     0.57592496093750E+05
0.14349022411546E+01     0.58711699218750E+05
0.14447206780456E+01     0.60821464843750E+05
0.14545391149367E+01     0.64104335937500E+05
0.14643575518277E+01     0.68751328125000E+05
0.14741759887188E+01     0.74226648437500E+05
0.14839944256098E+01     0.80005109375000E+05
0.14938128625009E+01     0.86092179687500E+05
0.15036312993919E+01     0.92492312500000E+05
0.15134497362830E+01     0.99208421875000E+05
0.15232681731740E+01     0.10624205468750E+06
0.15330866100651E+01     0.11359282812500E+06
0.15429050469561E+01     0.12125851562500E+06
0.15527234838471E+01     0.12923459375000E+06
0.15625419207382E+01     0.13751423437500E+06
0.15723603576292E+01     0.14608789062500E+06
0.15821787945203E+01     0.15494328125000E+06
0.15919972314113E+01     0.16406487500000E+06
0.16018156683024E+01     0.17343401562500E+06
0.16116341051934E+01     0.18302848437500E+06
0.16214525420845E+01     0.19282254687500E+06
0.16312709789755E+01     0.20278657812500E+06
0.16410894158666E+01     0.21288715625000E+06
0.16509078527576E+01     0.22308690625000E+06
0.16607262896487E+01     0.23334451562500E+06
0.16705447265397E+01     0.24361478125000E+06
0.16803631634308E+01     0.25384879687500E+06
0.16901816003218E+01     0.26399390625000E+06
0.17000000372128E+01     0.27399434375000E+06
0.17098184741039E+01     0.28379125000000E+06
0.17196369109949E+01     0.29332321875000E+06
0.17294553478860E+01     0.30252687500000E+06
0.17392737847770E+01     0.31133746875000E+06
0.17490922216681E+01     0.31968940625000E+06
0.17589106585591E+01     0.32751731250000E+06
0.17687290954502E+01     0.33475646875000E+06
0.17785475323412E+01     0.34134415625000E+06
0.17883659692323E+01     0.34722009375000E+06
0.17981844061233E+01     0.35232759375000E+06
0.18080028430144E+01     0.35661437500000E+06
0.18178212799054E+01     0.36003381250000E+06
0.18276397167965E+01     0.36254515625000E+06
0.18374581536875E+01     0.36411493750000E+06
0.18472765905785E+01     0.36471675000000E+06
0.18570950274696E+01     0.36433271875000E+06
0.18669134643606E+01     0.36295306250000E+06
0.18767319012517E+01     0.36057715625000E+06
0.18865503381427E+01     0.35721296875000E+06
0.18963687750338E+01     0.35287746875000E+06
0.19061872119248E+01     0.34759575000000E+06
0.19160056488159E+01     0.34140156250000E+06
0.19258240857069E+01     0.33433584375000E+06
0.19356425225980E+01     0.32644693750000E+06
0.19454609594890E+01     0.31778912500000E+06
0.19552793963801E+01     0.30842240625000E+06
0.19650978332711E+01     0.29841112500000E+06
0.19749162701621E+01     0.28782353125000E+06
0.19847347070532E+01     0.27673043750000E+06
0.19945531439442E+01     0.26520465625000E+06
0.20043715808353E+01     0.25331984375000E+06
0.20141900177263E+01     0.24114989062500E+06
0.20240084546174E+01     0.22876795312500E+06
0.20338268915084E+01     0.21624596875000E+06
0.20436453283995E+01     0.20365379687500E+06
0.20534637652905E+01     0.19105896875000E+06
0.20632822021816E+01     0.17852598437500E+06
0.20731006390726E+01     0.16611609375000E+06
0.20829190759637E+01     0.15388701562500E+06
0.20927375128547E+01     0.14189265625000E+06
0.21025559497458E+01     0.13018313281250E+06
0.21123743866368E+01     0.11880448437500E+06
0.21221928235278E+01     0.10779898437500E+06
0.21320112604189E+01     0.97087000000000E+05
0.21418296973099E+01     0.84040140625000E+05
0.21516481342010E+01     0.68546000000000E+05
0.21614665710920E+01     0.51813406250000E+05
0.21712850079831E+01     0.34804402343750E+05
0.21811034448741E+01     0.18312443359375E+05
0.21909218817652E+01     0.32098718261719E+04
0.22007403186562E+01     -.93140468750000E+04
0.22105587555473E+01     -.17802353515625E+05
0.22203771924383E+01     -.21229349609375E+05
0.22301956293294E+01     0.12971496093750E+06
0.22400140662204E+01     0.11699672656250E+06
0.22498325031115E+01     0.10528550781250E+06
0.22596509400025E+01     0.93804937500000E+05
0.22694693768935E+01     0.81683585937500E+05
0.22792878137846E+01     0.68071023437500E+05
0.22891062506756E+01     0.53368226562500E+05
0.22989246875667E+01     0.58887894531250E+05
0.23087431244577E+01     0.00000000000000E+00
0.23185615613488E+01     0.00000000000000E+00
0.23283799982398E+01     0.00000000000000E+00
