   0.10716200761858654E+01
   0.10814385130769120E+01
   0.10912569499679585E+01
   0.11010753868590051E+01
   0.11108938237500516E+01
   0.11207122606410982E+01
   0.11305306975321447E+01
   0.11403491344231913E+01
   0.11501675713142379E+01
   0.11599860082052844E+01
   0.11698044450963310E+01
   0.11796228819873775E+01
   0.11894413188784241E+01
   0.11992597557694706E+01
   0.12090781926605172E+01
   0.12188966295515637E+01
   0.12287150664426103E+01
   0.12385335033336569E+01
   0.12483519402247034E+01
   0.12581703771157500E+01
   0.12679888140067965E+01
   0.12778072508978431E+01
   0.12876256877888896E+01
   0.12974441246799362E+01
   0.13072625615709828E+01
   0.13170809984620293E+01
   0.13268994353530759E+01
   0.13367178722441224E+01
   0.13465363091351690E+01
   0.13563547460262155E+01
   0.13661731829172621E+01
   0.13759916198083086E+01
   0.13858100566993552E+01
   0.13956284935904018E+01
   0.14054469304814483E+01
   0.14152653673724949E+01
   0.14250838042635414E+01
   0.14349022411545880E+01
   0.14447206780456345E+01
   0.14545391149366811E+01
   0.14643575518277276E+01
   0.14741759887187742E+01
   0.14839944256098208E+01
   0.14938128625008673E+01
   0.15036312993919139E+01
   0.15134497362829604E+01
   0.15232681731740070E+01
   0.15330866100650535E+01
   0.15429050469561001E+01
   0.15527234838471466E+01
   0.15625419207381932E+01
   0.15723603576292398E+01
   0.15821787945202863E+01
   0.15919972314113329E+01
   0.16018156683023794E+01
   0.16116341051934260E+01
   0.16214525420844725E+01
   0.16312709789755191E+01
   0.16410894158665656E+01
   0.16509078527576122E+01
   0.16607262896486588E+01
   0.16705447265397053E+01
   0.16803631634307519E+01
   0.16901816003217984E+01
   0.17000000372128450E+01
   0.17098184741038915E+01
   0.17196369109949381E+01
   0.17294553478859847E+01
   0.17392737847770312E+01
   0.17490922216680778E+01
   0.17589106585591243E+01
   0.17687290954501709E+01
   0.17785475323412174E+01
   0.17883659692322640E+01
   0.17981844061233105E+01
   0.18080028430143571E+01
   0.18178212799054037E+01
   0.18276397167964502E+01
   0.18374581536874968E+01
   0.18472765905785433E+01
   0.18570950274695899E+01
   0.18669134643606364E+01
   0.18767319012516830E+01
   0.18865503381427295E+01
   0.18963687750337761E+01
   0.19061872119248227E+01
   0.19160056488158692E+01
   0.19258240857069158E+01
   0.19356425225979623E+01
   0.19454609594890089E+01
   0.19552793963800554E+01
   0.19650978332711020E+01
   0.19749162701621485E+01
   0.19847347070531951E+01
   0.19945531439442417E+01
   0.20043715808352882E+01
   0.20141900177263348E+01
   0.20240084546173813E+01
   0.20338268915084279E+01
   0.20436453283994744E+01
   0.20534637652905210E+01
   0.20632822021815675E+01
   0.20731006390726141E+01
   0.20829190759636607E+01
   0.20927375128547072E+01
   0.21025559497457538E+01
   0.21123743866368003E+01
   0.21221928235278469E+01
   0.21320112604188934E+01
   0.21418296973099400E+01
   0.21516481342009866E+01
   0.21614665710920331E+01
   0.21712850079830797E+01
   0.21811034448741262E+01
   0.21909218817651728E+01
   0.22007403186562193E+01
   0.22105587555472659E+01
   0.22203771924383124E+01
   0.22301956293293590E+01
   0.22400140662204056E+01
   0.22498325031114521E+01
   0.22596509400024987E+01
   0.22694693768935452E+01
   0.22792878137845918E+01
   0.22891062506756383E+01
   0.22989246875666849E+01
   0.23087431244577314E+01
   0.23185615613487780E+01
   0.23283799982398246E+01
