0.10716200761859E+01     0.00000000000000E+00
0.10814385130769E+01     -.10787211358547E-02
0.10912569499680E+01     -.21543670445681E-02
0.11010753868590E+01     0.24105039483402E-03
0.11108938237501E+01     0.26910055894405E-02
0.11207122606411E+01     0.51958980038762E-02
0.11305306975321E+01     0.77561843208969E-02
0.11403491344232E+01     0.10372698307037E-01
0.11501675713142E+01     0.13045912608504E-01
0.11599860082053E+01     0.15776759013534E-01
0.11698044450963E+01     0.18565587699413E-01
0.11796228819874E+01     0.21413298323750E-01
0.11894413188784E+01     0.24320140480995E-01
0.11992597557695E+01     0.27286926284432E-01
0.12090781926605E+01     0.30313853174448E-01
0.12188966295516E+01     0.33401612192392E-01
0.12287150664426E+01     0.36550369113684E-01
0.12385335033337E+01     0.39760675281286E-01
0.12483519402247E+01     0.43032664805651E-01
0.12581703771157E+01     0.46366728842258E-01
0.12679888140068E+01     0.49762960523367E-01
0.12778072508978E+01     0.53221557289362E-01
0.12876256877889E+01     0.56742534041405E-01
0.12974441246799E+01     0.60325890779495E-01
0.13072625615710E+01     0.63971497118473E-01
0.13170809984620E+01     0.67679136991501E-01
0.13268994353531E+01     0.71448467671871E-01
0.13367178722441E+01     0.75279027223587E-01
0.13465363091352E+01     0.79170212149620E-01
0.13563547460262E+01     0.83121240139008E-01
0.13661731829173E+01     0.87131194770336E-01
0.13759916198083E+01     0.91198936104774E-01
0.13858100566994E+01     0.95323137938976E-01
0.13956284935904E+01     0.99502265453339E-01
0.14054469304814E+01     0.10373449325562E+00
0.14152653673725E+01     0.10801782459021E+00
0.14250838042635E+01     0.11234989017248E+00
0.14349022411546E+01     0.11672810465097E+00
0.14447206780456E+01     0.12114949524403E+00
0.14545391149367E+01     0.12561084330082E+00
0.14643575518277E+01     0.13010846078396E+00
0.14741759887188E+01     0.13463842868805E+00
0.14839944256098E+01     0.13919624686241E+00
0.14938128625009E+01     0.14377720654011E+00
0.15036312993919E+01     0.14837595820427E+00
0.15134497362830E+01     0.15298694372177E+00
0.15232681731740E+01     0.15760384500027E+00
0.15330866100651E+01     0.16222022473812E+00
0.15429050469561E+01     0.16682873666286E+00
0.15527234838471E+01     0.17142197489738E+00
0.15625419207382E+01     0.17599160969257E+00
0.15723603576292E+01     0.18052922189236E+00
0.15821787945203E+01     0.18502545356750E+00
0.15919972314113E+01     0.18947094678879E+00
0.16018156683024E+01     0.19385530054569E+00
0.16116341051934E+01     0.19816824793816E+00
0.16214525420845E+01     0.20239844918251E+00
0.16312709789755E+01     0.20653486251831E+00
0.16410894158666E+01     0.21056531369686E+00
0.16509078527576E+01     0.21447809040546E+00
0.16607262896487E+01     0.21826042234898E+00
0.16705447265397E+01     0.22190016508102E+00
0.16803631634308E+01     0.22538414597511E+00
0.16901816003218E+01     0.22870008647442E+00
0.17000000372128E+01     0.23183473944664E+00
0.17098184741039E+01     0.23477600514889E+00
0.17196369109949E+01     0.23751093447208E+00
0.17294553478860E+01     0.24002802371979E+00
0.17392737847770E+01     0.24231502413750E+00
0.17490922216681E+01     0.24436138570309E+00
0.17589106585591E+01     0.24615597724915E+00
0.17687290954502E+01     0.24768963456154E+00
0.17785475323412E+01     0.24895282089710E+00
0.17883659692323E+01     0.24993810057640E+00
0.17981844061233E+01     0.25063782930374E+00
0.18080028430144E+01     0.25104674696922E+00
0.18178212799054E+01     0.25115942955017E+00
0.18276397167965E+01     0.25097292661667E+00
0.18374581536875E+01     0.25048416852951E+00
0.18472765905785E+01     0.24969264864922E+00
0.18570950274696E+01     0.24859775602818E+00
0.18669134643606E+01     0.24720141291618E+00
0.18767319012517E+01     0.24550548195839E+00
0.18865503381427E+01     0.24351418018341E+00
0.18963687750338E+01     0.24123157560825E+00
0.19061872119248E+01     0.23866394162178E+00
0.19160056488159E+01     0.23581728339195E+00
0.19258240857069E+01     0.23269961774349E+00
0.19356425225980E+01     0.22931854426861E+00
0.19454609594890E+01     0.22568340599537E+00
0.19552793963801E+01     0.22180297970772E+00
0.19650978332711E+01     0.21768754720688E+00
0.19749162701621E+01     0.21334671974182E+00
0.19847347070532E+01     0.20879124104977E+00
0.19945531439442E+01     0.20403113961220E+00
0.20043715808353E+01     0.19907730817795E+00
0.20141900177263E+01     0.19393981993198E+00
0.20240084546174E+01     0.18862940371037E+00
0.20338268915084E+01     0.18315589427948E+00
0.20436453283995E+01     0.17752955853939E+00
0.20534637652905E+01     0.17175973951817E+00
0.20632822021816E+01     0.16585603356361E+00
0.20731006390726E+01     0.15982712805271E+00
0.20829190759637E+01     0.15368178486824E+00
0.20927375128547E+01     0.14742793142796E+00
0.21025559497458E+01     0.14107340574265E+00
0.21123743866368E+01     0.13462524116039E+00
0.21221928235278E+01     0.12809035181999E+00
0.21320112604189E+01     0.12147489935160E+00
0.21418296973099E+01     0.11478482186794E+00
0.21516481342010E+01     0.10802537202835E+00
0.21614665710920E+01     0.10120160877705E+00
0.21712850079831E+01     0.94317935407162E-01
0.21811034448741E+01     0.87378583848476E-01
0.21909218817652E+01     0.80387152731419E-01
0.22007403186562E+01     0.73347143828869E-01
0.22105587555473E+01     0.66261507570744E-01
0.22203771924383E+01     0.59133090078831E-01
0.22301956293294E+01     0.51964271813631E-01
0.22400140662204E+01     0.44757410883904E-01
0.22498325031115E+01     0.37514463067055E-01
0.22596509400025E+01     0.30237421393394E-01
0.22694693768935E+01     0.22927988320589E-01
0.22792878137846E+01     0.15587945468724E-01
0.22891062506756E+01     0.82189282402396E-02
0.22989246875667E+01     0.82270608982071E-03
0.23087431244577E+01     -.65988614223897E-02
0.23185615613488E+01     -.33008318860084E-02
0.23283799982398E+01     0.00000000000000E+00
