0.10716200761859E+01     0.00000000000000E+00
0.10814385130769E+01     -.11271391995251E-02
0.10912569499680E+01     -.22046354133636E-02
0.11010753868590E+01     0.19050984701607E-03
0.11108938237501E+01     0.26398207992315E-02
0.11207122606411E+01     0.51435944624245E-02
0.11305306975321E+01     0.77026826329529E-02
0.11403491344232E+01     0.10317706502974E-01
0.11501675713142E+01     0.12989634647965E-01
0.11599860082053E+01     0.15718890354037E-01
0.11698044450963E+01     0.18506407737732E-01
0.11796228819874E+01     0.21352466195822E-01
0.11894413188784E+01     0.24257928133011E-01
0.11992597557695E+01     0.27222994714975E-01
0.12090781926605E+01     0.30248418450356E-01
0.12188966295516E+01     0.33334374427795E-01
0.12287150664426E+01     0.36481473594904E-01
0.12385335033337E+01     0.39689876139164E-01
0.12483519402247E+01     0.42960032820702E-01
0.12581703771157E+01     0.46292070299387E-01
0.12679888140068E+01     0.49686275422573E-01
0.12778072508978E+01     0.53142704069614E-01
0.12876256877889E+01     0.56661460548639E-01
0.12974441246799E+01     0.60242485255003E-01
0.13072625615710E+01     0.63885673880577E-01
0.13170809984620E+01     0.67590795457363E-01
0.13268994353531E+01     0.71357510983944E-01
0.13367178722441E+01     0.75185351073742E-01
0.13465363091352E+01     0.79073704779148E-01
0.13563547460262E+01     0.83021804690361E-01
0.13661731829173E+01     0.87028712034225E-01
0.13759916198083E+01     0.91093286871910E-01
0.13858100566994E+01     0.95214225351810E-01
0.13956284935904E+01     0.99389947950840E-01
0.14054469304814E+01     0.10361868143082E+00
0.14152653673725E+01     0.10789835453033E+00
0.14250838042635E+01     0.11222668737173E+00
0.14349022411546E+01     0.11660100519657E+00
0.14447206780456E+01     0.12101842463017E+00
0.14545391149367E+01     0.12547561526299E+00
0.14643575518277E+01     0.12996903061867E+00
0.14741759887188E+01     0.13449458777905E+00
0.14839944256098E+01     0.13904796540737E+00
0.14938128625009E+01     0.14362427592278E+00
0.15036312993919E+01     0.14821837842464E+00
0.15134497362830E+01     0.15282446146011E+00
0.15232681731740E+01     0.15743653476238E+00
0.15330866100651E+01     0.16204780340195E+00
0.15429050469561E+01     0.16665130853653E+00
0.15527234838471E+01     0.17123925685883E+00
0.15625419207382E+01     0.17580373585224E+00
0.15723603576292E+01     0.18033592402935E+00
0.15821787945203E+01     0.18482694029808E+00
0.15919972314113E+01     0.18926692008972E+00
0.16018156683024E+01     0.19364602863789E+00
0.16116341051934E+01     0.19795341789722E+00
0.16214525420845E+01     0.20217843353748E+00
0.16312709789755E+01     0.20630933344364E+00
0.16410894158666E+01     0.21033471822739E+00
0.16509078527576E+01     0.21424211561680E+00
0.16607262896487E+01     0.21801960468292E+00
0.16705447265397E+01     0.22165420651436E+00
0.16803631634308E+01     0.22513365745544E+00
0.16901816003218E+01     0.22844478487968E+00
0.17000000372128E+01     0.23157535493374E+00
0.17098184741039E+01     0.23451225459576E+00
0.17196369109949E+01     0.23724363744259E+00
0.17294553478860E+01     0.23975692689419E+00
0.17392737847770E+01     0.24204102158546E+00
0.17490922216681E+01     0.24408423900604E+00
0.17589106585591E+01     0.24587666988373E+00
0.17687290954502E+01     0.24740794301033E+00
0.17785475323412E+01     0.24866980314255E+00
0.17883659692323E+01     0.24965357780457E+00
0.17981844061233E+01     0.25035288929939E+00
0.18080028430144E+01     0.25076121091843E+00
0.18178212799054E+01     0.25087440013885E+00
0.18276397167965E+01     0.25068822503090E+00
0.18374581536875E+01     0.25020092725754E+00
0.18472765905785E+01     0.24941065907478E+00
0.18570950274696E+01     0.24831815063953E+00
0.18669134643606E+01     0.24692401289940E+00
0.18767319012517E+01     0.24523137509823E+00
0.18865503381427E+01     0.24324317276478E+00
0.18963687750338E+01     0.24096466600895E+00
0.19061872119248E+01     0.23840093612671E+00
0.19160056488159E+01     0.23555913567543E+00
0.19258240857069E+01     0.23244608938694E+00
0.19356425225980E+01     0.22907051444054E+00
0.19454609594890E+01     0.22544060647488E+00
0.19552793963801E+01     0.22156621515751E+00
0.19650978332711E+01     0.21745653450489E+00
0.19749162701621E+01     0.21312212944031E+00
0.19847347070532E+01     0.20857281982899E+00
0.19945531439442E+01     0.20381945371628E+00
0.20043715808353E+01     0.19887208938599E+00
0.20141900177263E+01     0.19374155998230E+00
0.20240084546174E+01     0.18843781948090E+00
0.20338268915084E+01     0.18297137320042E+00
0.20436453283995E+01     0.17735183238983E+00
0.20534637652905E+01     0.17158912122250E+00
0.20632822021816E+01     0.16569225490093E+00
0.20731006390726E+01     0.15967044234276E+00
0.20829190759637E+01     0.15353193879128E+00
0.20927375128547E+01     0.14728508889675E+00
0.21025559497458E+01     0.14093734323978E+00
0.21123743866368E+01     0.13449609279633E+00
0.21221928235278E+01     0.12796790897846E+00
0.21320112604189E+01     0.12135922908783E+00
0.21418296973099E+01     0.11467572301626E+00
0.21516481342010E+01     0.10792291164398E+00
0.21614665710920E+01     0.10110559314489E+00
0.21712850079831E+01     0.94228416681290E-01
0.21811034448741E+01     0.87295368313789E-01
0.21909218817652E+01     0.80310307443142E-01
0.22007403186562E+01     0.73276482522488E-01
0.22105587555473E+01     0.66197089850903E-01
0.22203771924383E+01     0.59074748307467E-01
0.22301956293294E+01     0.51912073045969E-01
0.22400140662204E+01     0.44711206108332E-01
0.22498325031115E+01     0.37474319338799E-01
0.22596509400025E+01     0.30203223228455E-01
0.22694693768935E+01     0.22899791598320E-01
0.22792878137846E+01     0.15565659850836E-01
0.22891062506756E+01     0.82025509327650E-02
0.22989246875667E+01     0.81208051415160E-03
0.23087431244577E+01     -.66041098907590E-02
0.23185615613488E+01     -.33052009530365E-02
0.23283799982398E+01     0.00000000000000E+00
