0.10716200761859E+01     0.00000000000000E+00
0.10814385130769E+01     0.00000000000000E+00
0.10912569499680E+01     0.00000000000000E+00
0.11010753868590E+01     0.77377095294651E-04
0.11108938237501E+01     0.10481443023309E-02
0.11207122606411E+01     0.19748175982386E-02
0.11305306975321E+01     0.27214742731303E-02
0.11403491344232E+01     0.33761404920369E-02
0.11501675713142E+01     0.37573317531496E-02
0.11599860082053E+01     0.40315468795598E-02
0.11698044450963E+01     0.40327217429876E-02
0.11796228819874E+01     0.39437017403543E-02
0.11894413188784E+01     0.36579512525350E-02
0.11992597557695E+01     0.33178376033902E-02
0.12090781926605E+01     0.28891258407384E-02
0.12188966295516E+01     0.24441671557724E-02
0.12287150664426E+01     0.20064054988325E-02
0.12385335033337E+01     0.15802958514541E-02
0.12483519402247E+01     0.12198484037071E-02
0.12581703771157E+01     0.88448874885216E-03
0.12679888140068E+01     0.63382036751136E-03
0.12778072508978E+01     0.40973062277772E-03
0.12876256877889E+01     0.26229457580484E-03
0.12974441246799E+01     0.13639386452269E-03
0.13072625615710E+01     0.67645021772478E-04
0.13170809984620E+01     0.13698147995456E-04
0.13268994353531E+01     -.27407847937866E-05
0.13367178722441E+01     -.10018716238847E-04
0.13465363091352E+01     0.56053204389173E-05
0.13563547460262E+01     0.26697993234848E-04
0.13661731829173E+01     0.61772574554198E-04
0.13759916198083E+01     0.10032946011052E-03
0.13858100566994E+01     0.14827019185759E-03
0.13956284935904E+01     0.19882577180397E-03
0.14054469304814E+01     0.25663102860563E-03
0.14152653673725E+01     0.31685552676208E-03
0.14250838042635E+01     0.38340355968103E-03
0.14349022411546E+01     0.45237701851875E-03
0.14447206780456E+01     0.52726274589077E-03
0.14545391149367E+01     0.60474901692942E-03
0.14643575518277E+01     0.68771274527535E-03
0.14741759887188E+01     0.77337474795058E-03
0.14839944256098E+01     0.86400611326098E-03
0.14938128625009E+01     0.95747638260946E-03
0.15036312993919E+01     0.10551919694990E-02
0.15134497362830E+01     0.11558347614482E-02
0.15232681731740E+01     0.12596677988768E-02
0.15330866100651E+01     0.13663842109963E-02
0.15429050469561E+01     0.14750421978533E-02
0.15527234838471E+01     0.15865492168814E-02
0.15625419207382E+01     0.16984891844913E-02
0.15723603576292E+01     0.18131700344384E-02
0.15821787945203E+01     0.19265371374786E-02
0.15919972314113E+01     0.20424162503332E-02
0.16018156683024E+01     0.21549754310399E-02
0.16116341051934E+01     0.22698412649333E-02
0.16214525420845E+01     0.23792965803295E-02
0.16312709789755E+01     0.24907311890274E-02
0.16410894158666E+01     0.25945201050490E-02
0.16509078527576E+01     0.26999984402210E-02
0.16607262896487E+01     0.27955872938037E-02
0.16705447265397E+01     0.28925093356520E-02
0.16803631634308E+01     0.29773842543364E-02
0.16901816003218E+01     0.30632568523288E-02
0.17000000372128E+01     0.31350941862911E-02
0.17098184741039E+01     0.32076020725071E-02
0.17196369109949E+01     0.32643023878336E-02
0.17294553478860E+01     0.33214190043509E-02
0.17392737847770E+01     0.33612858969718E-02
0.17490922216681E+01     0.34013919066638E-02
0.17589106585591E+01     0.34231822937727E-02
0.17687290954502E+01     0.34451286774129E-02
0.17785475323412E+01     0.34481093753129E-02
0.17883659692323E+01     0.34512551501393E-02
0.17981844061233E+01     0.34352352377027E-02
0.18080028430144E+01     0.34194877371192E-02
0.18178212799054E+01     0.33848229795694E-02
0.18276397167965E+01     0.33506364561617E-02
0.18374581536875E+01     0.32982220873237E-02
0.18472765905785E+01     0.32465797849000E-02
0.18570950274696E+01     0.31778137199581E-02
0.18669134643606E+01     0.31101887580007E-02
0.18767319012517E+01     0.30269213020802E-02
0.18865503381427E+01     0.29452210292220E-02
0.18963687750338E+01     0.28496913146228E-02
0.19061872119248E+01     0.27561909519136E-02
0.19160056488159E+01     0.26509340386838E-02
0.19258240857069E+01     0.25481849443167E-02
0.19356425225980E+01     0.24359214585274E-02
0.19454609594890E+01     0.23266216740012E-02
0.19552793963801E+01     0.22101653739810E-02
0.19650978332711E+01     0.20970958285034E-02
0.19749162701621E+01     0.19792050588876E-02
0.19847347070532E+01     0.18650759011507E-02
0.19945531439442E+01     0.17484325217083E-02
0.20043715808353E+01     0.16358405118808E-02
0.20141900177263E+01     0.15229203272611E-02
0.20240084546174E+01     0.14142821310088E-02
0.20338268915084E+01     0.13074006419629E-02
0.20436453283995E+01     0.12049891520292E-02
0.20534637652905E+01     0.11063198326156E-02
0.20632822021816E+01     0.10122706880793E-02
0.20731006390726E+01     0.92400319408625E-03
0.20829190759637E+01     0.84054254693910E-03
0.20927375128547E+01     0.76494552195072E-03
0.21025559497458E+01     0.69440464721993E-03
0.21123743866368E+01     0.63378998311237E-03
0.21221928235278E+01     0.57849026052281E-03
0.21320112604189E+01     0.53471326828003E-03
0.21418296973099E+01     0.49633427988738E-03
0.21516481342010E+01     0.46980587649159E-03
0.21614665710920E+01     0.44824520591646E-03
0.21712850079831E+01     0.43646196718328E-03
0.21811034448741E+01     0.42841836693697E-03
0.21909218817652E+01     0.42490905616432E-03
0.22007403186562E+01     0.42297248728573E-03
0.22105587555473E+01     0.41761816828512E-03
0.22203771924383E+01     0.41112440521829E-03
0.22301956293294E+01     0.39270022534765E-03
0.22400140662204E+01     0.37074796273373E-03
0.22498325031115E+01     0.33117024577223E-03
0.22596509400025E+01     0.28706368175335E-03
0.22694693768935E+01     0.22550293942913E-03
0.22792878137846E+01     0.16043915820774E-03
0.22891062506756E+01     0.84769155364484E-04
0.22989246875667E+01     0.84432913354249E-05
0.23087431244577E+01     0.00000000000000E+00
0.23185615613488E+01     0.00000000000000E+00
0.23283799982398E+01     0.00000000000000E+00
