0.10716201844600E+01     0.00000000000000E+00
0.10814386204856E+01     0.00000000000000E+00
0.10912570565112E+01     0.00000000000000E+00
0.11010754925368E+01     0.19623222351074E+01
0.11108939285624E+01     0.19455415010452E+01
0.11207123645880E+01     0.19290856122971E+01
0.11305308006136E+01     0.19129464626312E+01
0.11403492366393E+01     0.18971165418625E+01
0.11501676726649E+01     0.18815884590149E+01
0.11599861086905E+01     0.18663548231125E+01
0.11698045447161E+01     0.18514086008072E+01
0.11796229807417E+01     0.18367427587509E+01
0.11894414167673E+01     0.18223501443863E+01
0.11992598527929E+01     0.18082240819931E+01
0.12090782888185E+01     0.17943576574326E+01
0.12188967248442E+01     0.17807438373566E+01
0.12287151608698E+01     0.17673761844635E+01
0.12385335968954E+01     0.17542475461960E+01
0.12483520329210E+01     0.17413514852524E+01
0.12581704689466E+01     0.17286810874939E+01
0.12679889049722E+01     0.17162299156189E+01
0.12778073409978E+01     0.17039910554886E+01
0.12876257770234E+01     0.16919579505920E+01
0.12974442130490E+01     0.16801241636276E+01
0.13072626490747E+01     0.16684832572937E+01
0.13170810851003E+01     0.16570281982422E+01
0.13268995211259E+01     0.16457512378693E+01
0.13367179571515E+01     0.16346117258072E+01
0.13465363931771E+01     0.16237531900406E+01
0.13563548292027E+01     0.16129696369171E+01
0.13661732652283E+01     0.16023561954498E+01
0.13759917012539E+01     0.15918965339661E+01
0.13858101372796E+01     0.15815844535828E+01
0.13956285733052E+01     0.15714131593704E+01
0.14054470093308E+01     0.15613329410553E+01
0.14152654453564E+01     0.15513538122177E+01
0.14250838813820E+01     0.15414934158325E+01
0.14349023174076E+01     0.15317617654800E+01
0.14447207534332E+01     0.15221645832062E+01
0.14545391894588E+01     0.15127052068710E+01
0.14643576254844E+01     0.15033855438232E+01
0.14741760615101E+01     0.14942067861557E+01
0.14839944975357E+01     0.14851686954498E+01
0.14938129335613E+01     0.14762704372406E+01
0.15036313695869E+01     0.14675101041794E+01
0.15134498056125E+01     0.14588850736618E+01
0.15232682416381E+01     0.14503923654556E+01
0.15330866776637E+01     0.14420280456543E+01
0.15429051136893E+01     0.14337873458862E+01
0.15527235497150E+01     0.14256653785706E+01
0.15625419857406E+01     0.14176561832428E+01
0.15723604217662E+01     0.14097535610199E+01
0.15821788577918E+01     0.14019511938095E+01
0.15919972938174E+01     0.13942419290543E+01
0.16018157298430E+01     0.13866189718246E+01
0.16116341658686E+01     0.13790748119354E+01
0.16214526018942E+01     0.13716024160385E+01
0.16312710379199E+01     0.13641946315765E+01
0.16410894739455E+01     0.13568446636200E+01
0.16509079099711E+01     0.13495458364487E+01
0.16607263459967E+01     0.13422918319702E+01
0.16705447820223E+01     0.13350765705109E+01
0.16803632180479E+01     0.13278948068619E+01
0.16901816540735E+01     0.13207412958145E+01
0.17000000900991E+01     0.13136113882065E+01
0.17098185261247E+01     0.13065010309219E+01
0.17196369621504E+01     0.12994066476822E+01
0.17294553981760E+01     0.12923257350922E+01
0.17392738342016E+01     0.12852561473846E+01
0.17490922702272E+01     0.12781972885132E+01
0.17589107062528E+01     0.12711493968964E+01
0.17687291422784E+01     0.12641143798828E+01
0.17785475783040E+01     0.12570950984955E+01
0.17883660143296E+01     0.12500963211060E+01
0.17981844503553E+01     0.12431237697601E+01
0.18080028863809E+01     0.12361847162247E+01
0.18178213224065E+01     0.12292870283127E+01
0.18276397584321E+01     0.12224395275116E+01
0.18374581944577E+01     0.12156512737274E+01
0.18472766304833E+01     0.12089308500290E+01
0.18570950665089E+01     0.12022862434387E+01
0.18669135025345E+01     0.11957238912582E+01
0.18767319385602E+01     0.11892489194870E+01
0.18865503745858E+01     0.11828641891479E+01
0.18963688106114E+01     0.11765701770782E+01
0.19061872466370E+01     0.11703654527664E+01
0.19160056826626E+01     0.11642459630966E+01
0.19258241186882E+01     0.11582058668137E+01
0.19356425547138E+01     0.11522376537323E+01
0.19454609907394E+01     0.11463328599930E+01
0.19552794267650E+01     0.11404823064804E+01
0.19650978627907E+01     0.11346771717072E+01
0.19749162988163E+01     0.11289087533951E+01
0.19847347348419E+01     0.11231700181961E+01
0.19945531708675E+01     0.11174546480179E+01
0.20043716068931E+01     0.11117596626282E+01
0.20141900429187E+01     0.11060829162598E+01
0.20240084789443E+01     0.11004270315170E+01
0.20338269149699E+01     0.10947959423065E+01
0.20436453509956E+01     0.10891985893250E+01
0.20534637870212E+01     0.10836452245712E+01
0.20632822230468E+01     0.10781506299973E+01
0.20731006590724E+01     0.10727275609970E+01
0.20829190950980E+01     0.10673900842667E+01
0.20927375311236E+01     0.10621460676193E+01
0.21025559671492E+01     0.10569839477539E+01
0.21123744031748E+01     0.10518788099289E+01
0.21221928392005E+01     0.10468266010284E+01
0.21320112752261E+01     0.10418242216110E+01
0.21418297112517E+01     0.10410460233688E+01
0.21516481472773E+01     0.10353480577469E+01
0.21614665833029E+01     0.10297076702118E+01
0.21712850193285E+01     0.10241383314133E+01
0.21811034553541E+01     0.10186386108398E+01
0.21909218913797E+01     0.10132079124451E+01
0.22007403274054E+01     0.10078450441360E+01
0.22105587634310E+01     0.10025497674942E+01
0.22203771994566E+01     0.99732112884521E+00
0.22301956354822E+01     0.99215954542160E+00
0.22400140715078E+01     0.98706412315369E+00
0.22498325075334E+01     0.98203575611115E+00
0.22596509435590E+01     0.97707331180573E+00
0.22694693795846E+01     0.97217804193497E+00
0.22792878156102E+01     0.96734797954559E+00
0.22891062516359E+01     0.96258372068405E+00
0.22989246876615E+01     0.95788252353668E+00
0.23087431236871E+01     0.00000000000000E+00
0.23185615597127E+01     0.00000000000000E+00
0.23283799957383E+01     0.00000000000000E+00
