0.10716201844600E+01     0.00000000000000E+00
0.10814386204856E+01     0.00000000000000E+00
0.10912570565112E+01     0.00000000000000E+00
0.11010754925368E+01     0.47427451477233E-06
0.11108939285624E+01     0.93485471097665E-06
0.11207123645880E+01     0.20959009816579E-05
0.11305308006136E+01     0.45089195737091E-05
0.11403492366393E+01     0.88636406871956E-05
0.11501676726649E+01     0.16010031686164E-04
0.11599861086905E+01     0.26967785743182E-04
0.11698045447161E+01     0.42936295358231E-04
0.11796229807417E+01     0.65303189330734E-04
0.11894414167673E+01     0.95653282187413E-04
0.11992598527929E+01     0.13577402569354E-03
0.12090782888185E+01     0.18766168795992E-03
0.12188967248442E+01     0.25352166267112E-03
0.12287151608698E+01     0.33576966961846E-03
0.12385335968954E+01     0.43702509719878E-03
0.12483520329210E+01     0.56010461412370E-03
0.12581704689466E+01     0.70800690446049E-03
0.12679889049722E+01     0.88389753364027E-03
0.12778073409978E+01     0.10910846758634E-02
0.12876257770234E+01     0.13329966459423E-02
0.12974442130490E+01     0.16131610609591E-02
0.13072626490747E+01     0.19352112431079E-02
0.13170810851003E+01     0.23030121810734E-02
0.13268995211259E+01     0.27215662412345E-02
0.13367179571515E+01     0.32396626193076E-02
0.13465363931771E+01     0.36690370179713E-02
0.13563548292027E+01     0.42675184085965E-02
0.13661732652283E+01     0.49085537903011E-02
0.13759917012539E+01     0.56090918369591E-02
0.13858101372796E+01     0.63719335012138E-02
0.13956285733052E+01     0.72025880217552E-02
0.14054470093308E+01     0.81567047163844E-02
0.14152654453564E+01     0.92204520478845E-02
0.14250838813820E+01     0.10367084294558E-01
0.14349023174076E+01     0.11579462327063E-01
0.14447207534332E+01     0.12845256365836E-01
0.14545391894588E+01     0.14154758304358E-01
0.14643576254844E+01     0.15499910339713E-01
0.14741760615101E+01     0.16873961314559E-01
0.14839944975357E+01     0.18271265551448E-01
0.14938129335613E+01     0.19687267020345E-01
0.15036313695869E+01     0.21118406206369E-01
0.15134498056125E+01     0.22562136873603E-01
0.15232682416381E+01     0.24016818031669E-01
0.15330866776637E+01     0.25481728836894E-01
0.15429051136893E+01     0.26956900954247E-01
0.15527235497150E+01     0.28443071991205E-01
0.15625419857406E+01     0.29941489920020E-01
0.15723604217662E+01     0.31453799456358E-01
0.15821788577918E+01     0.32981768250465E-01
0.15919972938174E+01     0.34527134150267E-01
0.16018157298430E+01     0.36091253161430E-01
0.16116341658686E+01     0.37674922496080E-01
0.16214526018942E+01     0.39278026670218E-01
0.16312710379199E+01     0.40899336338043E-01
0.16410894739455E+01     0.42536232620478E-01
0.16509079099711E+01     0.44184621423483E-01
0.16607263459967E+01     0.45838762074709E-01
0.16705447820223E+01     0.47491345554590E-01
0.16803632180479E+01     0.49133498221636E-01
0.16901816540735E+01     0.50755046308041E-01
0.17000000900991E+01     0.52344661206007E-01
0.17098185261247E+01     0.53890220820904E-01
0.17196369621504E+01     0.55378995835781E-01
0.17294553981760E+01     0.56798048317432E-01
0.17392738342016E+01     0.58134384453297E-01
0.17490922702272E+01     0.59375274926424E-01
0.17589107062528E+01     0.60508295893669E-01
0.17687291422784E+01     0.61521559953690E-01
0.17785475783040E+01     0.62403641641140E-01
0.17883660143296E+01     0.63143715262413E-01
0.17981844503553E+01     0.63731469213963E-01
0.18080028863809E+01     0.64157299697399E-01
0.18178213224065E+01     0.64412251114845E-01
0.18276397584321E+01     0.64488351345062E-01
0.18374581944577E+01     0.64378723502159E-01
0.18472766304833E+01     0.64078092575073E-01
0.18570950665089E+01     0.63583157956600E-01
0.18669135025345E+01     0.62893144786358E-01
0.18767319385602E+01     0.62010262161493E-01
0.18865503745858E+01     0.60940157622099E-01
0.18963688106114E+01     0.59692114591599E-01
0.19061872466370E+01     0.58279156684875E-01
0.19160056826626E+01     0.56717813014984E-01
0.19258241186882E+01     0.55027738213539E-01
0.19356425547138E+01     0.53230978548527E-01
0.19454609907394E+01     0.51351204514503E-01
0.19552794267650E+01     0.49412745982409E-01
0.19650978627907E+01     0.47439642250538E-01
0.19749162988163E+01     0.45454628765583E-01
0.19847347348419E+01     0.43478272855282E-01
0.19945531708675E+01     0.41528016328812E-01
0.20043716068931E+01     0.39617381989956E-01
0.20141900429187E+01     0.37754967808723E-01
0.20240084789443E+01     0.35943768918514E-01
0.20338269149699E+01     0.34180261194706E-01
0.20436453509956E+01     0.32454300671816E-01
0.20534637870212E+01     0.30749117955565E-01
0.20632822230468E+01     0.29043130576611E-01
0.20731006590724E+01     0.27312224730849E-01
0.20829190950980E+01     0.25534363463521E-01
0.20927375311236E+01     0.23693587630987E-01
0.21025559671492E+01     0.21814048290253E-01
0.21123744031748E+01     0.19948188215494E-01
0.21221928392005E+01     0.18107466399670E-01
0.21320112752261E+01     0.16302973031998E-01
0.21418297112517E+01     0.16204215353355E-02
0.21516481472773E+01     0.13589060399681E-02
0.21614665833029E+01     0.11199341388419E-02
0.21712850193285E+01     0.90546114370227E-03
0.21811034553541E+01     0.71662914706394E-03
0.21909218913797E+01     0.55367226013914E-03
0.22007403274054E+01     0.41614531073719E-03
0.22105587634310E+01     0.30289034475572E-03
0.22203771994566E+01     0.21223766088951E-03
0.22301956354822E+01     0.14202779857442E-03
0.22400140715078E+01     0.89785236923490E-04
0.22498325075334E+01     0.52786217565881E-04
0.22596509435590E+01     0.28210670279805E-04
0.22694693795846E+01     0.13241893611848E-04
0.22792878156102E+01     0.52016202971572E-05
0.22891062516359E+01     0.16639314708300E-05
0.22989246876615E+01     0.54554794814976E-06
0.23087431236871E+01     0.00000000000000E+00
0.23185615597127E+01     0.00000000000000E+00
0.23283799957383E+01     0.00000000000000E+00
