0.10716201844600E+01     0.00000000000000E+00
0.10814386204856E+01     0.00000000000000E+00
0.10912570565112E+01     0.00000000000000E+00
0.11010754925368E+01     0.19339354038239E+01
0.11108939285624E+01     0.19168469905853E+01
0.11207123645880E+01     0.19000645875931E+01
0.11305308006136E+01     0.18835823535919E+01
0.11403492366393E+01     0.18673949241638E+01
0.11501676726649E+01     0.18514965772629E+01
0.11599861086905E+01     0.18358820676804E+01
0.11698045447161E+01     0.18205462694168E+01
0.11796229807417E+01     0.18054839372635E+01
0.11894414167673E+01     0.17906901836395E+01
0.11992598527929E+01     0.17761598825455E+01
0.12090782888185E+01     0.17618886232376E+01
0.12188967248442E+01     0.17478717565536E+01
0.12287151608698E+01     0.17341049909592E+01
0.12385335968954E+01     0.17205841541290E+01
0.12483520329210E+01     0.17073053121567E+01
0.12581704689466E+01     0.16942648887634E+01
0.12679889049722E+01     0.16814595460892E+01
0.12778073409978E+01     0.16688863039017E+01
0.12876257770234E+01     0.16565423011780E+01
0.12974442130490E+01     0.16444251537323E+01
0.13072626490747E+01     0.16325327157974E+01
0.13170810851003E+01     0.16208630800247E+01
0.13268995211259E+01     0.16094133853912E+01
0.13367179571515E+01     0.15981465578079E+01
0.13465363931771E+01     0.15872139930725E+01
0.13563548292027E+01     0.15764124393463E+01
0.13661732652283E+01     0.15658441781998E+01
0.13759917012539E+01     0.15554970502853E+01
0.13858101372796E+01     0.15453701019287E+01
0.13956285733052E+01     0.15354588031769E+01
0.14054470093308E+01     0.15257055759430E+01
0.14152654453564E+01     0.15161147117615E+01
0.14250838813820E+01     0.15067042112350E+01
0.14349023174076E+01     0.14974837303162E+01
0.14447207534332E+01     0.14884579181671E+01
0.14545391894588E+01     0.14796288013458E+01
0.14643576254844E+01     0.14709963798523E+01
0.14741760615101E+01     0.14625592231750E+01
0.14839944975357E+01     0.14543148279190E+01
0.14938129335613E+01     0.14462597370148E+01
0.15036313695869E+01     0.14383900165558E+01
0.15134498056125E+01     0.14307007789612E+01
0.15232682416381E+01     0.14231870174408E+01
0.15330866776637E+01     0.14158436059952E+01
0.15429051136893E+01     0.14086647033691E+01
0.15527235497150E+01     0.14016443490982E+01
0.15625419857406E+01     0.13947763442993E+01
0.15723604217662E+01     0.13880542516708E+01
0.15821788577918E+01     0.13814707994461E+01
0.15919972938174E+01     0.13750182390213E+01
0.16018157298430E+01     0.13686881065369E+01
0.16116341658686E+01     0.13624707460403E+01
0.16214526018942E+01     0.13563550710678E+01
0.16312710379199E+01     0.13503288030624E+01
0.16410894739455E+01     0.13443775177002E+01
0.16509079099711E+01     0.13384848833084E+01
0.16607263459967E+01     0.13326324224472E+01
0.16705447820223E+01     0.13267992734909E+01
0.16803632180479E+01     0.13209625482559E+01
0.16901816540735E+01     0.13150974512100E+01
0.17000000900991E+01     0.13091775178909E+01
0.17098185261247E+01     0.13031758069992E+01
0.17196369621504E+01     0.12970656156540E+01
0.17294553981760E+01     0.12908216714859E+01
0.17392738342016E+01     0.12844206094742E+01
0.17490922702272E+01     0.12778437137604E+01
0.17589107062528E+01     0.12710765600204E+01
0.17687291422784E+01     0.12641110420227E+01
0.17785475783040E+01     0.12569453716278E+01
0.17883660143296E+01     0.12495846748352E+01
0.17981844503553E+01     0.12420406341553E+01
0.18080028863809E+01     0.12343308925629E+01
0.18178213224065E+01     0.12264788150787E+01
0.18276397584321E+01     0.12185111045837E+01
0.18374581944577E+01     0.12104574441910E+01
0.18472766304833E+01     0.12023482322693E+01
0.18570950665089E+01     0.11942133903503E+01
0.18669135025345E+01     0.11860812902451E+01
0.18767319385602E+01     0.11779769659042E+01
0.18865503745858E+01     0.11699218750000E+01
0.18963688106114E+01     0.11619331836700E+01
0.19061872466370E+01     0.11540235280991E+01
0.19160056826626E+01     0.11462012529373E+01
0.19258241186882E+01     0.11384708881378E+01
0.19356425547138E+01     0.11308333873749E+01
0.19454609907394E+01     0.11232875585556E+01
0.19552794267650E+01     0.11158305406570E+01
0.19650978627907E+01     0.11084589958191E+01
0.19749162988163E+01     0.11011693477631E+01
0.19847347348419E+01     0.10939594507217E+01
0.19945531708675E+01     0.10868287086487E+01
0.20043716068931E+01     0.10797789096832E+01
0.20141900429187E+01     0.10728145837784E+01
0.20240084789443E+01     0.10659434795380E+01
0.20338269149699E+01     0.10591765642166E+01
0.20436453509956E+01     0.10525281429291E+01
0.20534637870212E+01     0.10460146665573E+01
0.20632822230468E+01     0.10396544933319E+01
0.20731006590724E+01     0.10334647893906E+01
0.20829190950980E+01     0.10274611711502E+01
0.20927375311236E+01     0.10216536521912E+01
0.21025559671492E+01     0.10160386562347E+01
0.21123744031748E+01     0.10105994939804E+01
0.21221928392005E+01     0.10053257942200E+01
0.21320112752261E+01     0.10002061128616E+01
0.21418297112517E+01     0.99969333410263E+00
0.21516481472773E+01     0.99426877498627E+00
0.21614665833029E+01     0.98899191617966E+00
0.21712850193285E+01     0.98385322093964E+00
0.21811034553541E+01     0.97884392738342E+00
0.21909218913797E+01     0.97395551204681E+00
0.22007403274054E+01     0.96918028593063E+00
0.22105587634310E+01     0.96451097726822E+00
0.22203771994566E+01     0.95994102954865E+00
0.22301956354822E+01     0.95546424388885E+00
0.22400140715078E+01     0.95107495784760E+00
0.22498325075334E+01     0.94676768779755E+00
0.22596509435590E+01     0.94253718852997E+00
0.22694693795846E+01     0.93837797641754E+00
0.22792878156102E+01     0.93428432941437E+00
0.22891062516359E+01     0.93024981021881E+00
0.22989246876615E+01     0.92626750469208E+00
0.23087431236871E+01     0.00000000000000E+00
0.23185615597127E+01     0.00000000000000E+00
0.23283799957383E+01     0.00000000000000E+00
