0.10716201844600E+01     0.00000000000000E+00
0.10814386204856E+01     0.00000000000000E+00
0.10912570565112E+01     0.00000000000000E+00
0.11010754925368E+01     0.33256909251213E+00
0.11108939285624E+01     0.33290991187096E+00
0.11207123645880E+01     0.33335524797440E+00
0.11305308006136E+01     0.33388847112656E+00
0.11403492366393E+01     0.33449620008469E+00
0.11501676726649E+01     0.33516490459442E+00
0.11599861086905E+01     0.33588278293610E+00
0.11698045447161E+01     0.33663782477379E+00
0.11796229807417E+01     0.33741882443428E+00
0.11894414167673E+01     0.33821454644203E+00
0.11992598527929E+01     0.33901372551918E+00
0.12090782888185E+01     0.33980533480644E+00
0.12188967248442E+01     0.34057733416557E+00
0.12287151608698E+01     0.34131851792336E+00
0.12385335968954E+01     0.34201589226723E+00
0.12483520329210E+01     0.34265673160553E+00
0.12581704689466E+01     0.34322717785835E+00
0.12679889049722E+01     0.34371319413185E+00
0.12778073409978E+01     0.34409886598587E+00
0.12876257770234E+01     0.34436833858490E+00
0.12974442130490E+01     0.34450444579124E+00
0.13072626490747E+01     0.34448960423470E+00
0.13170810851003E+01     0.34430420398712E+00
0.13268995211259E+01     0.34392657876015E+00
0.13367179571515E+01     0.34334105253220E+00
0.13465363931771E+01     0.34252884984016E+00
0.13563548292027E+01     0.34145992994308E+00
0.13661732652283E+01     0.34011405706406E+00
0.13759917012539E+01     0.33847248554230E+00
0.13858101372796E+01     0.33651232719421E+00
0.13956285733052E+01     0.33422407507896E+00
0.14054470093308E+01     0.33163723349571E+00
0.14152654453564E+01     0.32877770066261E+00
0.14250838813820E+01     0.32564443349838E+00
0.14349023174076E+01     0.32223701477051E+00
0.14447207534332E+01     0.31855621933937E+00
0.14545391894588E+01     0.31460380554199E+00
0.14643576254844E+01     0.31038355827332E+00
0.14741760615101E+01     0.30589935183525E+00
0.14839944975357E+01     0.30115526914597E+00
0.14938129335613E+01     0.29615372419357E+00
0.15036313695869E+01     0.29089525341988E+00
0.15134498056125E+01     0.28537875413895E+00
0.15232682416381E+01     0.27960094809532E+00
0.15330866776637E+01     0.27355417609215E+00
0.15429051136893E+01     0.26722690463066E+00
0.15527235497150E+01     0.26060482859612E+00
0.15625419857406E+01     0.25366881489754E+00
0.15723604217662E+01     0.24639545381069E+00
0.15821788577918E+01     0.23875862360001E+00
0.15919972938174E+01     0.23072825372219E+00
0.16018157298430E+01     0.22227200865746E+00
0.16116341658686E+01     0.21335616707802E+00
0.16214526018942E+01     0.20394602417946E+00
0.16312710379199E+01     0.19400775432587E+00
0.16410894739455E+01     0.18351149559021E+00
0.16509079099711E+01     0.17242997884750E+00
0.16607263459967E+01     0.16074208915234E+00
0.16705447820223E+01     0.14843554794788E+00
0.16803632180479E+01     0.13550797104836E+00
0.16901816540735E+01     0.12196852266788E+00
0.17000000900991E+01     0.10783887654543E+00
0.17098185261247E+01     0.93154139816761E-01
0.17196369621504E+01     0.77964387834072E-01
0.17294553981760E+01     0.62333032488823E-01
0.17392738342016E+01     0.46336740255356E-01
0.17490922702272E+01     0.30065258964896E-01
0.17589107062528E+01     0.13615842908621E-01
0.17687291422784E+01     0.29085015412420E-02
0.17785475783040E+01     0.19402625039220E-01
0.17883660143296E+01     0.35761423408985E-01
0.17981844503553E+01     0.51883511245251E-01
0.18080028863809E+01     0.67673258483410E-01
0.18178213224065E+01     0.83044379949570E-01
0.18276397584321E+01     0.97924053668976E-01
0.18374581944577E+01     0.11225374042988E+00
0.18472766304833E+01     0.12598694860935E+00
0.18570950665089E+01     0.13909155130386E+00
0.18669135025345E+01     0.15154847502708E+00
0.18767319385602E+01     0.16335061192513E+00
0.18865503745858E+01     0.17450051009655E+00
0.18963688106114E+01     0.18501000106335E+00
0.19061872466370E+01     0.19489730894566E+00
0.19160056826626E+01     0.20418444275856E+00
0.19258241186882E+01     0.21289649605751E+00
0.19356425547138E+01     0.22105988860130E+00
0.19454609907394E+01     0.22870101034641E+00
0.19552794267650E+01     0.23584336042404E+00
0.19650978627907E+01     0.24250981211662E+00
0.19749162988163E+01     0.24871869385242E+00
0.19847347348419E+01     0.25448670983315E+00
0.19945531708675E+01     0.25982365012169E+00
0.20043716068931E+01     0.26473948359489E+00
0.20141900429187E+01     0.26923668384552E+00
0.20240084789443E+01     0.27332082390785E+00
0.20338269149699E+01     0.27698931097984E+00
0.20436453509956E+01     0.28024661540985E+00
0.20534637870212E+01     0.28309059143066E+00
0.20632822230468E+01     0.28553020954132E+00
0.20731006590724E+01     0.28756710886955E+00
0.20829190950980E+01     0.28921458125114E+00
0.20927375311236E+01     0.29047903418541E+00
0.21025559671492E+01     0.29134231805801E+00
0.21123744031748E+01     0.29178375005722E+00
0.21221928392005E+01     0.29183214902878E+00
0.21320112752261E+01     0.29152259230614E+00
0.21418297112517E+01     0.29049977660179E+00
0.21516481472773E+01     0.28874766826630E+00
0.21614665833029E+01     0.28669318556786E+00
0.21712850193285E+01     0.28441533446312E+00
0.21811034553541E+01     0.28193831443787E+00
0.21909218913797E+01     0.27928641438484E+00
0.22007403274054E+01     0.27647981047630E+00
0.22105587634310E+01     0.27354073524475E+00
0.22203771994566E+01     0.27048590779305E+00
0.22301956354822E+01     0.26733633875847E+00
0.22400140715078E+01     0.26410606503487E+00
0.22498325075334E+01     0.26081642508507E+00
0.22596509435590E+01     0.25747993588448E+00
0.22694693795846E+01     0.25411984324455E+00
0.22792878156102E+01     0.25074863433838E+00
0.22891062516359E+01     0.24739173054695E+00
0.22989246876615E+01     0.24406436085701E+00
0.23087431236871E+01     0.00000000000000E+00
0.23185615597127E+01     0.00000000000000E+00
0.23283799957383E+01     0.00000000000000E+00
