0.10716201844600E+01     0.00000000000000E+00
0.10814386204856E+01     0.00000000000000E+00
0.10912570565112E+01     0.00000000000000E+00
0.11010754925368E+01     -.16338450283324E-14
0.11108939285624E+01     -.12964631233533E-14
0.11207123645880E+01     -.13782284843012E-14
0.11305308006136E+01     -.16616661431223E-14
0.11403492366393E+01     -.20500469489435E-14
0.11501676726649E+01     -.23229105660885E-14
0.11599861086905E+01     -.28790609643109E-14
0.11698045447161E+01     -.32831308320185E-14
0.11796229807417E+01     -.36804741993337E-14
0.11894414167673E+01     -.40712575082307E-14
0.11992598527929E+01     -.44556423302441E-14
0.12090782888185E+01     -.49718923944531E-14
0.12188967248442E+01     -.54798254421531E-14
0.12287151608698E+01     -.58437400189302E-14
0.12385335968954E+01     -.62018846072706E-14
0.12483520329210E+01     -.66881590225093E-14
0.12581704689466E+01     -.74322821253534E-14
0.12679889049722E+01     -.81648817684666E-14
0.12778073409978E+01     -.81021437321293E-14
0.12876257770234E+01     -.88184634019963E-14
0.12974442130490E+01     -.92665370548303E-14
0.13072626490747E+01     -.94524091177428E-14
0.13170810851003E+01     -.10142642713933E-13
0.13268995211259E+01     -.10570971181734E-13
0.13367179571515E+01     -.11242848726924E-13
0.13465363931771E+01     -.11656908924728E-13
0.13563548292027E+01     -.11818750662927E-13
0.13661732652283E+01     -.12711629268451E-13
0.13759917012539E+01     -.12620924745295E-13
0.13858101372796E+01     -.13013486399864E-13
0.13956285733052E+01     -.13879115108443E-13
0.14054470093308E+01     -.14257402563785E-13
0.14152654453564E+01     -.14630440955954E-13
0.14250838813820E+01     -.14998339552198E-13
0.14349023174076E+01     -.15361203384604E-13
0.14447207534332E+01     -.15719135791192E-13
0.14545391894588E+01     -.16072235027782E-13
0.14643576254844E+01     -.16420599350197E-13
0.14741760615101E+01     -.17670503190022E-13
0.14839944975357E+01     -.18003681905758E-13
0.14938129335613E+01     -.17885349708961E-13
0.15036313695869E+01     -.18212775376920E-13
0.15134498056125E+01     -.19418616562829E-13
0.15232682416381E+01     -.18854963570276E-13
0.15330866776637E+01     -.19605568592749E-13
0.15429051136893E+01     -.20346620777643E-13
0.15527235497150E+01     -.20648130625548E-13
0.15625419857406E+01     -.21373317883339E-13
0.15723604217662E+01     -.21239854289972E-13
0.15821788577918E+01     -.21952369934873E-13
0.15919972938174E+01     -.22656096765913E-13
0.16018157298430E+01     -.23351195719353E-13
0.16116341658686E+01     -.23208934841795E-13
0.16214526018942E+01     -.23892268507597E-13
0.16312710379199E+01     -.23748462641944E-13
0.16410894739455E+01     -.25234405765049E-13
0.16509079099711E+01     -.24275156198877E-13
0.16607263459967E+01     -.24936026550917E-13
0.16705447820223E+01     -.25589127916766E-13
0.16803632180479E+01     -.26234597515760E-13
0.16901816540735E+01     -.26872567485039E-13
0.17000000900991E+01     -.27503169961743E-13
0.17098185261247E+01     -.28126528612681E-13
0.17196369621504E+01     -.27965936248080E-13
0.17294553981760E+01     -.28579589595509E-13
0.17392738342016E+01     -.27650192858529E-13
0.17490922702272E+01     -.27494980847208E-13
0.17589107062528E+01     -.27341500171232E-13
0.17687291422784E+01     -.27189725419611E-13
0.17785475783040E+01     -.26288523021314E-13
0.17883660143296E+01     -.26144195383365E-13
0.17981844503553E+01     -.26001443226699E-13
0.18080028863809E+01     -.25121375994502E-13
0.18178213224065E+01     -.24250817554170E-13
0.18276397584321E+01     -.24851462169595E-13
0.18374581944577E+01     -.23991649189233E-13
0.18472766304833E+01     -.23864131767156E-13
0.18570950665089E+01     -.22299297689410E-13
0.18669135025345E+01     -.22182022589730E-13
0.18767319385602E+01     -.20642362331177E-13
0.18865503745858E+01     -.19826828845165E-13
0.18963688106114E+01     -.19019740277637E-13
0.19061872466370E+01     -.18220967879586E-13
0.19160056826626E+01     -.16733164672129E-13
0.19258241186882E+01     -.15260533518823E-13
0.19356425547138E+01     -.12422556405311E-13
0.19454609907394E+01     -.10299885063229E-13
0.19552794267650E+01     -.68321093072798E-14
0.19650978627907E+01     -.37388851678599E-14
0.19749162988163E+01     -.33820884736363E-15
0.19847347348419E+01     0.37018931214709E-14
0.19945531708675E+01     0.63627027061528E-14
0.20043716068931E+01     0.99971605700775E-14
0.20141900429187E+01     0.11938113698821E-13
0.20240084789443E+01     0.14520247051714E-13
0.20338269149699E+01     0.14450149993131E-13
0.20436453509956E+01     0.14707559917670E-13
0.20534637870212E+01     0.13010877538387E-13
0.20632822230468E+01     0.12301515397149E-13
0.20731006590724E+01     0.93435357378675E-14
0.20829190950980E+01     0.70547874928494E-14
0.20927375311236E+01     0.44683474009365E-14
0.21025559671492E+01     0.25414177496675E-14
0.21123744031748E+01     0.63240130998584E-15
0.21221928392005E+01     -.94421314317190E-15
0.21320112752261E+01     -.20363737195925E-14
0.21418297112517E+01     -.29625951418109E-14
0.21516481472773E+01     -.34147197297150E-14
0.21614665833029E+01     -.35537178363595E-14
0.21712850193285E+01     -.35376483508006E-14
0.21811034553541E+01     -.35217232843593E-14
0.21909218913797E+01     -.32010764210774E-14
0.22007403274054E+01     -.28832908350912E-14
0.22105587634310E+01     -.25683281981600E-14
0.22203771994566E+01     -.23313559080891E-14
0.22301956354822E+01     -.18718485810166E-14
0.22400140715078E+01     -.16400065577489E-14
0.22498325075334E+01     -.14101882020714E-14
0.22596509435590E+01     -.10715200775619E-14
0.22694693795846E+01     -.88293872682797E-15
0.22792878156102E+01     -.58609020711119E-15
0.22891062516359E+01     -.31002493777449E-15
0.22989246876615E+01     -.22698592051535E-16
0.23087431236871E+01     0.00000000000000E+00
0.23185615597127E+01     0.00000000000000E+00
0.23283799957383E+01     0.00000000000000E+00
