0.10716201844600E+01     0.00000000000000E+00
0.10814386204856E+01     0.00000000000000E+00
0.10912570565112E+01     0.00000000000000E+00
0.11010754925368E+01     0.20362767578125E+05
0.11108939285624E+01     0.18276523437500E+05
0.11207123645880E+01     0.22516042968750E+05
0.11305308006136E+01     0.28336226562500E+05
0.11403492366393E+01     0.35014148437500E+05
0.11501676726649E+01     0.42203167968750E+05
0.11599861086905E+01     0.49749074218750E+05
0.11698045447161E+01     0.57571910156250E+05
0.11796229807417E+01     0.65624562500000E+05
0.11894414167673E+01     0.73876867187500E+05
0.11992598527929E+01     0.82307398437500E+05
0.12090782888185E+01     0.90899976562500E+05
0.12188967248442E+01     0.99641250000000E+05
0.12287151608698E+01     0.10851985937500E+06
0.12385335968954E+01     0.11752531250000E+06
0.12483520329210E+01     0.12664779687500E+06
0.12581704689466E+01     0.13587757812500E+06
0.12679889049722E+01     0.14520509375000E+06
0.12778073409978E+01     0.15462054687500E+06
0.12876257770234E+01     0.16411403125000E+06
0.12974442130490E+01     0.17367562500000E+06
0.13072626490747E+01     0.18329596875000E+06
0.13170810851003E+01     0.19296845312500E+06
0.13268995211259E+01     0.20270156250000E+06
0.13367179571515E+01     0.21307306250000E+06
0.13465363931771E+01     0.22160637500000E+06
0.13563548292027E+01     0.23155634375000E+06
0.13661732652283E+01     0.24126614062500E+06
0.13759917012539E+01     0.25090909375000E+06
0.13858101372796E+01     0.26048667187500E+06
0.13956285733052E+01     0.27001928125000E+06
0.14054470093308E+01     0.27986178125000E+06
0.14152654453564E+01     0.28981731250000E+06
0.14250838813820E+01     0.29966762500000E+06
0.14349023174076E+01     0.30930871875000E+06
0.14447207534332E+01     0.31869056250000E+06
0.14545391894588E+01     0.32778975000000E+06
0.14643576254844E+01     0.33659681250000E+06
0.14741760615101E+01     0.34511071875000E+06
0.14839944975357E+01     0.35333528125000E+06
0.14938129335613E+01     0.36127787500000E+06
0.15036313695869E+01     0.36894781250000E+06
0.15134498056125E+01     0.37635603125000E+06
0.15232682416381E+01     0.38351428125000E+06
0.15330866776637E+01     0.39043478125000E+06
0.15429051136893E+01     0.39712962500000E+06
0.15527235497150E+01     0.40361068750000E+06
0.15625419857406E+01     0.40988887500000E+06
0.15723604217662E+01     0.41597396875000E+06
0.15821788577918E+01     0.42187403125000E+06
0.15919972938174E+01     0.42759515625000E+06
0.16018157298430E+01     0.43314078125000E+06
0.16116341658686E+01     0.43851165625000E+06
0.16214526018942E+01     0.44370521875000E+06
0.16312710379199E+01     0.44871565625000E+06
0.16410894739455E+01     0.45353359375000E+06
0.16509079099711E+01     0.45814653125000E+06
0.16607263459967E+01     0.46253862500000E+06
0.16705447820223E+01     0.46669162500000E+06
0.16803632180479E+01     0.47058496875000E+06
0.16901816540735E+01     0.47419687500000E+06
0.17000000900991E+01     0.47750456250000E+06
0.17098185261247E+01     0.48048546875000E+06
0.17196369621504E+01     0.48311731250000E+06
0.17294553981760E+01     0.48537918750000E+06
0.17392738342016E+01     0.48725159375000E+06
0.17490922702272E+01     0.48871712500000E+06
0.17589107062528E+01     0.48976043750000E+06
0.17687291422784E+01     0.49036850000000E+06
0.17785475783040E+01     0.49053021875000E+06
0.17883660143296E+01     0.49023681250000E+06
0.17981844503553E+01     0.48948109375000E+06
0.18080028863809E+01     0.48825778125000E+06
0.18178213224065E+01     0.48656303125000E+06
0.18276397584321E+01     0.48439465625000E+06
0.18374581944577E+01     0.48175165625000E+06
0.18472766304833E+01     0.47863478125000E+06
0.18570950665089E+01     0.47504656250000E+06
0.18669135025345E+01     0.47099175000000E+06
0.18767319385602E+01     0.46647762500000E+06
0.18865503745858E+01     0.46151462500000E+06
0.18963688106114E+01     0.45611637500000E+06
0.19061872466370E+01     0.45030034375000E+06
0.19160056826626E+01     0.44408746875000E+06
0.19258241186882E+01     0.43750253125000E+06
0.19356425547138E+01     0.43057337500000E+06
0.19454609907394E+01     0.42333065625000E+06
0.19552794267650E+01     0.41580696875000E+06
0.19650978627907E+01     0.40803615625000E+06
0.19749162988163E+01     0.40005178125000E+06
0.19847347348419E+01     0.39188646875000E+06
0.19945531708675E+01     0.38356965625000E+06
0.20043716068931E+01     0.37512656250000E+06
0.20141900429187E+01     0.36657500000000E+06
0.20240084789443E+01     0.35792387500000E+06
0.20338269149699E+01     0.34916893750000E+06
0.20436453509956E+01     0.34029237500000E+06
0.20534637870212E+01     0.33125893750000E+06
0.20632822230468E+01     0.32201946875000E+06
0.20731006590724E+01     0.31251071875000E+06
0.20829190950980E+01     0.30266609375000E+06
0.20927375311236E+01     0.29241925000000E+06
0.21025559671492E+01     0.28179221875000E+06
0.21123744031748E+01     0.27088321875000E+06
0.21221928392005E+01     0.25969693750000E+06
0.21320112752261E+01     0.24823442187500E+06
0.21418297112517E+01     0.15272259375000E+06
0.21516481472773E+01     0.14343884375000E+06
0.21614665833029E+01     0.13401353125000E+06
0.21712850193285E+01     0.12447752343750E+06
0.21811034553541E+01     0.11486321875000E+06
0.21909218913797E+01     0.10519883593750E+06
0.22007403274054E+01     0.95516312500000E+05
0.22105587634310E+01     0.85844507812500E+05
0.22203771994566E+01     0.76217914062500E+05
0.22301956354822E+01     0.66670468750000E+05
0.22400140715078E+01     0.57245621093750E+05
0.22498325075334E+01     0.47994562500000E+05
0.22596509435590E+01     0.38992750000000E+05
0.22694693795846E+01     0.30365716796875E+05
0.22792878156102E+01     0.22383478515625E+05
0.22891062516359E+01     0.15882550781250E+05
0.22989246876615E+01     0.14968116210938E+05
0.23087431236871E+01     0.00000000000000E+00
0.23185615597127E+01     0.00000000000000E+00
0.23283799957383E+01     0.00000000000000E+00
