0.10716201844600E+01     0.00000000000000E+00
0.10814386204856E+01     0.00000000000000E+00
0.10912570565112E+01     0.00000000000000E+00
0.11010754925368E+01     0.34510268554688E+04
0.11108939285624E+01     0.31273742675781E+04
0.11207123645880E+01     0.38908803710938E+04
0.11305308006136E+01     0.49458461914063E+04
0.11403492366393E+01     0.61736318359375E+04
0.11501676726649E+01     0.75175952148438E+04
0.11599861086905E+01     0.89532050781250E+04
0.11698045447161E+01     0.10468182617188E+05
0.11796229807417E+01     0.12055560546875E+05
0.11894414167673E+01     0.13710994140625E+05
0.11992598527929E+01     0.15431350585938E+05
0.12090782888185E+01     0.17214125000000E+05
0.12188967248442E+01     0.19056953125000E+05
0.12287151608698E+01     0.20957529296875E+05
0.12385335968954E+01     0.22913257812500E+05
0.12483520329210E+01     0.24921285156250E+05
0.12581704689466E+01     0.26978300781250E+05
0.12679889049722E+01     0.29080548828125E+05
0.12778073409978E+01     0.31223611328125E+05
0.12876257770234E+01     0.33402531250000E+05
0.12974442130490E+01     0.35611667968750E+05
0.13072626490747E+01     0.37844882812500E+05
0.13170810851003E+01     0.40095789062500E+05
0.13268995211259E+01     0.42360261718750E+05
0.13367179571515E+01     0.44754804687500E+05
0.13465363931771E+01     0.46747609375000E+05
0.13563548292027E+01     0.49019656250000E+05
0.13661732652283E+01     0.51210835937500E+05
0.13759917012539E+01     0.53348832031250E+05
0.13858101372796E+01     0.55423519531250E+05
0.13956285733052E+01     0.57430437500000E+05
0.14054470093308E+01     0.59444453125000E+05
0.14152654453564E+01     0.61420855468750E+05
0.14250838813820E+01     0.63305546875000E+05
0.14349023174076E+01     0.65069335937500E+05
0.14447207534332E+01     0.66695062500000E+05
0.14545391894588E+01     0.68171843750000E+05
0.14643576254844E+01     0.69492562500000E+05
0.14741760615101E+01     0.70652296875000E+05
0.14839944975357E+01     0.71647609375000E+05
0.14938129335613E+01     0.72475734375000E+05
0.15036313695869E+01     0.73134195312500E+05
0.15134498056125E+01     0.73620617187500E+05
0.15232682416381E+01     0.73932375000000E+05
0.15330866776637E+01     0.74065867187500E+05
0.15429051136893E+01     0.74016359375000E+05
0.15527235497150E+01     0.73778109375000E+05
0.15625419857406E+01     0.73343609375000E+05
0.15723604217662E+01     0.72703554687500E+05
0.15821788577918E+01     0.71847054687500E+05
0.15919972938174E+01     0.70761226562500E+05
0.16018157298430E+01     0.69431523437500E+05
0.16116341658686E+01     0.67841984375000E+05
0.16214526018942E+01     0.65975328125000E+05
0.16312710379199E+01     0.63813710937500E+05
0.16410894739455E+01     0.61339835937500E+05
0.16509079099711E+01     0.58536875000000E+05
0.16607263459967E+01     0.55389914062500E+05
0.16705447820223E+01     0.51887382812500E+05
0.16803632180479E+01     0.48021886718750E+05
0.16901816540735E+01     0.43791382812500E+05
0.17000000900991E+01     0.39199992187500E+05
0.17098185261247E+01     0.34258839843750E+05
0.17196369621504E+01     0.28987033203125E+05
0.17294553981760E+01     0.23411402343750E+05
0.17392738342016E+01     0.17566654296875E+05
0.17490922702272E+01     0.11495414062500E+05
0.17589107062528E+01     0.52460400390625E+04
0.17687291422784E+01     0.11282503662109E+04
0.17785475783040E+01     0.75710849609375E+04
0.17883660143296E+01     0.14024171875000E+05
0.17981844503553E+01     0.20429177734375E+05
0.18080028863809E+01     0.26729013671875E+05
0.18178213224065E+01     0.32869722656250E+05
0.18276397584321E+01     0.38802644531250E+05
0.18374581944577E+01     0.44485144531250E+05
0.18472766304833E+01     0.49880218750000E+05
0.18570950665089E+01     0.54957765625000E+05
0.18669135025345E+01     0.59694453125000E+05
0.18767319385602E+01     0.64073554687500E+05
0.18865503745858E+01     0.68084351562500E+05
0.18963688106114E+01     0.71722101562500E+05
0.19061872466370E+01     0.74987109375000E+05
0.19160056826626E+01     0.77883671875000E+05
0.19258241186882E+01     0.80419867187500E+05
0.19356425547138E+01     0.82606656250000E+05
0.19454609907394E+01     0.84457273437500E+05
0.19552794267650E+01     0.85985820312500E+05
0.19650978627907E+01     0.87207867187500E+05
0.19749162988163E+01     0.88138531250000E+05
0.19847347348419E+01     0.88793234375000E+05
0.19945531708675E+01     0.89185242187500E+05
0.20043716068931E+01     0.89327593750000E+05
0.20141900429187E+01     0.89229687500000E+05
0.20240084789443E+01     0.88900070312500E+05
0.20338269149699E+01     0.88341640625000E+05
0.20436453509956E+01     0.87555921875000E+05
0.20534637870212E+01     0.86537812500000E+05
0.20632822230468E+01     0.85281484375000E+05
0.20731006590724E+01     0.83775046875000E+05
0.20829190950980E+01     0.82008867187500E+05
0.20927375311236E+01     0.79971734375000E+05
0.21025559671492E+01     0.77671945312500E+05
0.21123744031748E+01     0.75141093750000E+05
0.21221928392005E+01     0.72397773437500E+05
0.21320112752261E+01     0.69460796875000E+05
0.21418297112517E+01     0.42616632812500E+05
0.21516481472773E+01     0.40003582031250E+05
0.21614665833029E+01     0.37312300781250E+05
0.21712850193285E+01     0.34568882812500E+05
0.21811034553541E+01     0.31791785156250E+05
0.21909218913797E+01     0.28997607421875E+05
0.22007403274054E+01     0.26202769531250E+05
0.22105587634310E+01     0.23422246093750E+05
0.22203771994566E+01     0.20671248046875E+05
0.22301956354822E+01     0.17964285156250E+05
0.22400140715078E+01     0.15317055664063E+05
0.22498325075334E+01     0.12746754882813E+05
0.22596509435590E+01     0.10275433593750E+05
0.22694693795846E+01     0.79373642578125E+04
0.22792878156102E+01     0.58020761718750E+04
0.22891062516359E+01     0.40819428710938E+04
0.22989246876615E+01     0.38138117675781E+04
0.23087431236871E+01     0.00000000000000E+00
0.23185615597127E+01     0.00000000000000E+00
0.23283799957383E+01     0.00000000000000E+00
