  -0.10996526474096222E+01
  -0.10824705747938468E+01
  -0.10652885021780714E+01
  -0.10481064295622959E+01
  -0.10309243569465205E+01
  -0.10137422843307451E+01
  -0.99656021171496978E+00
  -0.97937813909919447E+00
  -0.96219606648341915E+00
  -0.94501399386764384E+00
  -0.92783192125186853E+00
  -0.91064984863609322E+00
  -0.89346777602031791E+00
  -0.87628570340454259E+00
  -0.85910363078876728E+00
  -0.84192155817299197E+00
  -0.82473948555721666E+00
  -0.80755741294144134E+00
  -0.79037534032566603E+00
  -0.77319326770989072E+00
  -0.75601119509411541E+00
  -0.73882912247834009E+00
  -0.72164704986256478E+00
  -0.70446497724678947E+00
  -0.68728290463101416E+00
  -0.67010083201523885E+00
  -0.65291875939946353E+00
  -0.63573668678368822E+00
  -0.61855461416791291E+00
  -0.60137254155213760E+00
  -0.58419046893636228E+00
  -0.56700839632058697E+00
  -0.54982632370481166E+00
  -0.53264425108903635E+00
  -0.51546217847326103E+00
  -0.49828010585748567E+00
  -0.48109803324171030E+00
  -0.46391596062593493E+00
  -0.44673388801015956E+00
  -0.42955181539438420E+00
  -0.41236974277860883E+00
  -0.39518767016283346E+00
  -0.37800559754705809E+00
  -0.36082352493128272E+00
  -0.34364145231550736E+00
  -0.32645937969973199E+00
  -0.30927730708395662E+00
  -0.29209523446818125E+00
  -0.27491316185240589E+00
  -0.25773108923663052E+00
  -0.24054901662085518E+00
  -0.22336694400507984E+00
  -0.20618487138930450E+00
  -0.18900279877352916E+00
  -0.17182072615775382E+00
  -0.15463865354197848E+00
  -0.13745658092620314E+00
  -0.12027450831042778E+00
  -0.10309243569465243E+00
  -0.85910363078877075E-01
  -0.68728290463101721E-01
  -0.51546217847326367E-01
  -0.34364145231551013E-01
  -0.17182072615775663E-01
  -0.31225022567582528E-15
   0.17182072615775038E-01
   0.34364145231550389E-01
   0.51546217847325743E-01
   0.68728290463101097E-01
   0.85910363078876451E-01
   0.10309243569465180E+00
   0.12027450831042716E+00
   0.13745658092620250E+00
   0.15463865354197784E+00
   0.17182072615775318E+00
   0.18900279877352852E+00
   0.20618487138930386E+00
   0.22336694400507920E+00
   0.24054901662085454E+00
   0.25773108923662991E+00
   0.27491316185240527E+00
   0.29209523446818064E+00
   0.30927730708395601E+00
   0.32645937969973138E+00
   0.34364145231550675E+00
   0.36082352493128211E+00
   0.37800559754705748E+00
   0.39518767016283285E+00
   0.41236974277860822E+00
   0.42955181539438358E+00
   0.44673388801015895E+00
   0.46391596062593432E+00
   0.48109803324170969E+00
   0.49828010585748506E+00
   0.51546217847326037E+00
   0.53264425108903568E+00
   0.54982632370481099E+00
   0.56700839632058631E+00
   0.58419046893636162E+00
   0.60137254155213693E+00
   0.61855461416791224E+00
   0.63573668678368755E+00
   0.65291875939946287E+00
   0.67010083201523818E+00
   0.68728290463101349E+00
   0.70446497724678880E+00
   0.72164704986256412E+00
   0.73882912247833943E+00
   0.75601119509411474E+00
   0.77319326770989005E+00
   0.79037534032566537E+00
   0.80755741294144068E+00
   0.82473948555721599E+00
   0.84192155817299130E+00
   0.85910363078876661E+00
   0.87628570340454193E+00
   0.89346777602031724E+00
   0.91064984863609255E+00
   0.92783192125186786E+00
   0.94501399386764318E+00
   0.96219606648341849E+00
   0.97937813909919380E+00
   0.99656021171496911E+00
   0.10137422843307444E+01
   0.10309243569465198E+01
   0.10481064295622953E+01
   0.10652885021780707E+01
   0.10824705747938461E+01
   0.10996526474096215E+01
