0.10716201844600E+01     0.00000000000000E+00
0.10814386204856E+01     0.00000000000000E+00
0.10912570565112E+01     0.00000000000000E+00
0.11010754925368E+01     0.33453889160156E+04
0.11108939285624E+01     0.38305097656250E+04
0.11207123645880E+01     0.78343188476563E+04
0.11305308006136E+01     0.13011799804688E+05
0.11403492366393E+01     0.19317708984375E+05
0.11501676726649E+01     0.26685720703125E+05
0.11599861086905E+01     0.35095578125000E+05
0.11698045447161E+01     0.44509796875000E+05
0.11796229807417E+01     0.54908492187500E+05
0.11894414167673E+01     0.66314625000000E+05
0.11992598527929E+01     0.78684406250000E+05
0.12090782888185E+01     0.92097531250000E+05
0.12188967248442E+01     0.10653803125000E+06
0.12287151608698E+01     0.12202117187500E+06
0.12385335968954E+01     0.13867426562500E+06
0.12483520329210E+01     0.15648240625000E+06
0.12581704689466E+01     0.17549454687500E+06
0.12679889049722E+01     0.19582054687500E+06
0.12778073409978E+01     0.21753603125000E+06
0.12876257770234E+01     0.24066448437500E+06
0.12974442130490E+01     0.26527553125000E+06
0.13072626490747E+01     0.29145100000000E+06
0.13170810851003E+01     0.31930118750000E+06
0.13268995211259E+01     0.34850253125000E+06
0.13367179571515E+01     0.38027609375000E+06
0.13465363931771E+01     0.41376518750000E+06
0.13563548292027E+01     0.44787212500000E+06
0.13661732652283E+01     0.48458965625000E+06
0.13759917012539E+01     0.52301403125000E+06
0.13858101372796E+01     0.56310493750000E+06
0.13956285733052E+01     0.60172987500000E+06
0.14054470093308E+01     0.63466643750000E+06
0.14152654453564E+01     0.66833568750000E+06
0.14250838813820E+01     0.70269900000000E+06
0.14349023174076E+01     0.73752368750000E+06
0.14447207534332E+01     0.77272837500000E+06
0.14545391894588E+01     0.80810550000000E+06
0.14643576254844E+01     0.84359712500000E+06
0.14741760615101E+01     0.87920393750000E+06
0.14839944975357E+01     0.91498181250000E+06
0.14938129335613E+01     0.95113412500000E+06
0.15036313695869E+01     0.98782325000000E+06
0.15134498056125E+01     0.10251719375000E+07
0.15232682416381E+01     0.10634117500000E+07
0.15330866776637E+01     0.11029807500000E+07
0.15429051136893E+01     0.11440728750000E+07
0.15527235497150E+01     0.11868807500000E+07
0.15625419857406E+01     0.12319391250000E+07
0.15723604217662E+01     0.12793040000000E+07
0.15821788577918E+01     0.13292832500000E+07
0.15919972938174E+01     0.13820650000000E+07
0.16018157298430E+01     0.14377151250000E+07
0.16116341658686E+01     0.14961977500000E+07
0.16214526018942E+01     0.15575628750000E+07
0.16312710379199E+01     0.16213461250000E+07
0.16410894739455E+01     0.16871945000000E+07
0.16509079099711E+01     0.17547595000000E+07
0.16607263459967E+01     0.18231122500000E+07
0.16705447820223E+01     0.18913743750000E+07
0.16803632180479E+01     0.19584962500000E+07
0.16901816540735E+01     0.20232836250000E+07
0.17000000900991E+01     0.20845171250000E+07
0.17098185261247E+01     0.21409130000000E+07
0.17196369621504E+01     0.21909737500000E+07
0.17294553981760E+01     0.22336832500000E+07
0.17392738342016E+01     0.22675715000000E+07
0.17490922702272E+01     0.22918275000000E+07
0.17589107062528E+01     0.23058407500000E+07
0.17687291422784E+01     0.23092422500000E+07
0.17785475783040E+01     0.23019430000000E+07
0.17883660143296E+01     0.22840945000000E+07
0.17981844503553E+01     0.22561242500000E+07
0.18080028863809E+01     0.22186877500000E+07
0.18178213224065E+01     0.21727070000000E+07
0.18276397584321E+01     0.21197547500000E+07
0.18374581944577E+01     0.20607981250000E+07
0.18472766304833E+01     0.19971506250000E+07
0.18570950665089E+01     0.19301347500000E+07
0.18669135025345E+01     0.18609588750000E+07
0.18767319385602E+01     0.17906922500000E+07
0.18865503745858E+01     0.17202426250000E+07
0.18963688106114E+01     0.16505565000000E+07
0.19061872466370E+01     0.15821248750000E+07
0.19160056826626E+01     0.15154238750000E+07
0.19258241186882E+01     0.14507930000000E+07
0.19356425547138E+01     0.13884643750000E+07
0.19454609907394E+01     0.13283841250000E+07
0.19552794267650E+01     0.12705571250000E+07
0.19650978627907E+01     0.12149358750000E+07
0.19749162988163E+01     0.11613122500000E+07
0.19847347348419E+01     0.11094306250000E+07
0.19945531708675E+01     0.10590448750000E+07
0.20043716068931E+01     0.10099058125000E+07
0.20141900429187E+01     0.96183281250000E+06
0.20240084789443E+01     0.91454787500000E+06
0.20338269149699E+01     0.86786656250000E+06
0.20436453509956E+01     0.82166931250000E+06
0.20534637870212E+01     0.77597275000000E+06
0.20632822230468E+01     0.73078131250000E+06
0.20731006590724E+01     0.68605056250000E+06
0.20829190950980E+01     0.64194106250000E+06
0.20927375311236E+01     0.59847943750000E+06
0.21025559671492E+01     0.54980506250000E+06
0.21123744031748E+01     0.50267940625000E+06
0.21221928392005E+01     0.45797190625000E+06
0.21320112752261E+01     0.36519109375000E+06
0.21418297112517E+01     0.27714937500000E+06
0.21516481472773E+01     0.29788928125000E+06
0.21614665833029E+01     0.26353459375000E+06
0.21712850193285E+01     0.23152054687500E+06
0.21811034553541E+01     0.20169906250000E+06
0.21909218913797E+01     0.17409381250000E+06
0.22007403274054E+01     0.14856801562500E+06
0.22105587634310E+01     0.12507653125000E+06
0.22203771994566E+01     0.10353263281250E+06
0.22301956354822E+01     0.83858015625000E+05
0.22400140715078E+01     0.66050625000000E+05
0.22498325075334E+01     0.50065136718750E+05
0.22596509435590E+01     0.35957562500000E+05
0.22694693795846E+01     0.23825109375000E+05
0.22792878156102E+01     0.13818916992188E+05
0.22891062516359E+01     0.61841274414063E+04
0.22989246876615E+01     0.19813873291016E+04
0.23087431236871E+01     0.00000000000000E+00
0.23185615597127E+01     0.00000000000000E+00
0.23283799957383E+01     0.00000000000000E+00
