0.10716201844600E+01     0.00000000000000E+00
0.10814386204856E+01     0.00000000000000E+00
0.10912570565112E+01     0.00000000000000E+00
0.11010754925368E+01     0.11107568359375E+04
0.11108939285624E+01     0.38473320312500E+04
0.11207123645880E+01     0.75784267578125E+04
0.11305308006136E+01     0.12860475585938E+05
0.11403492366393E+01     0.18637138671875E+05
0.11501676726649E+01     0.26125984375000E+05
0.11599861086905E+01     0.33803218750000E+05
0.11698045447161E+01     0.43295546875000E+05
0.11796229807417E+01     0.52849015625000E+05
0.11894414167673E+01     0.64240820312500E+05
0.11992598527929E+01     0.75740429687500E+05
0.12090782888185E+01     0.89022734375000E+05
0.12188967248442E+01     0.10263631250000E+06
0.12287151608698E+01     0.11787507031250E+06
0.12385335968954E+01     0.13378670312500E+06
0.12483520329210E+01     0.15126287500000E+06
0.12581704689466E+01     0.16963914062500E+06
0.12679889049722E+01     0.18957890625000E+06
0.12778073409978E+01     0.21077589062500E+06
0.12876257770234E+01     0.23350010937500E+06
0.12974442130490E+01     0.25771562500000E+06
0.13072626490747E+01     0.28350525000000E+06
0.13170810851003E+01     0.31112103125000E+06
0.13268995211259E+01     0.34060625000000E+06
0.13367179571515E+01     0.37073468750000E+06
0.13465363931771E+01     0.40346656250000E+06
0.13563548292027E+01     0.43908006250000E+06
0.13661732652283E+01     0.47524678125000E+06
0.13759917012539E+01     0.51376506250000E+06
0.13858101372796E+01     0.55365037500000E+06
0.13956285733052E+01     0.59372256250000E+06
0.14054470093308E+01     0.62893687500000E+06
0.14152654453564E+01     0.66498750000000E+06
0.14250838813820E+01     0.70058393750000E+06
0.14349023174076E+01     0.73693212500000E+06
0.14447207534332E+01     0.77268781250000E+06
0.14545391894588E+01     0.80907581250000E+06
0.14643576254844E+01     0.84458981250000E+06
0.14741760615101E+01     0.88074656250000E+06
0.14839944975357E+01     0.91606631250000E+06
0.14938129335613E+01     0.95234300000000E+06
0.15036313695869E+01     0.98816087500000E+06
0.15134498056125E+01     0.10252811875000E+07
0.15232682416381E+01     0.10623352500000E+07
0.15330866776637E+01     0.11014456250000E+07
0.15429051136893E+01     0.11411821250000E+07
0.15527235497150E+01     0.11834551250000E+07
0.15625419857406E+01     0.12271441250000E+07
0.15723604217662E+01     0.12740678750000E+07
0.15821788577918E+01     0.13228128750000E+07
0.15919972938174E+01     0.13753921250000E+07
0.16018157298430E+01     0.14300615000000E+07
0.16116341658686E+01     0.14886781250000E+07
0.16214526018942E+01     0.15493827500000E+07
0.16312710379199E+01     0.16136741250000E+07
0.16410894739455E+01     0.16791911250000E+07
0.16509079099711E+01     0.17476150000000E+07
0.16607263459967E+01     0.18159311250000E+07
0.16705447820223E+01     0.18853286250000E+07
0.16803632180479E+01     0.19526350000000E+07
0.16901816540735E+01     0.20187237500000E+07
0.17000000900991E+01     0.20802612500000E+07
0.17098185261247E+01     0.21379837500000E+07
0.17196369621504E+01     0.21883372500000E+07
0.17294553981760E+01     0.22322332500000E+07
0.17392738342016E+01     0.22662580000000E+07
0.17490922702272E+01     0.22913997500000E+07
0.17589107062528E+01     0.23052662500000E+07
0.17687291422784E+01     0.23091440000000E+07
0.17785475783040E+01     0.23013605000000E+07
0.17883660143296E+01     0.22835730000000E+07
0.17981844503553E+01     0.22548360000000E+07
0.18080028863809E+01     0.22171582500000E+07
0.18178213224065E+01     0.21702867500000E+07
0.18276397584321E+01     0.21169907500000E+07
0.18374581944577E+01     0.20572306250000E+07
0.18472766304833E+01     0.19933567500000E+07
0.18570950665089E+01     0.19258158750000E+07
0.18669135025345E+01     0.18567055000000E+07
0.18767319385602E+01     0.17863096250000E+07
0.18865503745858E+01     0.17163045000000E+07
0.18963688106114E+01     0.16468986250000E+07
0.19061872466370E+01     0.15792830000000E+07
0.19160056826626E+01     0.15131758750000E+07
0.19258241186882E+01     0.14496402500000E+07
0.19356425547138E+01     0.13880216250000E+07
0.19454609907394E+01     0.13291633750000E+07
0.19552794267650E+01     0.12718601250000E+07
0.19650978627907E+01     0.12174012500000E+07
0.19749162988163E+01     0.11637321250000E+07
0.19847347348419E+01     0.11127778750000E+07
0.19945531708675E+01     0.10613548750000E+07
0.20043716068931E+01     0.10128368750000E+07
0.20141900429187E+01     0.96241450000000E+06
0.20240084789443E+01     0.91562137500000E+06
0.20338269149699E+01     0.86524031250000E+06
0.20436453509956E+01     0.81992887500000E+06
0.20534637870212E+01     0.76954087500000E+06
0.20632822230468E+01     0.72639575000000E+06
0.20731006590724E+01     0.67656443750000E+06
0.20829190950980E+01     0.63624606250000E+06
0.20927375311236E+01     0.58768812500000E+06
0.21025559671492E+01     0.54500381250000E+06
0.21123744031748E+01     0.49315865625000E+06
0.21221928392005E+01     0.45529484375000E+06
0.21320112752261E+01     0.40903368750000E+06
0.21418297112517E+01     0.31365631250000E+06
0.21516481472773E+01     0.26451196875000E+06
0.21614665833029E+01     0.23864185937500E+06
0.21712850193285E+01     0.20285839062500E+06
0.21811034553541E+01     0.18141270312500E+06
0.21909218913797E+01     0.15039926562500E+06
0.22007403274054E+01     0.13283660937500E+06
0.22105587634310E+01     0.10635464843750E+06
0.22203771994566E+01     0.92097382812500E+05
0.22301956354822E+01     0.69956984375000E+05
0.22400140715078E+01     0.58482390625000E+05
0.22498325075334E+01     0.40729203125000E+05
0.22596509435590E+01     0.31673824218750E+05
0.22694693795846E+01     0.18658187500000E+05
0.22792878156102E+01     0.12074182617188E+05
0.22891062516359E+01     0.45667407226563E+04
0.22989246876615E+01     0.15657182617188E+04
0.23087431236871E+01     0.00000000000000E+00
0.23185615597127E+01     0.00000000000000E+00
0.23283799957383E+01     0.00000000000000E+00
