0.10716201844600E+01     0.00000000000000E+00
0.10814386204856E+01     0.00000000000000E+00
0.10912570565112E+01     0.00000000000000E+00
0.11010754925368E+01     0.12095952148438E+04
0.11108939285624E+01     0.37991796875000E+04
0.11207123645880E+01     0.77557587890625E+04
0.11305308006136E+01     0.12874589843750E+05
0.11403492366393E+01     0.19111343750000E+05
0.11501676726649E+01     0.26400970703125E+05
0.11599861086905E+01     0.34725101562500E+05
0.11698045447161E+01     0.44047609375000E+05
0.11796229807417E+01     0.54350062500000E+05
0.11894414167673E+01     0.65657414062500E+05
0.11992598527929E+01     0.77926250000000E+05
0.12090782888185E+01     0.91238765625000E+05
0.12188967248442E+01     0.10557923437500E+06
0.12287151608698E+01     0.12096321093750E+06
0.12385335968954E+01     0.13752034375000E+06
0.12483520329210E+01     0.15523454687500E+06
0.12581704689466E+01     0.17415421875000E+06
0.12679889049722E+01     0.19438981250000E+06
0.12778073409978E+01     0.21601623437500E+06
0.12876257770234E+01     0.23905446875000E+06
0.12974442130490E+01     0.26357284375000E+06
0.13072626490747E+01     0.28965343750000E+06
0.13170810851003E+01     0.31741484375000E+06
0.13268995211259E+01     0.34683331250000E+06
0.13367179571515E+01     0.37782678125000E+06
0.13465363931771E+01     0.41093646875000E+06
0.13563548292027E+01     0.44550465625000E+06
0.13661732652283E+01     0.48188087500000E+06
0.13759917012539E+01     0.52004571875000E+06
0.13858101372796E+01     0.55989168750000E+06
0.13956285733052E+01     0.59870956250000E+06
0.14054470093308E+01     0.63210668750000E+06
0.14152654453564E+01     0.66598731250000E+06
0.14250838813820E+01     0.70026300000000E+06
0.14349023174076E+01     0.73481156250000E+06
0.14447207534332E+01     0.76961656250000E+06
0.14545391894588E+01     0.80450831250000E+06
0.14643576254844E+01     0.83945843750000E+06
0.14741760615101E+01     0.87449118750000E+06
0.14839944975357E+01     0.90968237500000E+06
0.14938129335613E+01     0.94525456250000E+06
0.15036313695869E+01     0.98138443750000E+06
0.15134498056125E+01     0.10182049375000E+07
0.15232682416381E+01     0.10559575000000E+07
0.15330866776637E+01     0.10950926250000E+07
0.15429051136893E+01     0.11358092500000E+07
0.15527235497150E+01     0.11783036250000E+07
0.15625419857406E+01     0.12231206250000E+07
0.15723604217662E+01     0.12703167500000E+07
0.15821788577918E+01     0.13202052500000E+07
0.15919972938174E+01     0.13729777500000E+07
0.16018157298430E+01     0.14287030000000E+07
0.16116341658686E+01     0.14873473750000E+07
0.16214526018942E+01     0.15489648750000E+07
0.16312710379199E+01     0.16130906250000E+07
0.16410894739455E+01     0.16793721250000E+07
0.16509079099711E+01     0.17474612500000E+07
0.16607263459967E+01     0.18164235000000E+07
0.16705447820223E+01     0.18853728750000E+07
0.16803632180479E+01     0.19532473750000E+07
0.16901816540735E+01     0.20188347500000E+07
0.17000000900991E+01     0.20808922500000E+07
0.17098185261247E+01     0.21381060000000E+07
0.17196369621504E+01     0.21889427500000E+07
0.17294553981760E+01     0.22323497500000E+07
0.17392738342016E+01     0.22668192500000E+07
0.17490922702272E+01     0.22915062500000E+07
0.17589107062528E+01     0.23057742500000E+07
0.17687291422784E+01     0.23092392500000E+07
0.17785475783040E+01     0.23018115000000E+07
0.17883660143296E+01     0.22836567500000E+07
0.17981844503553E+01     0.22552305000000E+07
0.18080028863809E+01     0.22172305000000E+07
0.18178213224065E+01     0.21706275000000E+07
0.18276397584321E+01     0.21170492500000E+07
0.18374581944577E+01     0.20575140000000E+07
0.18472766304833E+01     0.19933803750000E+07
0.18570950665089E+01     0.19260047500000E+07
0.18669135025345E+01     0.18566147500000E+07
0.18767319385602E+01     0.17862830000000E+07
0.18865503745858E+01     0.17159041250000E+07
0.18963688106114E+01     0.16464000000000E+07
0.19061872466370E+01     0.15782238750000E+07
0.19160056826626E+01     0.15118095000000E+07
0.19258241186882E+01     0.14474525000000E+07
0.19356425547138E+01     0.13853462500000E+07
0.19454609907394E+01     0.13254011250000E+07
0.19552794267650E+01     0.12676011250000E+07
0.19650978627907E+01     0.12118913750000E+07
0.19749162988163E+01     0.11580690000000E+07
0.19847347348419E+01     0.11058983750000E+07
0.19945531708675E+01     0.10551690000000E+07
0.20043716068931E+01     0.10056822500000E+07
0.20141900429187E+01     0.95732212500000E+06
0.20240084789443E+01     0.90988262500000E+06
0.20338269149699E+01     0.86325787500000E+06
0.20436453509956E+01     0.81740443750000E+06
0.20534637870212E+01     0.77240250000000E+06
0.20632822230468E+01     0.72828937500000E+06
0.20731006590724E+01     0.68500600000000E+06
0.20829190950980E+01     0.64265081250000E+06
0.20927375311236E+01     0.60104587500000E+06
0.21025559671492E+01     0.55377800000000E+06
0.21123744031748E+01     0.50778787500000E+06
0.21221928392005E+01     0.46404384375000E+06
0.21320112752261E+01     0.42267046875000E+06
0.21418297112517E+01     0.32662793750000E+06
0.21516481472773E+01     0.29104556250000E+06
0.21614665833029E+01     0.25757835937500E+06
0.21712850193285E+01     0.22635515625000E+06
0.21811034553541E+01     0.19723471875000E+06
0.21909218913797E+01     0.17025410937500E+06
0.22007403274054E+01     0.14528518750000E+06
0.22105587634310E+01     0.12229395312500E+06
0.22203771994566E+01     0.10120264843750E+06
0.22301956354822E+01     0.81939593750000E+05
0.22400140715078E+01     0.64509625000000E+05
0.22498325075334E+01     0.48868710937500E+05
0.22596509435590E+01     0.35073746093750E+05
0.22694693795846E+01     0.23218949218750E+05
0.22792878156102E+01     0.13449104492188E+05
0.22891062516359E+01     0.60030844726563E+04
0.22989246876615E+01     0.14868120117188E+04
0.23087431236871E+01     0.00000000000000E+00
0.23185615597127E+01     0.00000000000000E+00
0.23283799957383E+01     0.00000000000000E+00
