0.10716201844600E+01     0.00000000000000E+00
0.10814386204856E+01     0.00000000000000E+00
0.10912570565112E+01     0.00000000000000E+00
0.11010754925368E+01     0.12705485351563E+05
0.11108939285624E+01     0.51055606079102E+03
0.11207123645880E+01     0.11298137207031E+04
0.11305308006136E+01     0.19183829345703E+04
0.11403492366393E+01     0.28685559082031E+04
0.11501676726649E+01     0.39688947753906E+04
0.11599861086905E+01     0.52089794921875E+04
0.11698045447161E+01     0.65800957031250E+04
0.11796229807417E+01     0.80748496093750E+04
0.11894414167673E+01     0.96872744140625E+04
0.11992598527929E+01     0.11414166992188E+05
0.12090782888185E+01     0.13252743164063E+05
0.12188967248442E+01     0.15203543945313E+05
0.12287151608698E+01     0.17269509765625E+05
0.12385335968954E+01     0.19454292968750E+05
0.12483520329210E+01     0.21765541015625E+05
0.12581704689466E+01     0.24213470703125E+05
0.12679889049722E+01     0.26808541015625E+05
0.12778073409978E+01     0.29563988281250E+05
0.12876257770234E+01     0.32495328125000E+05
0.12974442130490E+01     0.35616453125000E+05
0.13072626490747E+01     0.38934125000000E+05
0.13170810851003E+01     0.42418980468750E+05
0.13268995211259E+01     0.44632445312500E+05
0.13367179571515E+01     0.51788710937500E+05
0.13465363931771E+01     0.57245984375000E+05
0.13563548292027E+01     0.58879710937500E+05
0.13661732652283E+01     0.64492859375000E+05
0.13759917012539E+01     0.69886484375000E+05
0.13858101372796E+01     0.75355843750000E+05
0.13956285733052E+01     0.78607289062500E+05
0.14054470093308E+01     0.79957601562500E+05
0.14152654453564E+01     0.82462835937500E+05
0.14250838813820E+01     0.86341531250000E+05
0.14349023174076E+01     0.91057921875000E+05
0.14447207534332E+01     0.96303093750000E+05
0.14545391894588E+01     0.10187946093750E+06
0.14643576254844E+01     0.10764572656250E+06
0.14741760615101E+01     0.11349261718750E+06
0.14839944975357E+01     0.11933320312500E+06
0.14938129335613E+01     0.12509577343750E+06
0.15036313695869E+01     0.13072406250000E+06
0.15134498056125E+01     0.13617512500000E+06
0.15232682416381E+01     0.14141293750000E+06
0.15330866776637E+01     0.14640335937500E+06
0.15429051136893E+01     0.15111845312500E+06
0.15527235497150E+01     0.15553087500000E+06
0.15625419857406E+01     0.15960259375000E+06
0.15723604217662E+01     0.16329360937500E+06
0.15821788577918E+01     0.16655020312500E+06
0.15919972938174E+01     0.16930531250000E+06
0.16018157298430E+01     0.17147529687500E+06
0.16116341658686E+01     0.17295643750000E+06
0.16214526018942E+01     0.17362718750000E+06
0.16312710379199E+01     0.17333832812500E+06
0.16410894739455E+01     0.17192775000000E+06
0.16509079099711E+01     0.16921521875000E+06
0.16607263459967E+01     0.16500795312500E+06
0.16705447820223E+01     0.15911437500000E+06
0.16803632180479E+01     0.15135800000000E+06
0.16901816540735E+01     0.14159193750000E+06
0.17000000900991E+01     0.12971447656250E+06
0.17098185261247E+01     0.11569079687500E+06
0.17196369621504E+01     0.99576687500000E+05
0.17294553981760E+01     0.81513062500000E+05
0.17392738342016E+01     0.61739914062500E+05
0.17490922702272E+01     0.40609093750000E+05
0.17589107062528E+01     0.18557236328125E+05
0.17687291422784E+01     -.39166870117188E+04
0.17785475783040E+01     -.26276755859375E+05
0.17883660143296E+01     -.47977464843750E+05
0.17981844503553E+01     -.68495359375000E+05
0.18080028863809E+01     -.87357164062500E+05
0.18178213224065E+01     -.10418332031250E+06
0.18276397584321E+01     -.11870408593750E+06
0.18374581944577E+01     -.13076429687500E+06
0.18472766304833E+01     -.14033050000000E+06
0.18570950665089E+01     -.14748387500000E+06
0.18669135025345E+01     -.15240717187500E+06
0.18767319385602E+01     -.15536395312500E+06
0.18865503745858E+01     -.15667326562500E+06
0.18963688106114E+01     -.15668771875000E+06
0.19061872466370E+01     -.15575771875000E+06
0.19160056826626E+01     -.15421484375000E+06
0.19258241186882E+01     -.15234879687500E+06
0.19356425547138E+01     -.15039032812500E+06
0.19454609907394E+01     -.14850768750000E+06
0.19552794267650E+01     -.14679221875000E+06
0.19650978627907E+01     -.14526478125000E+06
0.19749162988163E+01     -.14387879687500E+06
0.19847347348419E+01     -.14252659375000E+06
0.19945531708675E+01     -.14104407812500E+06
0.20043716068931E+01     -.13922396875000E+06
0.20141900429187E+01     -.13682284375000E+06
0.20240084789443E+01     -.13357851562500E+06
0.20338269149699E+01     -.12922610937500E+06
0.20436453509956E+01     -.12353387500000E+06
0.20534637870212E+01     -.11634023437500E+06
0.20632822230468E+01     -.10760007031250E+06
0.20731006590724E+01     -.97423156250000E+05
0.20829190950980E+01     -.86104906250000E+05
0.20927375311236E+01     -.74400710937500E+05
0.21025559671492E+01     -.63414070312500E+05
0.21123744031748E+01     -.53422058593750E+05
0.21221928392005E+01     -.44210125000000E+05
0.21320112752261E+01     0.14507510937500E+06
0.21418297112517E+01     0.13081768750000E+06
0.21516481472773E+01     -.65945289062500E+05
0.21614665833029E+01     -.57973820312500E+05
0.21712850193285E+01     -.50661148437500E+05
0.21811034553541E+01     -.43968640625000E+05
0.21909218913797E+01     -.37858222656250E+05
0.22007403274054E+01     -.32284433593750E+05
0.22105587634310E+01     -.27204646484375E+05
0.22203771994566E+01     -.22576785156250E+05
0.22301956354822E+01     -.18367060546875E+05
0.22400140715078E+01     -.14549880859375E+05
0.22498325075334E+01     -.11112945312500E+05
0.22596509435590E+01     -.80583583984375E+04
0.22694693795846E+01     -.54072783203125E+04
0.22792878156102E+01     -.32000732421875E+04
0.22891062516359E+01     -.14890229492188E+04
0.22989246876615E+01     -.21336611328125E+04
0.23087431236871E+01     0.00000000000000E+00
0.23185615597127E+01     0.00000000000000E+00
0.23283799957383E+01     0.00000000000000E+00
