0.10716201844600E+01     0.00000000000000E+00
0.10814386204856E+01     0.00000000000000E+00
0.10912570565112E+01     0.00000000000000E+00
0.11010754925368E+01     0.43323075260560E-05
0.11108939285624E+01     0.67499727265385E-05
0.11207123645880E+01     0.12828154467570E-04
0.11305308006136E+01     0.23846931071603E-04
0.11403492366393E+01     0.41083549149334E-04
0.11501676726649E+01     0.65740568970796E-04
0.11599861086905E+01     0.98939468443859E-04
0.11698045447161E+01     0.14171467046253E-03
0.11796229807417E+01     0.19500394409988E-03
0.11894414167673E+01     0.25964152882807E-03
0.11992598527929E+01     0.33634610008448E-03
0.12090782888185E+01     0.42571357334964E-03
0.12188967248442E+01     0.52820361452177E-03
0.12287151608698E+01     0.64413202926517E-03
0.12385335968954E+01     0.77365688048303E-03
0.12483520329210E+01     0.91677060117945E-03
0.12581704689466E+01     0.10732860537246E-02
0.12679889049722E+01     0.12428287882358E-02
0.12778073409978E+01     0.14248237712309E-02
0.12876257770234E+01     0.16184850828722E-02
0.12974442130490E+01     0.18227994441986E-02
0.13072626490747E+01     0.20364965312183E-02
0.13170810851003E+01     0.22579599171877E-02
0.13268995211259E+01     0.24847467429936E-02
0.13367179571515E+01     0.26923508848995E-02
0.13465363931771E+01     0.29738158918917E-02
0.13563548292027E+01     0.32000965438783E-02
0.13661732652283E+01     0.34328519832343E-02
0.13759917012539E+01     0.36620688624680E-02
0.13858101372796E+01     0.38844028022140E-02
0.13956285733052E+01     0.40933527052403E-02
0.14054470093308E+01     0.42343749664724E-02
0.14152654453564E+01     0.43012388050556E-02
0.14250838813820E+01     0.43032569810748E-02
0.14349023174076E+01     0.42462958954275E-02
0.14447207534332E+01     0.41352515108883E-02
0.14545391894588E+01     0.39752181619406E-02
0.14643576254844E+01     0.37719591055065E-02
0.14741760615101E+01     0.35320213064551E-02
0.14839944975357E+01     0.32626739703119E-02
0.14938129335613E+01     0.29717213474214E-02
0.15036313695869E+01     0.26672668755054E-02
0.15134498056125E+01     0.23574135266244E-02
0.15232682416381E+01     0.20499746315181E-02
0.15330866776637E+01     0.17521631671116E-02
0.15429051136893E+01     0.14703387860209E-02
0.15527235497150E+01     0.12097640428692E-02
0.15625419857406E+01     0.97445154096931E-03
0.15723604217662E+01     0.76705281389877E-03
0.15821788577918E+01     0.58884953614324E-03
0.15919972938174E+01     0.43980023474433E-03
0.16018157298430E+01     0.31868589576334E-03
0.16116341658686E+01     0.22329944476951E-03
0.16214526018942E+01     0.15070375229698E-03
0.16312710379199E+01     0.97502568678465E-04
0.16410894739455E+01     0.60127003962407E-04
0.16509079099711E+01     0.35090739402222E-04
0.16607263459967E+01     0.19209412130294E-04
0.16705447820223E+01     0.97510574050830E-05
0.16803632180479E+01     0.45213869270810E-05
0.16901816540735E+01     0.18762668787531E-05
0.17000000900991E+01     0.67711675910687E-06
0.17098185261247E+01     0.20369652986574E-06
0.17196369621504E+01     0.47807908742925E-07
0.17294553981760E+01     0.78186612739728E-08
0.17392738342016E+01     0.71684341795830E-09
0.17490922702272E+01     0.22009200018047E-10
0.17589107062528E+01     0.34112503674664E-13
0.17687291422784E+01     0.00000000000000E+00
0.17785475783040E+01     0.63817495125212E-12
0.17883660143296E+01     0.93477732499014E-10
0.17981844503553E+01     0.19291261921239E-08
0.18080028863809E+01     0.16948108694237E-07
0.18178213224065E+01     0.91723194373117E-07
0.18276397584321E+01     0.36244850321054E-06
0.18374581944577E+01     0.11473355243652E-05
0.18472766304833E+01     0.30774992865190E-05
0.18570950665089E+01     0.72562315835967E-05
0.18669135025345E+01     0.15424826415256E-04
0.18767319385602E+01     0.30105344194453E-04
0.18865503745858E+01     0.54684274800820E-04
0.18963688106114E+01     0.93404596555047E-04
0.19061872466370E+01     0.15123539196793E-03
0.19160056826626E+01     0.23360339400824E-03
0.19258241186882E+01     0.34597588819452E-03
0.19356425547138E+01     0.49331417540088E-03
0.19454609907394E+01     0.67941471934319E-03
0.19552794267650E+01     0.90620177797973E-03
0.19650978627907E+01     0.11730147525668E-02
0.19749162988163E+01     0.14760128688067E-02
0.19847347348419E+01     0.18077385611832E-02
0.19945531708675E+01     0.21570171229541E-02
0.20043716068931E+01     0.25091818533838E-02
0.20141900429187E+01     0.28468281961977E-02
0.20240084789443E+01     0.31509336549789E-02
0.20338269149699E+01     0.34024922642857E-02
0.20436453509956E+01     0.35842573270202E-02
0.20534637870212E+01     0.36826031282544E-02
0.20632822230468E+01     0.36889445036650E-02
0.20731006590724E+01     0.36006458103657E-02
0.20829190950980E+01     0.34211741294712E-02
0.20927375311236E+01     0.31595113687217E-02
0.21025559671492E+01     0.28501811902970E-02
0.21123744031748E+01     0.25373850949109E-02
0.21221928392005E+01     0.22282076533884E-02
0.21320112752261E+01     0.19284770824015E-02
0.21418297112517E+01     0.61026504263282E-02
0.21516481472773E+01     0.52841841243207E-02
0.21614665833029E+01     0.45136190019548E-02
0.21712850193285E+01     0.37973783910275E-02
0.21811034553541E+01     0.31409785151482E-02
0.21909218913797E+01     0.25482603814453E-02
0.22007403274054E+01     0.20218931604177E-02
0.22105587634310E+01     0.15629014233127E-02
0.22203771994566E+01     0.11711058905348E-02
0.22301956354822E+01     0.84482831880450E-03
0.22400140715078E+01     0.58123894268647E-03
0.22498325075334E+01     0.37620344664902E-03
0.22596509435590E+01     0.22451914264821E-03
0.22694693795846E+01     0.11985436867690E-03
0.22792878156102E+01     0.54868924053153E-04
0.22891062516359E+01     0.21184359866311E-04
0.22989246876615E+01     0.97253541753162E-05
0.23087431236871E+01     0.00000000000000E+00
0.23185615597127E+01     0.00000000000000E+00
0.23283799957383E+01     0.00000000000000E+00
