0.10716201844600E+01     0.00000000000000E+00
0.10814386204856E+01     0.00000000000000E+00
0.10912570565112E+01     0.00000000000000E+00
0.11010754925368E+01     0.33108184337616E+01
0.11108939285624E+01     0.29435374736786E+01
0.11207123645880E+01     0.27101125717163E+01
0.11305308006136E+01     0.25192463397980E+01
0.11403492366393E+01     0.23584058284760E+01
0.11501676726649E+01     0.22197868824005E+01
0.11599861086905E+01     0.20982284545898E+01
0.11698045447161E+01     0.19901497364044E+01
0.11796229807417E+01     0.18929760456085E+01
0.11894414167673E+01     0.18047945499420E+01
0.11992598527929E+01     0.17241517305374E+01
0.12090782888185E+01     0.16499149799347E+01
0.12188967248442E+01     0.15811889171600E+01
0.12287151608698E+01     0.15172506570816E+01
0.12385335968954E+01     0.14575103521347E+01
0.12483520329210E+01     0.14014782905579E+01
0.12581704689466E+01     0.13487442731857E+01
0.12679889049722E+01     0.12989585399628E+01
0.12778073409978E+01     0.12518203258514E+01
0.12876257770234E+01     0.12070643901825E+01
0.12974442130490E+01     0.11644510030746E+01
0.13072626490747E+01     0.11237462759018E+01
0.13170810851003E+01     0.10846774578094E+01
0.13268995211259E+01     0.10467000007629E+01
0.13367179571515E+01     0.99863445758820E+00
0.13465363931771E+01     0.98621505498886E+00
0.13563548292027E+01     0.94860291481018E+00
0.13661732652283E+01     0.91609680652618E+00
0.13759917012539E+01     0.88513112068176E+00
0.13858101372796E+01     0.85529738664627E+00
0.13956285733052E+01     0.82582098245621E+00
0.14054470093308E+01     0.78927421569824E+00
0.14152654453564E+01     0.74818897247314E+00
0.14250838813820E+01     0.70576637983322E+00
0.14349023174076E+01     0.66336345672607E+00
0.14447207534332E+01     0.62154161930084E+00
0.14545391894588E+01     0.58052355051041E+00
0.14643576254844E+01     0.54039275646210E+00
0.14741760615101E+01     0.50118005275726E+00
0.14839944975357E+01     0.46290636062622E+00
0.14938129335613E+01     0.42560032010078E+00
0.15036313695869E+01     0.38930794596672E+00
0.15134498056125E+01     0.35409384965897E+00
0.15232682416381E+01     0.32004210352898E+00
0.15330866776637E+01     0.28725224733353E+00
0.15429051136893E+01     0.25583758950233E+00
0.15527235497150E+01     0.22591897845268E+00
0.15625419857406E+01     0.19762143492699E+00
0.15723604217662E+01     0.17106717824936E+00
0.15821788577918E+01     0.14637126028538E+00
0.15919972938174E+01     0.12363404780626E+00
0.16018157298430E+01     0.10293690115213E+00
0.16116341658686E+01     0.84335081279278E-01
0.16214526018942E+01     0.67854367196560E-01
0.16312710379199E+01     0.53486049175262E-01
0.16410894739455E+01     0.41185647249222E-01
0.16509079099711E+01     0.30871042981744E-01
0.16607263459967E+01     0.22424936294556E-01
0.16705447820223E+01     0.15696732327342E-01
0.16803632180479E+01     0.10508424602449E-01
0.16901816540735E+01     0.66603692248464E-02
0.17000000900991E+01     0.39399089291692E-02
0.17098185261247E+01     0.21297442726791E-02
0.17196369621504E+01     0.10178129887208E-02
0.17294553981760E+01     0.40643406100571E-03
0.17392738342016E+01     0.12164274812676E-03
0.17490922702272E+01     0.21090649170219E-04
0.17589107062528E+01     0.82250767263758E-06
0.17687291422784E+01     0.00000000000000E+00
0.17785475783040E+01     0.35031241623074E-05
0.17883660143296E+01     0.42148258216912E-04
0.17981844503553E+01     0.19058729230892E-03
0.18080028863809E+01     0.56302570737898E-03
0.18178213224065E+01     0.13072119327262E-02
0.18276397584321E+01     0.25970072019845E-02
0.18374581944577E+01     0.46244985423982E-02
0.18472766304833E+01     0.75916261412203E-02
0.18570950665089E+01     0.11702406220138E-01
0.18669135025345E+01     0.17155330628157E-01
0.18767319385602E+01     0.24136852473021E-01
0.18865503745858E+01     0.32814823091030E-01
0.18963688106114E+01     0.43332751840353E-01
0.19061872466370E+01     0.55803406983614E-01
0.19160056826626E+01     0.70302449166775E-01
0.19258241186882E+01     0.86860574781895E-01
0.19356425547138E+01     0.10545573383570E+00
0.19454609907394E+01     0.12600354850292E+00
0.19552794267650E+01     0.14834864437580E+00
0.19650978627907E+01     0.17225492000580E+00
0.19749162988163E+01     0.19739978015423E+00
0.19847347348419E+01     0.22336868941784E+00
0.19945531708675E+01     0.24965877830982E+00
0.20043716068931E+01     0.27568542957306E+00
0.20141900429187E+01     0.30080440640450E+00
0.20240084789443E+01     0.32433846592903E+00
0.20338269149699E+01     0.34562209248543E+00
0.20436453509956E+01     0.36404415965080E+00
0.20534637870212E+01     0.37909823656082E+00
0.20632822230468E+01     0.39040914177895E+00
0.20731006590724E+01     0.39774277806282E+00
0.20829190950980E+01     0.40097352862358E+00
0.20927375311236E+01     0.40002319216728E+00
0.21025559671492E+01     0.39596673846245E+00
0.21123744031748E+01     0.39068982005119E+00
0.21221928392005E+01     0.38427275419235E+00
0.21320112752261E+01     0.37675970792770E+00
0.21418297112517E+01     0.21258659362793E+01
0.21516481472773E+01     0.21601548194885E+01
0.21614665833029E+01     0.21991600990295E+01
0.21712850193285E+01     0.22433531284332E+01
0.21811034553541E+01     0.22933790683746E+01
0.21909218913797E+01     0.23500990867615E+01
0.22007403274054E+01     0.24146113395691E+01
0.22105587634310E+01     0.24883627891541E+01
0.22203771994566E+01     0.25732233524323E+01
0.22301956354822E+01     0.26717028617859E+01
0.22400140715078E+01     0.27871830463409E+01
0.22498325075334E+01     0.29244334697723E+01
0.22596509435590E+01     0.30903708934784E+01
0.22694693795846E+01     0.32956607341766E+01
0.22792878156102E+01     0.35578243732452E+01
0.22891062516359E+01     0.39086842536926E+01
0.22989246876615E+01     0.46251611709595E+01
0.23087431236871E+01     0.00000000000000E+00
0.23185615597127E+01     0.00000000000000E+00
0.23283799957383E+01     0.00000000000000E+00
