0.10716201844600E+01     0.00000000000000E+00
0.10814386204856E+01     0.00000000000000E+00
0.10912570565112E+01     0.00000000000000E+00
0.11010754925368E+01     0.31482260227203E+01
0.11108939285624E+01     0.27683248519897E+01
0.11207123645880E+01     0.25215630531311E+01
0.11305308006136E+01     0.23182382583618E+01
0.11403492366393E+01     0.21457889080048E+01
0.11501676726649E+01     0.19963831901550E+01
0.11599861086905E+01     0.18648382425308E+01
0.11698045447161E+01     0.17475577592850E+01
0.11796229807417E+01     0.16419571638107E+01
0.11894414167673E+01     0.15461194515228E+01
0.11992598527929E+01     0.14585909843445E+01
0.12090782888185E+01     0.13782430887222E+01
0.12188967248442E+01     0.13041877746582E+01
0.12287151608698E+01     0.12357118129730E+01
0.12385335968954E+01     0.11722383499146E+01
0.12483520329210E+01     0.11132920980453E+01
0.12581704689466E+01     0.10584794282913E+01
0.12679889049722E+01     0.10074689388275E+01
0.12778073409978E+01     0.95997917652130E+00
0.12876257770234E+01     0.91576623916626E+00
0.12974442130490E+01     0.87461245059967E+00
0.13072626490747E+01     0.83630883693695E+00
0.13170810851003E+01     0.80061233043671E+00
0.13268995211259E+01     0.76703321933746E+00
0.13367179571515E+01     0.72534877061844E+00
0.13465363931771E+01     0.71742534637451E+00
0.13563548292027E+01     0.68758893013000E+00
0.13661732652283E+01     0.66358041763306E+00
0.13759917012539E+01     0.64214181900024E+00
0.13858101372796E+01     0.62290352582932E+00
0.13956285733052E+01     0.60526001453400E+00
0.14054470093308E+01     0.58400249481201E+00
0.14152654453564E+01     0.56180357933044E+00
0.14250838813820E+01     0.54134970903397E+00
0.14349023174076E+01     0.52364110946655E+00
0.14447207534332E+01     0.50895076990128E+00
0.14545391894588E+01     0.49724182486534E+00
0.14643576254844E+01     0.48834785819054E+00
0.14741760615101E+01     0.48205301165581E+00
0.14839944975357E+01     0.47812929749489E+00
0.14938129335613E+01     0.47635424137115E+00
0.15036313695869E+01     0.47651892900467E+00
0.15134498056125E+01     0.47843113541603E+00
0.15232682416381E+01     0.48191604018211E+00
0.15330866776637E+01     0.48681527376175E+00
0.15429051136893E+01     0.49298512935638E+00
0.15527235497150E+01     0.50029456615448E+00
0.15625419857406E+01     0.50862210988998E+00
0.15723604217662E+01     0.51785373687744E+00
0.15821788577918E+01     0.52787959575653E+00
0.15919972938174E+01     0.53859156370163E+00
0.16018157298430E+01     0.54988068342209E+00
0.16116341658686E+01     0.56163549423218E+00
0.16214526018942E+01     0.57374018430710E+00
0.16312710379199E+01     0.58607441186905E+00
0.16410894739455E+01     0.59851276874542E+00
0.16509079099711E+01     0.61092680692673E+00
0.16607263459967E+01     0.62318515777588E+00
0.16705447820223E+01     0.63515752553940E+00
0.16803632180479E+01     0.64671581983566E+00
0.16901816540735E+01     0.65773844718933E+00
0.17000000900991E+01     0.66811138391495E+00
0.17098185261247E+01     0.67773205041885E+00
0.17196369621504E+01     0.68650943040848E+00
0.17294553981760E+01     0.69436669349670E+00
0.17392738342016E+01     0.70123964548111E+00
0.17490922702272E+01     0.70707768201828E+00
0.17589107062528E+01     0.71184134483337E+00
0.17687291422784E+01     0.71550112962723E+00
0.17785475783040E+01     0.71803402900696E+00
0.17883660143296E+01     0.71942180395126E+00
0.17981844503553E+01     0.71964746713638E+00
0.18080028863809E+01     0.71869337558746E+00
0.18178213224065E+01     0.71653854846954E+00
0.18276397584321E+01     0.71315789222717E+00
0.18374581944577E+01     0.70852041244507E+00
0.18472766304833E+01     0.70259016752243E+00
0.18570950665089E+01     0.69532620906830E+00
0.18669135025345E+01     0.68668460845947E+00
0.18767319385602E+01     0.67661970853806E+00
0.18865503745858E+01     0.66508680582047E+00
0.18963688106114E+01     0.65204340219498E+00
0.19061872466370E+01     0.63745141029358E+00
0.19160056826626E+01     0.62127780914307E+00
0.19258241186882E+01     0.60349577665329E+00
0.19356425547138E+01     0.58408421278000E+00
0.19454609907394E+01     0.56302762031555E+00
0.19552794267650E+01     0.54031515121460E+00
0.19650978627907E+01     0.51594173908234E+00
0.19749162988163E+01     0.48990771174431E+00
0.19847347348419E+01     0.46222454309464E+00
0.19945531708675E+01     0.43291941285133E+00
0.20043716068931E+01     0.40205010771751E+00
0.20141900429187E+01     0.36971881985664E+00
0.20240084789443E+01     0.33610022068024E+00
0.20338269149699E+01     0.30146279931068E+00
0.20436453509956E+01     0.26620456576347E+00
0.20534637870212E+01     0.23086431622505E+00
0.20632822230468E+01     0.19613957405090E+00
0.20731006590724E+01     0.16285838186741E+00
0.20829190950980E+01     0.13195513188839E+00
0.20927375311236E+01     0.10439658164978E+00
0.21025559671492E+01     0.79839035868645E-01
0.21123744031748E+01     0.56674659252167E-01
0.21221928392005E+01     0.35025794059038E-01
0.21320112752261E+01     0.15011492185295E-01
0.21418297112517E+01     0.14891040325165E+01
0.21516481472773E+01     0.15049158334732E+01
0.21614665833029E+01     0.15288393497467E+01
0.21712850193285E+01     0.15613882541656E+01
0.21811034553541E+01     0.16032841205597E+01
0.21909218913797E+01     0.16554697751999E+01
0.22007403274054E+01     0.17191400527954E+01
0.22105587634310E+01     0.17958536148071E+01
0.22203771994566E+01     0.18876152038574E+01
0.22301956354822E+01     0.19971007108688E+01
0.22400140715078E+01     0.21278965473175E+01
0.22498325075334E+01     0.22850301265717E+01
0.22596509435590E+01     0.24757449626923E+01
0.22694693795846E+01     0.27111191749573E+01
0.22792878156102E+01     0.30092010498047E+01
0.22891062516359E+01     0.34024548530579E+01
0.22989246876615E+01     0.41578936576843E+01
0.23087431236871E+01     0.00000000000000E+00
0.23185615597127E+01     0.00000000000000E+00
0.23283799957383E+01     0.00000000000000E+00
