0.10716201844600E+01     0.00000000000000E+00
0.10814386204856E+01     0.00000000000000E+00
0.10912570565112E+01     0.00000000000000E+00
0.11010754925368E+01     0.72665882110596E+00
0.11108939285624E+01     0.14079434871674E+01
0.11207123645880E+01     0.31033723354340E+01
0.11305308006136E+01     0.65650529861450E+01
0.11403492366393E+01     0.12692884445190E+02
0.11501676726649E+01     0.22552858352661E+02
0.11599861086905E+01     0.37376091003418E+02
0.11698045447161E+01     0.58558406829834E+02
0.11796229807417E+01     0.87657920837402E+02
0.11894414167673E+01     0.12639318847656E+03
0.11992598527929E+01     0.17663685607910E+03
0.12090782888185E+01     0.24041069030762E+03
0.12188967248442E+01     0.31987341308594E+03
0.12287151608698E+01     0.41731076049805E+03
0.12385335968954E+01     0.53511645507813E+03
0.12483520329210E+01     0.67577508544922E+03
0.12581704689466E+01     0.84183581542969E+03
0.12679889049722E+01     0.10358884277344E+04
0.12778073409978E+01     0.12605300292969E+04
0.12876257770234E+01     0.15183376464844E+04
0.12974442130490E+01     0.18118433837891E+04
0.13072626490747E+01     0.21435429687500E+04
0.13170810851003E+01     0.25160319824219E+04
0.13268995211259E+01     0.29329685058594E+04
0.13367179571515E+01     0.34442062988281E+04
0.13465363931771E+01     0.38490385742188E+04
0.13563548292027E+01     0.44176157226563E+04
0.13661732652283E+01     0.50145488281250E+04
0.13759917012539E+01     0.56556484375000E+04
0.13858101372796E+01     0.63418525390625E+04
0.13956285733052E+01     0.70766787109375E+04
0.14054470093308E+01     0.79116293945313E+04
0.14152654453564E+01     0.88294580078125E+04
0.14250838813820E+01     0.98016708984375E+04
0.14349023174076E+01     0.10810132812500E+05
0.14447207534332E+01     0.11842029296875E+05
0.14545391894588E+01     0.12887574218750E+05
0.14643576254844E+01     0.13938951171875E+05
0.14741760615101E+01     0.14989894531250E+05
0.14839944975357E+01     0.16035419921875E+05
0.14938129335613E+01     0.17071724609375E+05
0.15036313695869E+01     0.18096037109375E+05
0.15134498056125E+01     0.19106562500000E+05
0.15232682416381E+01     0.20102341796875E+05
0.15330866776637E+01     0.21083197265625E+05
0.15429051136893E+01     0.22049544921875E+05
0.15527235497150E+01     0.23002328125000E+05
0.15625419857406E+01     0.23942822265625E+05
0.15723604217662E+01     0.24872513671875E+05
0.15821788577918E+01     0.25792882812500E+05
0.15919972938174E+01     0.26705269531250E+05
0.16018157298430E+01     0.27610630859375E+05
0.16116341658686E+01     0.28509406250000E+05
0.16214526018942E+01     0.29401283203125E+05
0.16312710379199E+01     0.30285105468750E+05
0.16410894739455E+01     0.31158705078125E+05
0.16509079099711E+01     0.32018912109375E+05
0.16607263459967E+01     0.32861460937500E+05
0.16705447820223E+01     0.33681156250000E+05
0.16803632180479E+01     0.34471894531250E+05
0.16901816540735E+01     0.35226937500000E+05
0.17000000900991E+01     0.35939031250000E+05
0.17098185261247E+01     0.36600718750000E+05
0.17196369621504E+01     0.37204496093750E+05
0.17294553981760E+01     0.37743097656250E+05
0.17392738342016E+01     0.38209613281250E+05
0.17490922702272E+01     0.38597710937500E+05
0.17589107062528E+01     0.38901675781250E+05
0.17687291422784E+01     0.39116519531250E+05
0.17785475783040E+01     0.39237953125000E+05
0.17883660143296E+01     0.39262433593750E+05
0.17981844503553E+01     0.39187074218750E+05
0.18080028863809E+01     0.39009726562500E+05
0.18178213224065E+01     0.38728902343750E+05
0.18276397584321E+01     0.38343894531250E+05
0.18374581944577E+01     0.37854761718750E+05
0.18472766304833E+01     0.37262558593750E+05
0.18570950665089E+01     0.36569410156250E+05
0.18669135025345E+01     0.35778757812500E+05
0.18767319385602E+01     0.34895484375000E+05
0.18865503745858E+01     0.33926062500000E+05
0.18963688106114E+01     0.32878558593750E+05
0.19061872466370E+01     0.31762625000000E+05
0.19160056826626E+01     0.30589269531250E+05
0.19258241186882E+01     0.29370632812500E+05
0.19356425547138E+01     0.28119572265625E+05
0.19454609907394E+01     0.26849257812500E+05
0.19552794267650E+01     0.25572681640625E+05
0.19650978627907E+01     0.24302234375000E+05
0.19749162988163E+01     0.23049203125000E+05
0.19847347348419E+01     0.21823451171875E+05
0.19945531708675E+01     0.20632943359375E+05
0.20043716068931E+01     0.19483533203125E+05
0.20141900429187E+01     0.18378480468750E+05
0.20240084789443E+01     0.17318341796875E+05
0.20338269149699E+01     0.16300535156250E+05
0.20436453509956E+01     0.15319570312500E+05
0.20534637870212E+01     0.14367032226563E+05
0.20632822230468E+01     0.13432673828125E+05
0.20731006590724E+01     0.12505356445313E+05
0.20829190950980E+01     0.11575279296875E+05
0.20927375311236E+01     0.10635536132813E+05
0.21025559671492E+01     0.96969052734375E+04
0.21123744031748E+01     0.87820312500000E+04
0.21221928392005E+01     0.78952763671875E+04
0.21320112752261E+01     0.70407001953125E+04
0.21418297112517E+01     0.69875994873047E+03
0.21516481472773E+01     0.57959191894531E+03
0.21614665833029E+01     0.47247686767578E+03
0.21712850193285E+01     0.37787411499023E+03
0.21811034553541E+01     0.29586587524414E+03
0.21909218913797E+01     0.22615699768066E+03
0.22007403274054E+01     0.16818708801270E+03
0.22105587634310E+01     0.12113159179688E+03
0.22203771994566E+01     0.83994842529297E+02
0.22301956354822E+01     0.55628398895264E+02
0.22400140715078E+01     0.34806133270264E+02
0.22498325075334E+01     0.20255142211914E+02
0.22596509435590E+01     0.10715879440308E+02
0.22694693795846E+01     0.49796848297119E+01
0.22792878156102E+01     0.19367084503174E+01
0.22891062516359E+01     0.61344069242477E+00
0.22989246876615E+01     0.19916707277298E+00
0.23087431236871E+01     0.00000000000000E+00
0.23185615597127E+01     0.00000000000000E+00
0.23283799957383E+01     0.00000000000000E+00
