0.10716201844600E+01     0.00000000000000E+00
0.10814386204856E+01     -.16009829705581E-02
0.10912570565112E+01     -.31996637117118E-02
0.11010754925368E+01     0.37811842048541E-03
0.11108939285624E+01     0.39910380728543E-02
0.11207123645880E+01     0.76403757557273E-02
0.11305308006136E+01     0.11327282525599E-01
0.11403492366393E+01     0.15052729286253E-01
0.11501676726649E+01     0.18817620351911E-01
0.11599861086905E+01     0.22622661665082E-01
0.11698045447161E+01     0.26468524709344E-01
0.11796229807417E+01     0.30355671420693E-01
0.11894414167673E+01     0.34284532070160E-01
0.11992598527929E+01     0.38255318999290E-01
0.12090782888185E+01     0.42268205434084E-01
0.12188967248442E+01     0.46323150396347E-01
0.12287151608698E+01     0.50420034676790E-01
0.12385335968954E+01     0.54558526724577E-01
0.12483520329210E+01     0.58738175779581E-01
0.12581704689466E+01     0.62958322465420E-01
0.12679889049722E+01     0.67218132317066E-01
0.12778073409978E+01     0.71516551077366E-01
0.12876257770234E+01     0.75852304697037E-01
0.12974442130490E+01     0.80223880708218E-01
0.13072626490747E+01     0.84629505872726E-01
0.13170810851003E+01     0.89067123830318E-01
0.13268995211259E+01     0.93534365296364E-01
0.13367179571515E+01     0.98028525710106E-01
0.13465363931771E+01     0.10254671424627E+00
0.13563548292027E+01     0.10708559304476E+00
0.13661732652283E+01     0.11164134740829E+00
0.13759917012539E+01     0.11620995402336E+00
0.13858101372796E+01     0.12078693509102E+00
0.13956285733052E+01     0.12536746263504E+00
0.14054470093308E+01     0.12994660437107E+00
0.14152654453564E+01     0.13452017307281E+00
0.14250838813820E+01     0.13908378779888E+00
0.14349023174076E+01     0.14363306760788E+00
0.14447207534332E+01     0.14816346764565E+00
0.14545391894588E+01     0.15267044305801E+00
0.14643576254844E+01     0.15714935958385E+00
0.14741760615101E+01     0.16159565746784E+00
0.14839944975357E+01     0.16600459814072E+00
0.14938129335613E+01     0.17037162184715E+00
0.15036313695869E+01     0.17469191551208E+00
0.15134498056125E+01     0.17896077036858E+00
0.15232682416381E+01     0.18317320942879E+00
0.15330866776637E+01     0.18732425570488E+00
0.15429051136893E+01     0.19140857458115E+00
0.15527235497150E+01     0.19542065262794E+00
0.15625419857406E+01     0.19935457408428E+00
0.15723604217662E+01     0.20320408046246E+00
0.15821788577918E+01     0.20696234703064E+00
0.15919972938174E+01     0.21062208712101E+00
0.16018157298430E+01     0.21417532861233E+00
0.16116341658686E+01     0.21761357784271E+00
0.16214526018942E+01     0.22092750668526E+00
0.16312710379199E+01     0.22410726547241E+00
0.16410894739455E+01     0.22714217007160E+00
0.16509079099711E+01     0.23002108931541E+00
0.16607263459967E+01     0.23273211717606E+00
0.16705447820223E+01     0.23526312410831E+00
0.16803632180479E+01     0.23760144412518E+00
0.16901816540735E+01     0.23973448574543E+00
0.17000000900991E+01     0.24164956808090E+00
0.17098185261247E+01     0.24333444237709E+00
0.17196369621504E+01     0.24477726221085E+00
0.17294553981760E+01     0.24596716463566E+00
0.17392738342016E+01     0.24689416587353E+00
0.17490922702272E+01     0.24754974246025E+00
0.17589107062528E+01     0.24792680144310E+00
0.17687291422784E+01     0.24802002310753E+00
0.17785475783040E+01     0.24782578647137E+00
0.17883660143296E+01     0.24734239280224E+00
0.17981844503553E+01     0.24656991660595E+00
0.18080028863809E+01     0.24551033973694E+00
0.18178213224065E+01     0.24416728317738E+00
0.18276397584321E+01     0.24254596233368E+00
0.18374581944577E+01     0.24065287411213E+00
0.18472766304833E+01     0.23849563300610E+00
0.18570950665089E+01     0.23608271777630E+00
0.18669135025345E+01     0.23342330753803E+00
0.18767319385602E+01     0.23052690923214E+00
0.18865503745858E+01     0.22740332782269E+00
0.18963688106114E+01     0.22406236827374E+00
0.19061872466370E+01     0.22051379084587E+00
0.19160056826626E+01     0.21676705777645E+00
0.19258241186882E+01     0.21283148229122E+00
0.19356425547138E+01     0.20871591567993E+00
0.19454609907394E+01     0.20442900061607E+00
0.19552794267650E+01     0.19997890293598E+00
0.19650978627907E+01     0.19537365436554E+00
0.19749162988163E+01     0.19062083959579E+00
0.19847347348419E+01     0.18572805821896E+00
0.19945531708675E+01     0.18070249259472E+00
0.20043716068931E+01     0.17555159330368E+00
0.20141900429187E+01     0.17028245329857E+00
0.20240084789443E+01     0.16490264236927E+00
0.20338269149699E+01     0.15941925346851E+00
0.20436453509956E+01     0.15384024381638E+00
0.20534637870212E+01     0.14817273616791E+00
0.20632822230468E+01     0.14242500066757E+00
0.20731006590724E+01     0.13660408556461E+00
0.20829190950980E+01     0.13071838021278E+00
0.20927375311236E+01     0.12477461993694E+00
0.21025559671492E+01     0.11878119409084E+00
0.21123744031748E+01     0.11274578422308E+00
0.21221928392005E+01     0.10667787492275E+00
0.21320112752261E+01     0.10058420151472E+00
0.21418297112517E+01     0.94472981989384E-01
0.21516481472773E+01     0.88366121053696E-01
0.21614665833029E+01     0.82272924482822E-01
0.21712850193285E+01     0.76197586953640E-01
0.21811034553541E+01     0.70146232843399E-01
0.21909218913797E+01     0.64122155308723E-01
0.22007403274054E+01     0.58130536228418E-01
0.22105587634310E+01     0.52173897624016E-01
0.22203771994566E+01     0.46256557106972E-01
0.22301956354822E+01     0.40380369871855E-01
0.22400140715078E+01     0.34548811614513E-01
0.22498325075334E+01     0.28763171285391E-01
0.22596509435590E+01     0.23026026785374E-01
0.22694693795846E+01     0.17338149249554E-01
0.22792878156102E+01     0.11701105162501E-01
0.22891062516359E+01     0.61151199042797E-02
0.22989246876615E+01     0.58062735479325E-03
0.23087431236871E+01     -.49028461799026E-02
0.23185615597127E+01     -.24551823735237E-02
0.23283799957383E+01     0.00000000000000E+00
