0.10716201844600E+01     0.00000000000000E+00
0.10814386204856E+01     -.16035160515457E-02
0.10912570565112E+01     -.32021079678088E-02
0.11010754925368E+01     0.37318011163734E-03
0.11108939285624E+01     0.39836284704506E-02
0.11207123645880E+01     0.76304920949042E-02
0.11305308006136E+01     0.11314872652292E-01
0.11403492366393E+01     0.15037785284221E-01
0.11501676726649E+01     0.18800061196089E-01
0.11599861086905E+01     0.22602483630180E-01
0.11698045447161E+01     0.26445634663105E-01
0.11796229807417E+01     0.30330063775182E-01
0.11894414167673E+01     0.34256104379892E-01
0.11992598527929E+01     0.38224063813686E-01
0.12090782888185E+01     0.42234022170305E-01
0.12188967248442E+01     0.46286016702652E-01
0.12287151608698E+01     0.50379853695631E-01
0.12385335968954E+01     0.54515261203051E-01
0.12483520329210E+01     0.58691740036011E-01
0.12581704689466E+01     0.62908656895161E-01
0.12679889049722E+01     0.67165166139603E-01
0.12778073409978E+01     0.71460209786892E-01
0.12876257770234E+01     0.75792521238327E-01
0.12974442130490E+01     0.80160580575466E-01
0.13072626490747E+01     0.84562614560127E-01
0.13170810851003E+01     0.88996559381485E-01
0.13268995211259E+01     0.93460083007813E-01
0.13367179571515E+01     0.97950488328934E-01
0.13465363931771E+01     0.10246480256319E+00
0.13563548292027E+01     0.10699967294931E+00
0.13661732652283E+01     0.11155142635107E+00
0.13759917012539E+01     0.11611595749855E+00
0.13858101372796E+01     0.12068884074688E+00
0.13956285733052E+01     0.12526518106461E+00
0.14054470093308E+01     0.12984010577202E+00
0.14152654453564E+01     0.13440935313702E+00
0.14250838813820E+01     0.13896860182285E+00
0.14349023174076E+01     0.14351338148117E+00
0.14447207534332E+01     0.14803923666477E+00
0.14545391894588E+01     0.15254153311253E+00
0.14643576254844E+01     0.15701571106911E+00
0.14741760615101E+01     0.16145709156990E+00
0.14839944975357E+01     0.16586108505726E+00
0.14938129335613E+01     0.17022295296192E+00
0.15036313695869E+01     0.17453800141811E+00
0.15134498056125E+01     0.17880140244961E+00
0.15232682416381E+01     0.18300829827785E+00
0.15330866776637E+01     0.18715356290340E+00
0.15429051136893E+01     0.19123198091984E+00
0.15527235497150E+01     0.19523791968822E+00
0.15625419857406E+01     0.19916556775570E+00
0.15723604217662E+01     0.20300854742527E+00
0.15821788577918E+01     0.20676016807556E+00
0.15919972938174E+01     0.21041302382946E+00
0.16018157298430E+01     0.21395929157734E+00
0.16116341658686E+01     0.21739032864571E+00
0.16214526018942E+01     0.22069703042507E+00
0.16312710379199E+01     0.22386938333511E+00
0.16410894739455E+01     0.22689691185951E+00
0.16509079099711E+01     0.22976836562157E+00
0.16607263459967E+01     0.23247209191322E+00
0.16705447820223E+01     0.23499579727650E+00
0.16803632180479E+01     0.23732709884644E+00
0.16901816540735E+01     0.23945330083370E+00
0.17000000900991E+01     0.24136194586754E+00
0.17098185261247E+01     0.24304069578648E+00
0.17196369621504E+01     0.24447795748711E+00
0.17294553981760E+01     0.24566279351711E+00
0.17392738342016E+01     0.24658539891243E+00
0.17490922702272E+01     0.24723720550537E+00
0.17589107062528E+01     0.24761125445366E+00
0.17687291422784E+01     0.24770215153694E+00
0.17785475783040E+01     0.24750639498234E+00
0.17883660143296E+01     0.24702219665051E+00
0.17981844503553E+01     0.24624973535538E+00
0.18080028863809E+01     0.24519085884094E+00
0.18178213224065E+01     0.24384923279285E+00
0.18276397584321E+01     0.24222996830940E+00
0.18374581944577E+01     0.24033954739571E+00
0.18472766304833E+01     0.23818548023701E+00
0.18570950665089E+01     0.23577623069286E+00
0.18669135025345E+01     0.23312081396580E+00
0.18767319385602E+01     0.23022878170013E+00
0.18865503745858E+01     0.22710978984833E+00
0.18963688106114E+01     0.22377364337444E+00
0.19061872466370E+01     0.22022998332977E+00
0.19160056826626E+01     0.21648828685284E+00
0.19258241186882E+01     0.21255774796009E+00
0.19356425547138E+01     0.20844729244709E+00
0.19454609907394E+01     0.20416539907455E+00
0.19552794267650E+01     0.19972035288811E+00
0.19650978627907E+01     0.19512000679970E+00
0.19749162988163E+01     0.19037210941315E+00
0.19847347348419E+01     0.18548403680325E+00
0.19945531708675E+01     0.18046326935291E+00
0.20043716068931E+01     0.17531690001488E+00
0.20141900429187E+01     0.17005243897438E+00
0.20240084789443E+01     0.16467694938183E+00
0.20338269149699E+01     0.15919817984104E+00
0.20436453509956E+01     0.15362328290939E+00
0.20534637870212E+01     0.14796036481857E+00
0.20632822230468E+01     0.14221657812595E+00
0.20731006590724E+01     0.13640025258064E+00
0.20829190950980E+01     0.13051830232143E+00
0.20927375311236E+01     0.12457917630672E+00
0.21025559671492E+01     0.11858937889338E+00
0.21123744031748E+01     0.11255870014429E+00
0.21221928392005E+01     0.10649444907904E+00
0.21320112752261E+01     0.10040566325188E+00
0.21418297112517E+01     0.94298221170902E-01
0.21516481472773E+01     0.88196381926537E-01
0.21614665833029E+01     0.82106962800026E-01
0.21712850193285E+01     0.76036572456360E-01
0.21811034553541E+01     0.69988876581192E-01
0.21909218913797E+01     0.63969530165195E-01
0.22007403274054E+01     0.57981390506029E-01
0.22105587634310E+01     0.52029214799404E-01
0.22203771994566E+01     0.46115182340145E-01
0.22301956354822E+01     0.40243182331324E-01
0.22400140715078E+01     0.34414798021317E-01
0.22498325075334E+01     0.28633059933782E-01
0.22596509435590E+01     0.22899003699422E-01
0.22694693795846E+01     0.17214709892869E-01
0.22792878156102E+01     0.11580641381443E-01
0.22891062516359E+01     0.59977313503623E-02
0.22989246876615E+01     0.46580415801145E-03
0.23087431236871E+01     -.50152805633843E-02
0.23185615597127E+01     -.25658006779850E-02
0.23283799957383E+01     0.00000000000000E+00
