0.10716201844600E+01     0.00000000000000E+00
0.10814386204856E+01     0.00000000000000E+00
0.10912570565112E+01     0.00000000000000E+00
0.11010754925368E+01     0.15321488750000E+07
0.11108939285624E+01     0.15060573750000E+07
0.11207123645880E+01     0.14806896250000E+07
0.11305308006136E+01     0.14560212500000E+07
0.11403492366393E+01     0.14320297500000E+07
0.11501676726649E+01     0.14086930000000E+07
0.11599861086905E+01     0.13859906250000E+07
0.11698045447161E+01     0.13639025000000E+07
0.11796229807417E+01     0.13424098750000E+07
0.11894414167673E+01     0.13214945000000E+07
0.11992598527929E+01     0.13011387500000E+07
0.12090782888185E+01     0.12813260000000E+07
0.12188967248442E+01     0.12620401250000E+07
0.12287151608698E+01     0.12432656250000E+07
0.12385335968954E+01     0.12249875000000E+07
0.12483520329210E+01     0.12071916250000E+07
0.12581704689466E+01     0.11898638750000E+07
0.12679889049722E+01     0.11729912500000E+07
0.12778073409978E+01     0.11565605000000E+07
0.12876257770234E+01     0.11405592500000E+07
0.12974442130490E+01     0.11249752500000E+07
0.13072626490747E+01     0.11097967500000E+07
0.13170810851003E+01     0.10950122500000E+07
0.13268995211259E+01     0.10806096250000E+07
0.13367179571515E+01     0.10665815000000E+07
0.13465363931771E+01     0.10529086250000E+07
0.13563548292027E+01     0.10395896875000E+07
0.13661732652283E+01     0.10266084375000E+07
0.13759917012539E+01     0.10139558125000E+07
0.13858101372796E+01     0.10016210000000E+07
0.13956285733052E+01     0.98959556250000E+06
0.14054470093308E+01     0.97786575000000E+06
0.14152654453564E+01     0.96642437500000E+06
0.14250838813820E+01     0.95526237500000E+06
0.14349023174076E+01     0.94437093750000E+06
0.14447207534332E+01     0.93374112500000E+06
0.14545391894588E+01     0.92336406250000E+06
0.14643576254844E+01     0.91323131250000E+06
0.14741760615101E+01     0.90333462500000E+06
0.14839944975357E+01     0.89366593750000E+06
0.14938129335613E+01     0.88421725000000E+06
0.15036313695869E+01     0.87498056250000E+06
0.15134498056125E+01     0.86594837500000E+06
0.15232682416381E+01     0.85711337500000E+06
0.15330866776637E+01     0.84846806250000E+06
0.15429051136893E+01     0.84000500000000E+06
0.15527235497150E+01     0.83171700000000E+06
0.15625419857406E+01     0.82359656250000E+06
0.15723604217662E+01     0.81563593750000E+06
0.15821788577918E+01     0.80782743750000E+06
0.15919972938174E+01     0.80016275000000E+06
0.16018157298430E+01     0.79263343750000E+06
0.16116341658686E+01     0.78523043750000E+06
0.16214526018942E+01     0.77794406250000E+06
0.16312710379199E+01     0.77076425000000E+06
0.16410894739455E+01     0.76368025000000E+06
0.16509079099711E+01     0.75668081250000E+06
0.16607263459967E+01     0.74975387500000E+06
0.16705447820223E+01     0.74288737500000E+06
0.16803632180479E+01     0.73606850000000E+06
0.16901816540735E+01     0.72928475000000E+06
0.17000000900991E+01     0.72252350000000E+06
0.17098185261247E+01     0.71577256250000E+06
0.17196369621504E+01     0.70902050000000E+06
0.17294553981760E+01     0.70225712500000E+06
0.17392738342016E+01     0.69547318750000E+06
0.17490922702272E+01     0.68866143750000E+06
0.17589107062528E+01     0.68181637500000E+06
0.17687291422784E+01     0.67493462500000E+06
0.17785475783040E+01     0.66801462500000E+06
0.17883660143296E+01     0.66105725000000E+06
0.17981844503553E+01     0.65406500000000E+06
0.18080028863809E+01     0.64704231250000E+06
0.18178213224065E+01     0.63999500000000E+06
0.18276397584321E+01     0.63293025000000E+06
0.18374581944577E+01     0.62585593750000E+06
0.18472766304833E+01     0.61878043750000E+06
0.18570950665089E+01     0.61171243750000E+06
0.18669135025345E+01     0.60466043750000E+06
0.18767319385602E+01     0.59763275000000E+06
0.18865503745858E+01     0.59063712500000E+06
0.18963688106114E+01     0.58368100000000E+06
0.19061872466370E+01     0.57677093750000E+06
0.19160056826626E+01     0.56991312500000E+06
0.19258241186882E+01     0.56311293750000E+06
0.19356425547138E+01     0.55637531250000E+06
0.19454609907394E+01     0.54970475000000E+06
0.19552794267650E+01     0.54310475000000E+06
0.19650978627907E+01     0.53657912500000E+06
0.19749162988163E+01     0.53013075000000E+06
0.19847347348419E+01     0.52376265625000E+06
0.19945531708675E+01     0.51747687500000E+06
0.20043716068931E+01     0.51127609375000E+06
0.20141900429187E+01     0.50516162500000E+06
0.20240084789443E+01     0.49913596875000E+06
0.20338269149699E+01     0.49319959375000E+06
0.20436453509956E+01     0.48735468750000E+06
0.20534637870212E+01     0.48160100000000E+06
0.20632822230468E+01     0.47594046875000E+06
0.20731006590724E+01     0.47037200000000E+06
0.20829190950980E+01     0.46489690625000E+06
0.20927375311236E+01     0.45951381250000E+06
0.21025559671492E+01     0.45422262500000E+06
0.21123744031748E+01     0.44902409375000E+06
0.21221928392005E+01     0.44391853125000E+06
0.21320112752261E+01     0.43890671875000E+06
0.21418297112517E+01     0.43191987500000E+06
0.21516481472773E+01     0.42709318750000E+06
0.21614665833029E+01     0.42235162500000E+06
0.21712850193285E+01     0.41770571875000E+06
0.21811034553541E+01     0.41315359375000E+06
0.21909218913797E+01     0.40869343750000E+06
0.22007403274054E+01     0.40432287500000E+06
0.22105587634310E+01     0.40004009375000E+06
0.22203771994566E+01     0.39584240625000E+06
0.22301956354822E+01     0.39172821875000E+06
0.22400140715078E+01     0.38769468750000E+06
0.22498325075334E+01     0.38374053125000E+06
0.22596509435590E+01     0.37986275000000E+06
0.22694693795846E+01     0.37606031250000E+06
0.22792878156102E+01     0.37232984375000E+06
0.22891062516359E+01     0.36867006250000E+06
0.22989246876615E+01     0.36507734375000E+06
0.23087431236871E+01     0.00000000000000E+00
0.23185615597127E+01     0.00000000000000E+00
0.23283799957383E+01     0.00000000000000E+00
