0.10716201844600E+01     0.00000000000000E+00
0.10814386204856E+01     0.00000000000000E+00
0.10912570565112E+01     0.00000000000000E+00
0.11010754925368E+01     -.14270167412178E-04
0.11108939285624E+01     -.16473382129334E-03
0.11207123645880E+01     -.29645074391738E-03
0.11305308006136E+01     -.41813988354988E-03
0.11403492366393E+01     -.50139613449574E-03
0.11501676726649E+01     -.57254132116213E-03
0.11599861086905E+01     -.59849844546989E-03
0.11698045447161E+01     -.61409204499796E-03
0.11796229807417E+01     -.59058913029730E-03
0.11894414167673E+01     -.56105840485543E-03
0.11992598527929E+01     -.50618115346879E-03
0.12090782888185E+01     -.45009437599219E-03
0.12188967248442E+01     -.38346296059899E-03
0.12287151608698E+01     -.31920764013194E-03
0.12385335968954E+01     -.25550200371072E-03
0.12483520329210E+01     -.19579635409173E-03
0.12581704689466E+01     -.14241356984712E-03
0.12679889049722E+01     -.92904374469072E-04
0.12778073409978E+01     -.50986283895327E-04
0.12876257770234E+01     -.11769880984502E-04
0.12974442130490E+01     0.21253128579701E-04
0.13072626490747E+01     0.53083709644852E-04
0.13170810851003E+01     0.81019228673540E-04
0.13268995211259E+01     0.10905933595495E-03
0.13367179571515E+01     0.13519464118872E-03
0.13465363931771E+01     0.16221770783886E-03
0.13563548292027E+01     0.18840034317691E-03
0.13661732652283E+01     0.21553917031270E-03
0.13759917012539E+01     0.24174405552913E-03
0.13858101372796E+01     0.26837672339752E-03
0.13956285733052E+01     0.29321116744541E-03
0.14054470093308E+01     0.31752337235957E-03
0.14152654453564E+01     0.33901107963175E-03
0.14250838813820E+01     0.35888177808374E-03
0.14349023174076E+01     0.37537264870480E-03
0.14447207534332E+01     0.38929848233238E-03
0.14545391894588E+01     0.40023832116276E-03
0.14643576254844E+01     0.40797068504617E-03
0.14741760615101E+01     0.41411034180783E-03
0.14839944975357E+01     0.41672130464576E-03
0.14938129335613E+01     0.41983081609942E-03
0.15036313695869E+01     0.41931678424589E-03
0.15134498056125E+01     0.42159482836723E-03
0.15232682416381E+01     0.42022662819363E-03
0.15330866776637E+01     0.42363462853245E-03
0.15429051136893E+01     0.42333200690337E-03
0.15527235497150E+01     0.42911976925097E-03
0.15625419857406E+01     0.43100450420752E-03
0.15723604217662E+01     0.43943020864390E-03
0.15821788577918E+01     0.44362372136675E-03
0.15919972938174E+01     0.45394033077173E-03
0.16018157298430E+01     0.45958472765051E-03
0.16116341658686E+01     0.47022567014210E-03
0.16214526018942E+01     0.47571497270837E-03
0.16312710379199E+01     0.48465357394889E-03
0.16410894739455E+01     0.48802912351675E-03
0.16509079099711E+01     0.49325823783875E-03
0.16607263459967E+01     0.49266609130427E-03
0.16705447820223E+01     0.49262004904449E-03
0.16803632180479E+01     0.48674890422262E-03
0.16901816540735E+01     0.48069038894027E-03
0.17000000900991E+01     0.46908119111322E-03
0.17098185261247E+01     0.45723625225946E-03
0.17196369621504E+01     0.44037605402991E-03
0.17294553981760E+01     0.42383288382553E-03
0.17392738342016E+01     0.40296741644852E-03
0.17490922702272E+01     0.38339273305610E-03
0.17589107062528E+01     0.36022259155288E-03
0.17687291422784E+01     0.33945016912185E-03
0.17785475783040E+01     0.31570167629980E-03
0.17883660143296E+01     0.29536211513914E-03
0.17981844503553E+01     0.27246933314018E-03
0.18080028863809E+01     0.25378612917848E-03
0.18178213224065E+01     0.23275488638319E-03
0.18276397584321E+01     0.21654553711414E-03
0.18374581944577E+01     0.19801782036666E-03
0.18472766304833E+01     0.18491219088901E-03
0.18570950665089E+01     0.16945303650573E-03
0.18669135025345E+01     0.16029766993597E-03
0.18767319385602E+01     0.14885910786688E-03
0.18865503745858E+01     0.14536114758812E-03
0.18963688106114E+01     0.13997292262502E-03
0.19061872466370E+01     0.14558738621417E-03
0.19160056826626E+01     0.15029606583994E-03
0.19258241186882E+01     0.17136681708507E-03
0.19356425547138E+01     0.19339646678418E-03
0.19454609907394E+01     0.24019977718126E-03
0.19552794267650E+01     0.29086260474287E-03
0.19650978627907E+01     0.37773334770463E-03
0.19749162988163E+01     0.47217865358107E-03
0.19847347348419E+01     0.61549560632557E-03
0.19945531708675E+01     0.77003735350445E-03
0.20043716068931E+01     0.98313228227198E-03
0.20141900429187E+01     0.12095054844394E-02
0.20240084789443E+01     0.14950180193409E-02
0.20338269149699E+01     0.17923823324963E-02
0.20436453509956E+01     0.21346120629460E-02
0.20534637870212E+01     0.24827325250953E-02
0.20632822230468E+01     0.28451550751925E-02
0.20731006590724E+01     0.32038218341768E-02
0.20829190950980E+01     0.35352450795472E-02
0.20927375311236E+01     0.38523701950908E-02
0.21025559671492E+01     0.41020466014743E-02
0.21123744031748E+01     0.43290075846016E-02
0.21221928392005E+01     0.44625322334468E-02
0.21320112752261E+01     0.45728739351034E-02
0.21418297112517E+01     0.45672082342207E-02
0.21516481472773E+01     0.45677432790399E-02
0.21614665833029E+01     0.44897138141096E-02
0.21712850193285E+01     0.44028083793819E-02
0.21811034553541E+01     0.42573413811624E-02
0.21909218913797E+01     0.41081374511123E-02
0.22007403274054E+01     0.39093457162380E-02
0.22105587634310E+01     0.37058368325233E-02
0.22203771994566E+01     0.34452425315976E-02
0.22301956354822E+01     0.31742302235216E-02
0.22400140715078E+01     0.28311521746218E-02
0.22498325075334E+01     0.24727897252887E-02
0.22596509435590E+01     0.20376788452268E-02
0.22694693795846E+01     0.15891926595941E-02
0.22792878156102E+01     0.10834450367838E-02
0.22891062516359E+01     0.57484512217343E-03
0.22989246876615E+01     0.51424824050628E-04
0.23087431236871E+01     0.00000000000000E+00
0.23185615597127E+01     0.00000000000000E+00
0.23283799957383E+01     0.00000000000000E+00
