0.10716201844600E+01     0.00000000000000E+00
0.10814386204856E+01     0.00000000000000E+00
0.10912570565112E+01     0.00000000000000E+00
0.11010754925368E+01     -.15977073417162E-04
0.11108939285624E+01     -.16495454474352E-03
0.11207123645880E+01     -.30665949452668E-03
0.11305308006136E+01     -.41754340054467E-03
0.11403492366393E+01     -.51670044194907E-03
0.11501676726649E+01     -.57085655862466E-03
0.11599861086905E+01     -.61320659006014E-03
0.11698045447161E+01     -.61093480326235E-03
0.11796229807417E+01     -.60035072965547E-03
0.11894414167673E+01     -.55659736972302E-03
0.11992598527929E+01     -.50957553321496E-03
0.12090782888185E+01     -.44506217818707E-03
0.12188967248442E+01     -.38173154462129E-03
0.12287151608698E+01     -.31457556178793E-03
0.12385335968954E+01     -.25118491612375E-03
0.12483520329210E+01     -.19240120309405E-03
0.12581704689466E+01     -.13795844279230E-03
0.12679889049722E+01     -.91225905634929E-04
0.12778073409978E+01     -.47979170631152E-04
0.12876257770234E+01     -.11894730960194E-04
0.12974442130490E+01     0.22215321223484E-04
0.13072626490747E+01     0.51403112593107E-04
0.13170810851003E+01     0.80128986155614E-04
0.13268995211259E+01     0.10633384226821E-03
0.13367179571515E+01     0.13317336561158E-03
0.13465363931771E+01     0.15914588584565E-03
0.13563548292027E+01     0.18621727940626E-03
0.13661732652283E+01     0.21288634161465E-03
0.13759917012539E+01     0.24039452546276E-03
0.13858101372796E+01     0.26689600781538E-03
0.13956285733052E+01     0.29341899789870E-03
0.14054470093308E+01     0.31777162803337E-03
0.14152654453564E+01     0.34105734084733E-03
0.14250838813820E+01     0.36115050897934E-03
0.14349023174076E+01     0.37909328239039E-03
0.14447207534332E+01     0.39361725794151E-03
0.14545391894588E+01     0.40517959860154E-03
0.14643576254844E+01     0.41417751344852E-03
0.14741760615101E+01     0.41975380736403E-03
0.14839944975357E+01     0.42455954826437E-03
0.14938129335613E+01     0.42577911517583E-03
0.15036313695869E+01     0.42851385660470E-03
0.15134498056125E+01     0.42765581747517E-03
0.15232682416381E+01     0.43053174158558E-03
0.15330866776637E+01     0.42980961734429E-03
0.15429051136893E+01     0.43452368117869E-03
0.15527235497150E+01     0.43553914292715E-03
0.15625419857406E+01     0.44287822674960E-03
0.15723604217662E+01     0.44627152965404E-03
0.15821788577918E+01     0.45597730786540E-03
0.15919972938174E+01     0.46135045704432E-03
0.16018157298430E+01     0.47220589476638E-03
0.16116341658686E+01     0.47825803630985E-03
0.16214526018942E+01     0.48837915528566E-03
0.16312710379199E+01     0.49323058919981E-03
0.16410894739455E+01     0.50050613936037E-03
0.16509079099711E+01     0.50216878298670E-03
0.16607263459967E+01     0.50474255112931E-03
0.16705447820223E+01     0.50156243378297E-03
0.16803632180479E+01     0.49825879978016E-03
0.16901816540735E+01     0.48934429651126E-03
0.17000000900991E+01     0.47993421321735E-03
0.17098185261247E+01     0.46534399734810E-03
0.17196369621504E+01     0.45057808165438E-03
0.17294553981760E+01     0.43126763193868E-03
0.17392738342016E+01     0.41262662853114E-03
0.17490922702272E+01     0.39018708048388E-03
0.17589107062528E+01     0.36953171365894E-03
0.17687291422784E+01     0.34577253973112E-03
0.17785475783040E+01     0.32490017474629E-03
0.17883660143296E+01     0.30145005439408E-03
0.17981844503553E+01     0.28179283253849E-03
0.18080028863809E+01     0.25985779939219E-03
0.18178213224065E+01     0.24238292826340E-03
0.18276397584321E+01     0.22271466150414E-03
0.18374581944577E+01     0.20803339430131E-03
0.18472766304833E+01     0.19111765141133E-03
0.18570950665089E+01     0.17981215205509E-03
0.18669135025345E+01     0.16623680130579E-03
0.18767319385602E+01     0.15937126590870E-03
0.18865503745858E+01     0.15039951540530E-03
0.18963688106114E+01     0.15026825712994E-03
0.19061872466370E+01     0.14862994430587E-03
0.19160056826626E+01     0.15980501484592E-03
0.19258241186882E+01     0.17080952238757E-03
0.19356425547138E+01     0.20134840451647E-03
0.19454609907394E+01     0.23405620595440E-03
0.19552794267650E+01     0.29635225655511E-03
0.19650978627907E+01     0.36419098614715E-03
0.19749162988163E+01     0.47435777378269E-03
0.19847347348419E+01     0.59396872529760E-03
0.19945531708675E+01     0.76839746907353E-03
0.20043716068931E+01     0.95547438832000E-03
0.20141900429187E+01     0.12041797162965E-02
0.20240084789443E+01     0.14661365421489E-02
0.20338269149699E+01     0.17841026419774E-02
0.20436453509956E+01     0.21116081625223E-02
0.20534637870212E+01     0.24725298862904E-02
0.20632822230468E+01     0.28346893377602E-02
0.20731006590724E+01     0.31923397909850E-02
0.20829190950980E+01     0.35400227643549E-02
0.20927375311236E+01     0.38392916321754E-02
0.21025559671492E+01     0.41184788569808E-02
0.21123744031748E+01     0.43129324913025E-02
0.21221928392005E+01     0.44820099137723E-02
0.21320112752261E+01     0.45527364127338E-02
0.21418297112517E+01     0.45809098519385E-02
0.21516481472773E+01     0.45440807007253E-02
0.21614665833029E+01     0.44940267689526E-02
0.21712850193285E+01     0.43780305422843E-02
0.21811034553541E+01     0.42567136697471E-02
0.21909218913797E+01     0.40864096954465E-02
0.22007403274054E+01     0.39132339879870E-02
0.22105587634310E+01     0.36907978355885E-02
0.22203771994566E+01     0.34612063318491E-02
0.22301956354822E+01     0.31667440198362E-02
0.22400140715078E+01     0.28582117520273E-02
0.22498325075334E+01     0.24700674694031E-02
0.22596509435590E+01     0.20652324892581E-02
0.22694693795846E+01     0.15862574800849E-02
0.22792878156102E+01     0.10972362942994E-02
0.22891062516359E+01     0.56797970319167E-03
0.22989246876615E+01     0.43923228076892E-04
0.23087431236871E+01     0.00000000000000E+00
0.23185615597127E+01     0.00000000000000E+00
0.23283799957383E+01     0.00000000000000E+00
