0.10716201844600E+01     0.66227730499785E+19
0.10814386204856E+01     0.66227730499785E+19
0.10912570565112E+01     0.66227730499785E+19
0.11010754925368E+01     0.87313950092506E+18
0.11108939285624E+01     0.21000261148051E+19
0.11207123645880E+01     0.30498355236076E+19
0.11305308006136E+01     0.40736235107008E+19
0.11403492366393E+01     0.51582202632460E+19
0.11501676726649E+01     0.63086755632718E+19
0.11599861086905E+01     0.75240306366386E+19
0.11698045447161E+01     0.88022684292654E+19
0.11796229807417E+01     0.10141099208187E+20
0.11894414167673E+01     0.11538074910765E+20
0.11992598527929E+01     0.12990629826615E+20
0.12090782888185E+01     0.14496157013669E+20
0.12188967248442E+01     0.16051899996274E+20
0.12287151608698E+01     0.17655003342734E+20
0.12385335968954E+01     0.19302434599980E+20
0.12483520329210E+01     0.20991022776476E+20
0.12581704689466E+01     0.22717390172503E+20
0.12679889049722E+01     0.24477998559642E+20
0.12778073409978E+01     0.26269113996406E+20
0.12876257770234E+01     0.28086883794050E+20
0.12974442130490E+01     0.29927437671644E+20
0.13072626490747E+01     0.31787257191981E+20
0.13170810851003E+01     0.33664343442920E+20
0.13268995211259E+01     0.35564756932554E+20
0.13367179571515E+01     0.37797119579684E+20
0.13465363931771E+01     0.39049401751069E+20
0.13563548292027E+01     0.41048868044226E+20
0.13661732652283E+01     0.42920597474515E+20
0.13759917012539E+01     0.44758576295878E+20
0.13858101372796E+01     0.46566305353337E+20
0.13956285733052E+01     0.48357805619170E+20
0.14054470093308E+01     0.50327505933540E+20
0.14152654453564E+01     0.52373551937296E+20
0.14250838813820E+01     0.54380996286824E+20
0.14349023174076E+01     0.56295452738968E+20
0.14447207534332E+01     0.58091738079406E+20
0.14545391894588E+01     0.59759521296881E+20
0.14643576254844E+01     0.61296651746652E+20
0.14741760615101E+01     0.62705895799972E+20
0.14839944975357E+01     0.63993080868470E+20
0.14938129335613E+01     0.65166044271028E+20
0.15036313695869E+01     0.66233894361971E+20
0.15134498056125E+01     0.67206522347901E+20
0.15232682416381E+01     0.68094219657656E+20
0.15330866776637E+01     0.68907444845838E+20
0.15429051136893E+01     0.69656511331516E+20
0.15527235497150E+01     0.70351464252922E+20
0.15625419857406E+01     0.71001869361216E+20
0.15723604217662E+01     0.71616654690818E+20
0.15821788577918E+01     0.72203952229724E+20
0.15919972938174E+01     0.72770961580076E+20
0.16018157298430E+01     0.73323782832382E+20
0.16116341658686E+01     0.73867354992875E+20
0.16214526018942E+01     0.74405297653834E+20
0.16312710379199E+01     0.74939932983817E+20
0.16410894739455E+01     0.75472219756963E+20
0.16509079099711E+01     0.76001894090481E+20
0.16607263459967E+01     0.76527504629023E+20
0.16705447820223E+01     0.77046632447008E+20
0.16803632180479E+01     0.77556058174389E+20
0.16901816540735E+01     0.78052025879446E+20
0.17000000900991E+01     0.78530427786738E+20
0.17098185261247E+01     0.78987024179428E+20
0.17196369621504E+01     0.79417628117237E+20
0.17294553981760E+01     0.79818202193469E+20
0.17392738342016E+01     0.80184937699844E+20
0.17490922702272E+01     0.80514316199153E+20
0.17589107062528E+01     0.80803012768235E+20
0.17687291422784E+01     0.81047895997973E+20
0.17785475783040E+01     0.81245904847996E+20
0.17883660143296E+01     0.81393934297467E+20
0.17981844503553E+01     0.81488756180246E+20
0.18080028863809E+01     0.81526957612242E+20
0.18178213224065E+01     0.81504879418756E+20
0.18276397584321E+01     0.81418704095417E+20
0.18374581944577E+01     0.81264482196459E+20
0.18472766304833E+01     0.81038396217509E+20
0.18570950665089E+01     0.80736927721359E+20
0.18669135025345E+01     0.80357297142614E+20
0.18767319385602E+01     0.79897692486110E+20
0.18865503745858E+01     0.79357717927663E+20
0.18963688106114E+01     0.78738675289039E+20
0.19061872466370E+01     0.78043819124657E+20
0.19160056826626E+01     0.77278506255166E+20
0.19258241186882E+01     0.76450239747916E+20
0.19356425547138E+01     0.75568536975556E+20
0.19454609907394E+01     0.74644788878550E+20
0.19552794267650E+01     0.73691837752710E+20
0.19650978627907E+01     0.72723634201570E+20
0.19749162988163E+01     0.71754669788383E+20
0.19847347348419E+01     0.70799400892031E+20
0.19945531708675E+01     0.69871391087956E+20
0.20043716068931E+01     0.68982466723224E+20
0.20141900429187E+01     0.68141327133836E+20
0.20240084789443E+01     0.67352176852256E+20
0.20338269149699E+01     0.66612750884530E+20
0.20436453509956E+01     0.65912652248706E+20
0.20534637870212E+01     0.65231676319113E+20
0.20632822230468E+01     0.64539397409986E+20
0.20731006590724E+01     0.63795920841424E+20
0.20829190950980E+01     0.62955049532873E+20
0.20927375311236E+01     0.61968959126572E+20
0.21025559671492E+01     0.60841770592101E+20
0.21123744031748E+01     0.59628991674478E+20
0.21221928392005E+01     0.58325753736215E+20
0.21320112752261E+01     0.56927025412102E+20
0.21418297112517E+01     0.14926161717641E+20
0.21516481472773E+01     0.14035097703282E+20
0.21614665833029E+01     0.13107201148904E+20
0.21712850193285E+01     0.12150438016250E+20
0.21811034553541E+01     0.11172736883669E+20
0.21909218913797E+01     0.10181571131694E+20
0.22007403274054E+01     0.91846840709640E+19
0.22105587634310E+01     0.81895320395826E+19
0.22203771994566E+01     0.72038577984326E+19
0.22301956354822E+01     0.62352831621177E+19
0.22400140715078E+01     0.52917328606952E+19
0.22498325075334E+01     0.43810469618270E+19
0.22596509435590E+01     0.35114520115119E+19
0.22694693795846E+01     0.26906762021039E+19
0.22792878156102E+01     0.19259091026979E+19
0.22891062516359E+01     0.12115985918906E+19
0.22989246876615E+01     0.44290434618779E+18
0.23087431236871E+01     0.66227730499785E+19
0.23185615597127E+01     0.66227730499785E+19
0.23283799957383E+01     0.66227730499785E+19
