0.10716201844600E+01     0.22154500456395E-07
0.10814386204856E+01     0.22154500456395E-07
0.10912570565112E+01     0.22154500456395E-07
0.11010754925368E+01     0.29120228450807E-08
0.11108939285624E+01     0.70191354950566E-08
0.11207123645880E+01     0.10192604982251E-07
0.11305308006136E+01     0.13614556593211E-07
0.11403492366393E+01     0.17239202065866E-07
0.11501676726649E+01     0.21083836898583E-07
0.11599861086905E+01     0.25145260096338E-07
0.11698045447161E+01     0.29416652225223E-07
0.11796229807417E+01     0.33890458439600E-07
0.11894414167673E+01     0.38558358284035E-07
0.11992598527929E+01     0.43411876760047E-07
0.12090782888185E+01     0.48442153399719E-07
0.12188967248442E+01     0.53640047070758E-07
0.12287151608698E+01     0.58995844653964E-07
0.12385335968954E+01     0.64499438678922E-07
0.12483520329210E+01     0.70140011132480E-07
0.12581704689466E+01     0.75906172014584E-07
0.12679889049722E+01     0.81785742622742E-07
0.12778073409978E+01     0.87765826606301E-07
0.12876257770234E+01     0.93832674963323E-07
0.12974442130490E+01     0.99971806832855E-07
0.13072626490747E+01     0.10616795265150E-06
0.13170810851003E+01     0.11240508968058E-06
0.13268995211259E+01     0.11866661964177E-06
0.13367179571515E+01     0.12493775614075E-06
0.13465363931771E+01     0.13118362574005E-06
0.13563548292027E+01     0.13741245652454E-06
0.13661732652283E+01     0.14359061140112E-06
0.13759917012539E+01     0.14970125050695E-06
0.13858101372796E+01     0.15572598499602E-06
0.13956285733052E+01     0.16169528294085E-06
0.14054470093308E+01     0.16825339343995E-06
0.14152654453564E+01     0.17508065752736E-06
0.14250838813820E+01     0.18178725724738E-06
0.14349023174076E+01     0.18818781200025E-06
0.14447207534332E+01     0.19419626084982E-06
0.14545391894588E+01     0.19977683507477E-06
0.14643576254844E+01     0.20492170449415E-06
0.14741760615101E+01     0.20963958036191E-06
0.14839944975357E+01     0.21394967575361E-06
0.14938129335613E+01     0.21787788284655E-06
0.15036313695869E+01     0.22145452760469E-06
0.15134498056125E+01     0.22471246552414E-06
0.15232682416381E+01     0.22768603002987E-06
0.15330866776637E+01     0.23041000929425E-06
0.15429051136893E+01     0.23291887885080E-06
0.15527235497150E+01     0.23524607684067E-06
0.15625419857406E+01     0.23742356347611E-06
0.15723604217662E+01     0.23948106786520E-06
0.15821788577918E+01     0.24144583221641E-06
0.15919972938174E+01     0.24334181603081E-06
0.16018157298430E+01     0.24518948293917E-06
0.16116341658686E+01     0.24700526068955E-06
0.16214526018942E+01     0.24880145588213E-06
0.16312710379199E+01     0.25058577080017E-06
0.16410894739455E+01     0.25236161604880E-06
0.16509079099711E+01     0.25412813897674E-06
0.16607263459967E+01     0.25588067842364E-06
0.16705447820223E+01     0.25761127631085E-06
0.16803632180479E+01     0.25930933134077E-06
0.16901816540735E+01     0.26096236638296E-06
0.17000000900991E+01     0.26255679586029E-06
0.17098185261247E+01     0.26407846576149E-06
0.17196369621504E+01     0.26551344944892E-06
0.17294553981760E+01     0.26684827503232E-06
0.17392738342016E+01     0.26807020958586E-06
0.17490922702272E+01     0.26916737283500E-06
0.17589107062528E+01     0.27012868031306E-06
0.17687291422784E+01     0.27094353072243E-06
0.17785475783040E+01     0.27160160698259E-06
0.17883660143296E+01     0.27209244990445E-06
0.17981844503553E+01     0.27240523081673E-06
0.18080028863809E+01     0.27252849577053E-06
0.18178213224065E+01     0.27245002343079E-06
0.18276397584321E+01     0.27215702402827E-06
0.18374581944577E+01     0.27163645199835E-06
0.18472766304833E+01     0.27087560283690E-06
0.18570950665089E+01     0.26986296575160E-06
0.18669135025345E+01     0.26858938895202E-06
0.18767319385602E+01     0.26704910283115E-06
0.18865503745858E+01     0.26524099894232E-06
0.18963688106114E+01     0.26316968160245E-06
0.19061872466370E+01     0.26084617843480E-06
0.19160056826626E+01     0.25828862249000E-06
0.19258241186882E+01     0.25552213855917E-06
0.19356425547138E+01     0.25257870106543E-06
0.19454609907394E+01     0.24949619614745E-06
0.19552794267650E+01     0.24631765427330E-06
0.19650978627907E+01     0.24308940282936E-06
0.19749162988163E+01     0.23985987240849E-06
0.19847347348419E+01     0.23667692516938E-06
0.19945531708675E+01     0.23358579426258E-06
0.20043716068931E+01     0.23062536058660E-06
0.20141900429187E+01     0.22782441533309E-06
0.20240084789443E+01     0.22519604669924E-06
0.20338269149699E+01     0.22273216870872E-06
0.20436453509956E+01     0.22039681368824E-06
0.20534637870212E+01     0.21812184058945E-06
0.20632822230468E+01     0.21580429176993E-06
0.20731006590724E+01     0.21331081256903E-06
0.20829190950980E+01     0.21048634835097E-06
0.20927375311236E+01     0.20717236282053E-06
0.21025559671492E+01     0.20339489026355E-06
0.21123744031748E+01     0.19933284534090E-06
0.21221928392005E+01     0.19496728498325E-06
0.21320112752261E+01     0.19028324516057E-06
0.21418297112517E+01     0.49855813699651E-07
0.21516481472773E+01     0.46872720815827E-07
0.21614665833029E+01     0.43766718249572E-07
0.21712850193285E+01     0.40565510062152E-07
0.21811034553541E+01     0.37294373811392E-07
0.21909218913797E+01     0.33979429048259E-07
0.22007403274054E+01     0.30645370685534E-07
0.22105587634310E+01     0.27318248996266E-07
0.22203771994566E+01     0.24022853040151E-07
0.22301956354822E+01     0.20785671850376E-07
0.22400140715078E+01     0.17632304505355E-07
0.22498325075334E+01     0.14589732977299E-07
0.22596509435590E+01     0.11684808676193E-07
0.22694693795846E+01     0.89439362582766E-08
0.22792878156102E+01     0.63905591929370E-08
0.22891062516359E+01     0.40044314530974E-08
0.22989246876615E+01     0.13918385333156E-08
0.23087431236871E+01     0.22154500456395E-07
0.23185615597127E+01     0.22154500456395E-07
0.23283799957383E+01     0.22154500456395E-07
