0.10716201844600E+01     0.00000000000000E+00
0.10814386204856E+01     0.00000000000000E+00
0.10912570565112E+01     0.00000000000000E+00
0.11010754925368E+01     0.51943378448486E+01
0.11108939285624E+01     0.41845021247864E+01
0.11207123645880E+01     0.63509802818298E+01
0.11305308006136E+01     0.10058670997620E+02
0.11403492366393E+01     0.15358320236206E+02
0.11501676726649E+01     0.22312419891357E+02
0.11599861086905E+01     0.31004632949829E+02
0.11698045447161E+01     0.41521965026855E+02
0.11796229807417E+01     0.53949748992920E+02
0.11894414167673E+01     0.68371261596680E+02
0.11992598527929E+01     0.84866127014160E+02
0.12090782888185E+01     0.10351043701172E+03
0.12188967248442E+01     0.12437553405762E+03
0.12287151608698E+01     0.14752819824219E+03
0.12385335968954E+01     0.17302922058105E+03
0.12483520329210E+01     0.20093327331543E+03
0.12581704689466E+01     0.23128755187988E+03
0.12679889049722E+01     0.26413159179688E+03
0.12778073409978E+01     0.29949600219727E+03
0.12876257770234E+01     0.33740231323242E+03
0.12974442130490E+01     0.37786300659180E+03
0.13072626490747E+01     0.42088400268555E+03
0.13170810851003E+01     0.46647595214844E+03
0.13268995211259E+01     0.51471972656250E+03
0.13367179571515E+01     0.56873992919922E+03
0.13465363931771E+01     0.61520678710938E+03
0.13563548292027E+01     0.67169171142578E+03
0.13661732652283E+01     0.72920452880859E+03
0.13759917012539E+01     0.78865930175781E+03
0.13858101372796E+01     0.85001702880859E+03
0.13956285733052E+01     0.91336877441406E+03
0.14054470093308E+01     0.98116894531250E+03
0.14152654453564E+01     0.10522169189453E+04
0.14250838813820E+01     0.11249577636719E+04
0.14349023174076E+01     0.11985080566406E+04
0.14447207534332E+01     0.12723161621094E+04
0.14545391894588E+01     0.13460070800781E+04
0.14643576254844E+01     0.14193078613281E+04
0.14741760615101E+01     0.14920159912109E+04
0.14839944975357E+01     0.15639779052734E+04
0.14938129335613E+01     0.16350811767578E+04
0.15036313695869E+01     0.17052437744141E+04
0.15134498056125E+01     0.17744117431641E+04
0.15232682416381E+01     0.18425516357422E+04
0.15330866776637E+01     0.19096491699219E+04
0.15429051136893E+01     0.19757009277344E+04
0.15527235497150E+01     0.20407130126953E+04
0.15625419857406E+01     0.21046936035156E+04
0.15723604217662E+01     0.21676489257813E+04
0.15821788577918E+01     0.22295754394531E+04
0.15919972938174E+01     0.22904570312500E+04
0.16018157298430E+01     0.23502536621094E+04
0.16116341658686E+01     0.24089006347656E+04
0.16214526018942E+01     0.24662988281250E+04
0.16312710379199E+01     0.25223134765625E+04
0.16410894739455E+01     0.25767692871094E+04
0.16509079099711E+01     0.26294531250000E+04
0.16607263459967E+01     0.26801098632813E+04
0.16705447820223E+01     0.27284538574219E+04
0.16803632180479E+01     0.27741674804688E+04
0.16901816540735E+01     0.28169165039063E+04
0.17000000900991E+01     0.28563515625000E+04
0.17098185261247E+01     0.28921254882813E+04
0.17196369621504E+01     0.29238950195313E+04
0.17294553981760E+01     0.29513376464844E+04
0.17392738342016E+01     0.29741518554688E+04
0.17490922702272E+01     0.29920700683594E+04
0.17589107062528E+01     0.30048583984375E+04
0.17687291422784E+01     0.30123242187500E+04
0.17785475783040E+01     0.30143117675781E+04
0.17883660143296E+01     0.30107067871094E+04
0.17981844503553E+01     0.30014316406250E+04
0.18080028863809E+01     0.29864479980469E+04
0.18178213224065E+01     0.29657521972656E+04
0.18276397584321E+01     0.29393769531250E+04
0.18374581944577E+01     0.29073881835938E+04
0.18472766304833E+01     0.28698891601563E+04
0.18570950665089E+01     0.28270205078125E+04
0.18669135025345E+01     0.27789658203125E+04
0.18767319385602E+01     0.27259523925781E+04
0.18865503745858E+01     0.26682561035156E+04
0.18963688106114E+01     0.26062011718750E+04
0.19061872466370E+01     0.25401604003906E+04
0.19160056826626E+01     0.24705500488281E+04
0.19258241186882E+01     0.23978264160156E+04
0.19356425547138E+01     0.23224743652344E+04
0.19454609907394E+01     0.22449985351563E+04
0.19552794267650E+01     0.21659086914063E+04
0.19650978627907E+01     0.20857099609375E+04
0.19749162988163E+01     0.20048829345703E+04
0.19847347348419E+01     0.19238762207031E+04
0.19945531708675E+01     0.18430837402344E+04
0.20043716068931E+01     0.17628375244141E+04
0.20141900429187E+01     0.16833804931641E+04
0.20240084789443E+01     0.16048627929688E+04
0.20338269149699E+01     0.15273120117188E+04
0.20436453509956E+01     0.14506446533203E+04
0.20534637870212E+01     0.13746489257813E+04
0.20632822230468E+01     0.12990350341797E+04
0.20731006590724E+01     0.12234506835938E+04
0.20829190950980E+01     0.11475831298828E+04
0.20927375311236E+01     0.10711948242188E+04
0.21025559671492E+01     0.99475146484375E+03
0.21123744031748E+01     0.91922277832031E+03
0.21221928392005E+01     0.84487072753906E+03
0.21320112752261E+01     0.77193481445313E+03
0.21418297112517E+01     0.29218853759766E+03
0.21516481472773E+01     0.25774493408203E+03
0.21614665833029E+01     0.22498515319824E+03
0.21712850193285E+01     0.19410578918457E+03
0.21811034553541E+01     0.16527934265137E+03
0.21909218913797E+01     0.13863679504395E+03
0.22007403274054E+01     0.11429091644287E+03
0.22105587634310E+01     0.92316986083984E+02
0.22203771994566E+01     0.72773078918457E+02
0.22301956354822E+01     0.55683128356934E+02
0.22400140715078E+01     0.41052646636963E+02
0.22498325075334E+01     0.28856302261353E+02
0.22596509435590E+01     0.19046903610229E+02
0.22694693795846E+01     0.11551109313965E+02
0.22792878156102E+01     0.62764163017273E+01
0.22891062516359E+01     0.31600728034973E+01
0.22989246876615E+01     0.28066670894623E+01
0.23087431236871E+01     0.00000000000000E+00
0.23185615597127E+01     0.00000000000000E+00
0.23283799957383E+01     0.00000000000000E+00
