0.10716201844600E+01     -.10000000000000E+01
0.10814386204856E+01     -.10000000000000E+01
0.10912570565112E+01     -.10000000000000E+01
0.11010754925368E+01     -.10000000000000E+01
0.11108939285624E+01     -.10000000000000E+01
0.11207123645880E+01     0.92912930995226E-02
0.11305308006136E+01     0.17315163277090E-02
0.11403492366393E+01     0.91084791347384E-02
0.11501676726649E+01     0.90406304225326E-02
0.11599861086905E+01     0.25320323184133E-02
0.11698045447161E+01     0.86002973839641E-02
0.11796229807417E+01     0.88754286989570E-02
0.11894414167673E+01     0.54346253164113E-02
0.11992598527929E+01     0.76822401024401E-02
0.12090782888185E+01     0.87757110595703E-02
0.12188967248442E+01     0.73792645707726E-02
0.12287151608698E+01     0.44192201457918E-02
0.12385335968954E+01     0.78166984021664E-02
0.12483520329210E+01     0.80906972289085E-02
0.12581704689466E+01     0.62794634141028E-02
0.12679889049722E+01     0.45610954985023E-02
0.12778073409978E+01     0.71304254233837E-02
0.12876257770234E+01     0.74502197094262E-02
0.12974442130490E+01     0.61492356471717E-02
0.13072626490747E+01     0.20678273867816E-02
0.13170810851003E+01     0.56672226637602E-02
0.13268995211259E+01     0.61607416719198E-02
0.13367179571515E+01     0.78585138544440E-02
0.13465363931771E+01     0.38568612653762E-02
0.13563548292027E+01     0.77887903898954E-03
0.13661732652283E+01     0.47082272358239E-02
0.13759917012539E+01     0.55209258571267E-02
0.13858101372796E+01     0.53256410174072E-02
0.13956285733052E+01     0.35485643893480E-02
0.14054470093308E+01     0.20081277471036E-02
0.14152654453564E+01     0.30865282751620E-02
0.14250838813820E+01     0.41449856944382E-02
0.14349023174076E+01     0.43410025537014E-02
0.14447207534332E+01     0.37768636830151E-02
0.14545391894588E+01     0.22396601270884E-02
0.14643576254844E+01     0.26266856584698E-02
0.14741760615101E+01     0.34116990864277E-02
0.14839944975357E+01     0.33177032601088E-02
0.14938129335613E+01     0.24746593553573E-02
0.15036313695869E+01     0.30073779635131E-03
0.15134498056125E+01     0.15179147012532E-02
0.15232682416381E+01     0.00000000000000E+00
0.15330866776637E+01     0.00000000000000E+00
0.15429051136893E+01     0.00000000000000E+00
0.15527235497150E+01     0.00000000000000E+00
0.15625419857406E+01     0.00000000000000E+00
0.15723604217662E+01     0.00000000000000E+00
0.15821788577918E+01     0.00000000000000E+00
0.15919972938174E+01     0.00000000000000E+00
0.16018157298430E+01     0.00000000000000E+00
0.16116341658686E+01     0.00000000000000E+00
0.16214526018942E+01     0.00000000000000E+00
0.16312710379199E+01     0.00000000000000E+00
0.16410894739455E+01     0.00000000000000E+00
0.16509079099711E+01     0.00000000000000E+00
0.16607263459967E+01     0.00000000000000E+00
0.16705447820223E+01     0.00000000000000E+00
0.16803632180479E+01     0.00000000000000E+00
0.16901816540735E+01     0.00000000000000E+00
0.17000000900991E+01     0.00000000000000E+00
0.17098185261247E+01     0.00000000000000E+00
0.17196369621504E+01     0.00000000000000E+00
0.17294553981760E+01     0.00000000000000E+00
0.17392738342016E+01     0.00000000000000E+00
0.17490922702272E+01     0.00000000000000E+00
0.17589107062528E+01     0.00000000000000E+00
0.17687291422784E+01     0.00000000000000E+00
0.17785475783040E+01     0.00000000000000E+00
0.17883660143296E+01     0.00000000000000E+00
0.17981844503553E+01     0.00000000000000E+00
0.18080028863809E+01     0.21309764683247E+00
0.18178213224065E+01     0.23578149080276E+00
0.18276397584321E+01     0.25810334086418E+00
0.18374581944577E+01     0.27694803476334E+00
0.18472766304833E+01     0.29515209794044E+00
0.18570950665089E+01     0.31250089406967E+00
0.18669135025345E+01     0.32813706994057E+00
0.18767319385602E+01     0.34326517581940E+00
0.18865503745858E+01     0.35732215642929E+00
0.18963688106114E+01     0.37084183096886E+00
0.19061872466370E+01     0.38374227285385E+00
0.19160056826626E+01     0.39607235789299E+00
0.19258241186882E+01     0.40797781944275E+00
0.19356425547138E+01     0.41945427656174E+00
0.19454609907394E+01     0.43055185675621E+00
0.19552794267650E+01     0.44133442640305E+00
0.19650978627907E+01     0.45183059573174E+00
0.19749162988163E+01     0.46207022666931E+00
0.19847347348419E+01     0.47207030653954E+00
0.19945531708675E+01     0.48185715079308E+00
0.20043716068931E+01     0.49144703149796E+00
0.20141900429187E+01     0.50085431337357E+00
0.20240084789443E+01     0.51008385419846E+00
0.20338269149699E+01     0.51913994550705E+00
0.20436453509956E+01     0.52802449464798E+00
0.20534637870212E+01     0.53674048185349E+00
0.20632822230468E+01     0.54527944326401E+00
0.20731006590724E+01     0.55363619327545E+00
0.20829190950980E+01     0.56180512905121E+00
0.20927375311236E+01     0.56978315114975E+00
0.21025559671492E+01     0.57758140563965E+00
0.21123744031748E+01     0.58523923158646E+00
0.21221928392005E+01     0.59277737140656E+00
0.21320112752261E+01     0.60021120309830E+00
0.21418297112517E+01     0.60543608665466E+00
0.21516481472773E+01     0.61308777332306E+00
0.21614665833029E+01     0.62060874700546E+00
0.21712850193285E+01     0.62801074981689E+00
0.21811034553541E+01     0.63528698682785E+00
0.21909218913797E+01     0.64245498180389E+00
0.22007403274054E+01     0.64952200651169E+00
0.22105587634310E+01     0.65648216009140E+00
0.22203771994566E+01     0.66335541009903E+00
0.22301956354822E+01     0.67013716697693E+00
0.22400140715078E+01     0.67682641744614E+00
0.22498325075334E+01     0.68344163894653E+00
0.22596509435590E+01     0.68996185064316E+00
0.22694693795846E+01     0.69641977548599E+00
0.22792878156102E+01     0.70278054475784E+00
0.22891062516359E+01     0.70908230543137E+00
0.22989246876615E+01     -.10000000000000E+01
0.23087431236871E+01     -.10000000000000E+01
0.23185615597127E+01     -.10000000000000E+01
0.23283799957383E+01     -.10000000000000E+01
