0.10716201844600E+01     0.00000000000000E+00
0.10814386204856E+01     0.00000000000000E+00
0.10912570565112E+01     0.00000000000000E+00
0.11010754925368E+01     0.11425723632813E+05
0.11108939285624E+01     0.92055429687500E+04
0.11207123645880E+01     0.10544723632813E+05
0.11305308006136E+01     0.12459804687500E+05
0.11403492366393E+01     0.14559928710938E+05
0.11501676726649E+01     0.16687458984375E+05
0.11599861086905E+01     0.18785869140625E+05
0.11698045447161E+01     0.20833251953125E+05
0.11796229807417E+01     0.22820886718750E+05
0.11894414167673E+01     0.24745527343750E+05
0.11992598527929E+01     0.26605988281250E+05
0.12090782888185E+01     0.28401841796875E+05
0.12188967248442E+01     0.30132644531250E+05
0.12287151608698E+01     0.31797824218750E+05
0.12385335968954E+01     0.33396308593750E+05
0.12483520329210E+01     0.34926640625000E+05
0.12581704689466E+01     0.36386828125000E+05
0.12679889049722E+01     0.37774429687500E+05
0.12778073409978E+01     0.39086351562500E+05
0.12876257770234E+01     0.40319003906250E+05
0.12974442130490E+01     0.41468042968750E+05
0.13072626490747E+01     0.42528050781250E+05
0.13170810851003E+01     0.43491000000000E+05
0.13268995211259E+01     0.44338488281250E+05
0.13367179571515E+01     0.44693691406250E+05
0.13465363931771E+01     0.46103195312500E+05
0.13563548292027E+01     0.46500187500000E+05
0.13661732652283E+01     0.46914085937500E+05
0.13759917012539E+01     0.47220710937500E+05
0.13858101372796E+01     0.47403589843750E+05
0.13956285733052E+01     0.47427261718750E+05
0.14054470093308E+01     0.46917976562500E+05
0.14152654453564E+01     0.45954406250000E+05
0.14250838813820E+01     0.44678929687500E+05
0.14349023174076E+01     0.43164621093750E+05
0.14447207534332E+01     0.41453753906250E+05
0.14545391894588E+01     0.39575363281250E+05
0.14643576254844E+01     0.37553277343750E+05
0.14741760615101E+01     0.35409519531250E+05
0.14839944975357E+01     0.33166132812500E+05
0.14938129335613E+01     0.30845695312500E+05
0.15036313695869E+01     0.28471722656250E+05
0.15134498056125E+01     0.26068607421875E+05
0.15232682416381E+01     0.23661472656250E+05
0.15330866776637E+01     0.21275587890625E+05
0.15429051136893E+01     0.18936166015625E+05
0.15527235497150E+01     0.16667875000000E+05
0.15625419857406E+01     0.14494269531250E+05
0.15723604217662E+01     0.12437191406250E+05
0.15821788577918E+01     0.10516343750000E+05
0.15919972938174E+01     0.87484970703125E+04
0.16018157298430E+01     0.71470659179688E+04
0.16116341658686E+01     0.57214589843750E+04
0.16214526018942E+01     0.44767143554688E+04
0.16312710379199E+01     0.34131430664063E+04
0.16410894739455E+01     0.25263208007813E+04
0.16509079099711E+01     0.18070943603516E+04
0.16607263459967E+01     0.12421152343750E+04
0.16705447820223E+01     0.81446228027344E+03
0.16803632180479E+01     0.50463439941406E+03
0.16901816540735E+01     0.29166680908203E+03
0.17000000900991E+01     0.15444439697266E+03
0.17098185261247E+01     0.72962570190430E+02
0.17196369621504E+01     0.29503377914429E+02
0.17294553981760E+01     0.95151910781860E+01
0.17392738342016E+01     0.21368560791016E+01
0.17490922702272E+01     0.24244575202465E+00
0.17589107062528E+01     0.43149082921445E-02
0.17687291422784E+01     0.00000000000000E+00
0.17785475783040E+01     0.26522450149059E-01
0.17883660143296E+01     0.59109443426132E+00
0.17981844503553E+01     0.38935418128967E+01
0.18080028863809E+01     0.15049121856689E+02
0.18178213224065E+01     0.42967693328857E+02
0.18276397584321E+01     0.10077074432373E+03
0.18374581944577E+01     0.20572149658203E+03
0.18472766304833E+01     0.37867196655273E+03
0.18570950665089E+01     0.64313812255859E+03
0.18669135025345E+01     0.10240781250000E+04
0.18767319385602E+01     0.15465339355469E+04
0.18865503745858E+01     0.22341757812500E+04
0.18963688106114E+01     0.31079160156250E+04
0.19061872466370E+01     0.41845361328125E+04
0.19160056826626E+01     0.54754130859375E+04
0.19258241186882E+01     0.69853159179688E+04
0.19356425547138E+01     0.87113457031250E+04
0.19454609907394E+01     0.10641916015625E+05
0.19552794267650E+01     0.12755879882813E+05
0.19650978627907E+01     0.15021984375000E+05
0.19749162988163E+01     0.17398525390625E+05
0.19847347348419E+01     0.19833626953125E+05
0.19945531708675E+01     0.22265876953125E+05
0.20043716068931E+01     0.24626314453125E+05
0.20141900429187E+01     0.26840685546875E+05
0.20240084789443E+01     0.28833712890625E+05
0.20338269149699E+01     0.30532822265625E+05
0.20436453509956E+01     0.31874222656250E+05
0.20534637870212E+01     0.32806332031250E+05
0.20632822230468E+01     0.33294667968750E+05
0.20731006590724E+01     0.33320917968750E+05
0.20829190950980E+01     0.32883386718750E+05
0.20927375311236E+01     0.31990550781250E+05
0.21025559671492E+01     0.30755507812500E+05
0.21123744031748E+01     0.29356859375000E+05
0.21221928392005E+01     0.27820492187500E+05
0.21320112752261E+01     0.26170029296875E+05
0.21418297112517E+01     0.90597250000000E+05
0.21516481472773E+01     0.86413929687500E+05
0.21614665833029E+01     0.82055718750000E+05
0.21712850193285E+01     0.77550218750000E+05
0.21811034553541E+01     0.72910617187500E+05
0.21909218913797E+01     0.68147250000000E+05
0.22007403274054E+01     0.63269503906250E+05
0.22105587634310E+01     0.58283046875000E+05
0.22203771994566E+01     0.53191738281250E+05
0.22301956354822E+01     0.47995234375000E+05
0.22400140715078E+01     0.42691437500000E+05
0.22498325075334E+01     0.37277035156250E+05
0.22596509435590E+01     0.31754900390625E+05
0.22694693795846E+01     0.26158861328125E+05
0.22792878156102E+01     0.20642769531250E+05
0.22891062516359E+01     0.15955025390625E+05
0.22989246876615E+01     0.17639494140625E+05
0.23087431236871E+01     0.00000000000000E+00
0.23185615597127E+01     0.00000000000000E+00
0.23283799957383E+01     0.00000000000000E+00
