0.10716201844600E+01     0.00000000000000E+00
0.10814386204856E+01     0.00000000000000E+00
0.10912570565112E+01     0.00000000000000E+00
0.11010754925368E+01     0.64106593750000E+05
0.11108939285624E+01     0.50595355468750E+05
0.11207123645880E+01     0.56775621093750E+05
0.11305308006136E+01     0.65690125000000E+05
0.11403492366393E+01     0.75132968750000E+05
0.11501676726649E+01     0.84253695312500E+05
0.11599861086905E+01     0.92773976562500E+05
0.11698045447161E+01     0.10061024218750E+06
0.11796229807417E+01     0.10775271875000E+06
0.11894414167673E+01     0.11422246093750E+06
0.11992598527929E+01     0.12005282812500E+06
0.12090782888185E+01     0.12528226562500E+06
0.12188967248442E+01     0.12995089843750E+06
0.12287151608698E+01     0.13409928125000E+06
0.12385335968954E+01     0.13776767187500E+06
0.12483520329210E+01     0.14099598437500E+06
0.12581704689466E+01     0.14382364062500E+06
0.12679889049722E+01     0.14628962500000E+06
0.12778073409978E+01     0.14843250000000E+06
0.12876257770234E+01     0.15029009375000E+06
0.12974442130490E+01     0.15189887500000E+06
0.13072626490747E+01     0.15329203125000E+06
0.13170810851003E+01     0.15449293750000E+06
0.13268995211259E+01     0.15547882812500E+06
0.13367179571515E+01     0.15455229687500E+06
0.13465363931771E+01     0.15898603125000E+06
0.13563548292027E+01     0.15921559375000E+06
0.13661732652283E+01     0.16009948437500E+06
0.13759917012539E+01     0.16111921875000E+06
0.13858101372796E+01     0.16225807812500E+06
0.13956285733052E+01     0.16343187500000E+06
0.14054470093308E+01     0.16343998437500E+06
0.14152654453564E+01     0.16282040625000E+06
0.14250838813820E+01     0.16222496875000E+06
0.14349023174076E+01     0.16196676562500E+06
0.14447207534332E+01     0.16219781250000E+06
0.14545391894588E+01     0.16299076562500E+06
0.14643576254844E+01     0.16437632812500E+06
0.14741760615101E+01     0.16636165625000E+06
0.14839944975357E+01     0.16893993750000E+06
0.14938129335613E+01     0.17209625000000E+06
0.15036313695869E+01     0.17581060937500E+06
0.15134498056125E+01     0.18006045312500E+06
0.15232682416381E+01     0.18482167187500E+06
0.15330866776637E+01     0.19006960937500E+06
0.15429051136893E+01     0.19577900000000E+06
0.15527235497150E+01     0.20192423437500E+06
0.15625419857406E+01     0.20847853125000E+06
0.15723604217662E+01     0.21541368750000E+06
0.15821788577918E+01     0.22269868750000E+06
0.15919972938174E+01     0.23029914062500E+06
0.16018157298430E+01     0.23817573437500E+06
0.16116341658686E+01     0.24628370312500E+06
0.16214526018942E+01     0.25457151562500E+06
0.16312710379199E+01     0.26298078125000E+06
0.16410894739455E+01     0.27144565625000E+06
0.16509079099711E+01     0.27989400000000E+06
0.16607263459967E+01     0.28824718750000E+06
0.16705447820223E+01     0.29642268750000E+06
0.16803632180479E+01     0.30433475000000E+06
0.16901816540735E+01     0.31189750000000E+06
0.17000000900991E+01     0.31902621875000E+06
0.17098185261247E+01     0.32564040625000E+06
0.17196369621504E+01     0.33166459375000E+06
0.17294553981760E+01     0.33703115625000E+06
0.17392738342016E+01     0.34168012500000E+06
0.17490922702272E+01     0.34556100000000E+06
0.17589107062528E+01     0.34863175000000E+06
0.17687291422784E+01     0.35085918750000E+06
0.17785475783040E+01     0.35221737500000E+06
0.17883660143296E+01     0.35268706250000E+06
0.17981844503553E+01     0.35225384375000E+06
0.18080028863809E+01     0.35090765625000E+06
0.18178213224065E+01     0.34864118750000E+06
0.18276397584321E+01     0.34544987500000E+06
0.18374581944577E+01     0.34133087500000E+06
0.18472766304833E+01     0.33628409375000E+06
0.18570950665089E+01     0.33031231250000E+06
0.18669135025345E+01     0.32342278125000E+06
0.18767319385602E+01     0.31562796875000E+06
0.18865503745858E+01     0.30694728125000E+06
0.18963688106114E+01     0.29740768750000E+06
0.19061872466370E+01     0.28704456250000E+06
0.19160056826626E+01     0.27590168750000E+06
0.19258241186882E+01     0.26403093750000E+06
0.19356425547138E+01     0.25149109375000E+06
0.19454609907394E+01     0.23834684375000E+06
0.19552794267650E+01     0.22466681250000E+06
0.19650978627907E+01     0.21052287500000E+06
0.19749162988163E+01     0.19598845312500E+06
0.19847347348419E+01     0.18113954687500E+06
0.19945531708675E+01     0.16605473437500E+06
0.20043716068931E+01     0.15081968750000E+06
0.20141900429187E+01     0.13552967187500E+06
0.20240084789443E+01     0.12029828125000E+06
0.20338269149699E+01     0.10526144531250E+06
0.20436453509956E+01     0.90587382812500E+05
0.20534637870212E+01     0.76475859375000E+05
0.20632822230468E+01     0.63160761718750E+05
0.20731006590724E+01     0.50894988281250E+05
0.20829190950980E+01     0.39938347656250E+05
0.20927375311236E+01     0.30527568359375E+05
0.21025559671492E+01     0.22498019531250E+05
0.21123744031748E+01     0.15352213867188E+05
0.21221928392005E+01     0.90960908203125E+04
0.21320112752261E+01     0.37263693847656E+04
0.21418297112517E+01     0.22741982812500E+06
0.21516481472773E+01     0.21586339062500E+06
0.21614665833029E+01     0.20488514062500E+06
0.21712850193285E+01     0.19435775000000E+06
0.21811034553541E+01     0.18415837500000E+06
0.21909218913797E+01     0.17415350000000E+06
0.22007403274054E+01     0.16420592187500E+06
0.22105587634310E+01     0.15416417187500E+06
0.22203771994566E+01     0.14387009375000E+06
0.22301956354822E+01     0.13314764062500E+06
0.22400140715078E+01     0.12181276562500E+06
0.22498325075334E+01     0.10966902343750E+06
0.22596509435590E+01     0.96536101562500E+05
0.22694693795846E+01     0.82325078125000E+05
0.22792878156102E+01     0.67356382812500E+05
0.22891062516359E+01     0.54039660156250E+05
0.22989246876615E+01     0.62235832031250E+05
0.23087431236871E+01     0.00000000000000E+00
0.23185615597127E+01     0.00000000000000E+00
0.23283799957383E+01     0.00000000000000E+00
