0.10716201844600E+01     0.00000000000000E+00
0.10814386204856E+01     0.00000000000000E+00
0.10912570565112E+01     0.00000000000000E+00
0.11010754925368E+01     -.56132282849619E-10
0.11108939285624E+01     -.35849479634864E-10
0.11207123645880E+01     -.43596251608768E-10
0.11305308006136E+01     -.62008835566285E-10
0.11403492366393E+01     -.89234314382125E-10
0.11501676726649E+01     -.11565493007737E-09
0.11599861086905E+01     -.16102540134622E-09
0.11698045447161E+01     -.20318063898017E-09
0.11796229807417E+01     -.24892413130750E-09
0.11894414167673E+01     -.29787428079686E-09
0.11992598527929E+01     -.34968133943991E-09
0.12090782888185E+01     -.41556413865607E-09
0.12188967248442E+01     -.48482856618293E-09
0.12287151608698E+01     -.54441295915808E-09
0.12385335968954E+01     -.60558608128147E-09
0.12483520329210E+01     -.68171701617104E-09
0.12581704689466E+01     -.78792478097611E-09
0.12679889049722E+01     -.89732876684678E-09
0.12778073409978E+01     -.92032631515693E-09
0.12876257770234E+01     -.10324748833668E-08
0.12974442130490E+01     -.11154142054437E-08
0.13072626490747E+01     -.11669221144928E-08
0.13170810851003E+01     -.12811742777785E-08
0.13268995211259E+01     -.13627935446792E-08
0.13367179571515E+01     -.14635139766739E-08
0.13465363931771E+01     -.15689795018758E-08
0.13563548292027E+01     -.16094835464386E-08
0.13661732652283E+01     -.17533955398719E-08
0.13759917012539E+01     -.17607606483949E-08
0.13858101372796E+01     -.18331750561984E-08
0.13956285733052E+01     -.19694823549798E-08
0.14054470093308E+01     -.20170487502469E-08
0.14152654453564E+01     -.20449477666773E-08
0.14250838813820E+01     -.20577959336521E-08
0.14349023174076E+01     -.20576795822791E-08
0.14447207534332E+01     -.20455328542113E-08
0.14545391894588E+01     -.20217953977664E-08
0.14643576254844E+01     -.19867267830875E-08
0.14741760615101E+01     -.20454571370010E-08
0.14839944975357E+01     -.19827397501615E-08
0.14938129335613E+01     -.18628367737250E-08
0.15036313695869E+01     -.17825972919994E-08
0.15134498056125E+01     -.17738401858480E-08
0.15232682416381E+01     -.15956177490395E-08
0.15330866776637E+01     -.15248168283577E-08
0.15429051136893E+01     -.14417971261338E-08
0.15527235497150E+01     -.13206220561557E-08
0.15625419857406E+01     -.12212405531287E-08
0.15723604217662E+01     -.10721145082826E-08
0.15821788577918E+01     -.96691243900437E-09
0.15919972938174E+01     -.85904872104692E-09
0.16018157298430E+01     -.75084816142379E-09
0.16116341658686E+01     -.62238164622030E-09
0.16214526018942E+01     -.52444687481668E-09
0.16312710379199E+01     -.41780237602929E-09
0.16410894739455E+01     -.34739081056223E-09
0.16509079099711E+01     -.25440760609285E-09
0.16607263459967E+01     -.19269016937606E-09
0.16705447820223E+01     -.14040693607775E-09
0.16803632180479E+01     -.97698168999294E-10
0.16901816540735E+01     -.64261138077448E-10
0.17000000900991E+01     -.39389418809987E-10
0.17098185261247E+01     -.22029978535842E-10
0.17196369621504E+01     -.10582903477163E-10
0.17294553981760E+01     -.43626990041401E-11
0.17392738342016E+01     -.12751108762615E-11
0.17490922702272E+01     -.22171905967022E-12
0.17589107062528E+01     -.86646176548195E-14
0.17687291422784E+01     0.00000000000000E+00
0.17785475783040E+01     -.35935142394302E-13
0.17883660143296E+01     -.43213292644749E-12
0.17981844503553E+01     -.19512501423652E-11
0.18080028863809E+01     -.55864700886088E-11
0.18178213224065E+01     -.12547528988049E-10
0.18276397584321E+01     -.25573905840237E-10
0.18374581944577E+01     -.43968228363722E-10
0.18472766304833E+01     -.71727096484508E-10
0.18570950665089E+01     -.10310854947626E-09
0.18669135025345E+01     -.14989344487848E-09
0.18767319385602E+01     -.19543308638070E-09
0.18865503745858E+01     -.25384810919959E-09
0.18963688106114E+01     -.31950575518636E-09
0.19061872466370E+01     -.39121267336739E-09
0.19160056826626E+01     -.44871681370573E-09
0.19258241186882E+01     -.50071113921746E-09
0.19356425547138E+01     -.48953785469763E-09
0.19454609907394E+01     -.47927428692418E-09
0.19552794267650E+01     -.36952310655813E-09
0.19650978627907E+01     -.23160083573170E-09
0.19749162988163E+01     -.23658595915688E-10
0.19847347348419E+01     0.28851002142893E-09
0.19945531708675E+01     0.54525889359169E-09
0.20043716068931E+01     0.92994528744228E-09
0.20141900429187E+01     0.11901317709118E-08
0.20240084789443E+01     0.15317991319819E-08
0.20338269149699E+01     0.15928550700650E-08
0.20436453509956E+01     0.16727839113884E-08
0.20534637870212E+01     0.15077827875132E-08
0.20632822230468E+01     0.14344362364582E-08
0.20731006590724E+01     0.10826524121654E-08
0.20829190950980E+01     0.80212170239236E-09
0.20927375311236E+01     0.49210052699422E-09
0.21025559671492E+01     0.26828439469995E-09
0.21123744031748E+01     0.63626971746888E-10
0.21221928392005E+01     -.90012275411056E-10
0.21320112752261E+01     -.18280561786543E-09
0.21418297112517E+01     -.92393520612077E-09
0.21516481472773E+01     -.10219280976997E-08
0.21614665833029E+01     -.10171252728952E-08
0.21712850193285E+01     -.96459418230666E-09
0.21811034553541E+01     -.91073482089143E-09
0.21909218913797E+01     -.78107831313901E-09
0.22007403274054E+01     -.65981087260525E-09
0.22105587634310E+01     -.54723109377264E-09
0.22203771994566E+01     -.45846704210817E-09
0.22301956354822E+01     -.33605537796966E-09
0.22400140715078E+01     -.26509894279769E-09
0.22498325075334E+01     -.20155033197966E-09
0.22596509435590E+01     -.13215013805468E-09
0.22694693795846E+01     -.90888893633512E-10
0.22792878156102E+01     -.48249612638607E-10
0.22891062516359E+01     -.19994426253556E-10
0.22989246876615E+01     -.16405168239489E-11
0.23087431236871E+01     0.00000000000000E+00
0.23185615597127E+01     0.00000000000000E+00
0.23283799957383E+01     0.00000000000000E+00
