0.10716200761859E+01     0.00000000000000E+00
0.10814385130769E+01     0.00000000000000E+00
0.10912569499680E+01     0.00000000000000E+00
0.11010753868590E+01     0.19507118463516E+01
0.11108938237501E+01     0.19342306852341E+01
0.11207122606411E+01     0.19180676937103E+01
0.11305306975321E+01     0.19022184610367E+01
0.11403491344232E+01     0.18866766691208E+01
0.11501675713142E+01     0.18714362382889E+01
0.11599860082053E+01     0.18564904928207E+01
0.11698044450963E+01     0.18418329954147E+01
0.11796228819874E+01     0.18274573087692E+01
0.11894413188784E+01     0.18133574724197E+01
0.11992597557695E+01     0.17995278835297E+01
0.12090781926605E+01     0.17859623432159E+01
0.12188966295516E+01     0.17726559638977E+01
0.12287150664426E+01     0.17596029043198E+01
0.12385335033337E+01     0.17467987537384E+01
0.12483519402247E+01     0.17342376708984E+01
0.12581703771157E+01     0.17219154834747E+01
0.12679888140068E+01     0.17098267078400E+01
0.12778072508978E+01     0.16979670524597E+01
0.12876256877889E+01     0.16863315105438E+01
0.12974441246799E+01     0.16749154329300E+01
0.13072625615710E+01     0.16637140512466E+01
0.13170809984620E+01     0.16527224779129E+01
0.13268994353531E+01     0.16419359445572E+01
0.13367178722441E+01     0.16313495635986E+01
0.13465363091352E+01     0.16209583282471E+01
0.13563547460262E+01     0.16107572317123E+01
0.13661731829173E+01     0.16007411479950E+01
0.13759916198083E+01     0.15909048318863E+01
0.13858100566994E+01     0.15812430381775E+01
0.13956284935904E+01     0.15717504024506E+01
0.14054469304814E+01     0.15624213218689E+01
0.14152653673725E+01     0.15532501935959E+01
0.14250838042635E+01     0.15442315340042E+01
0.14349022411546E+01     0.15353595018387E+01
0.14447206780456E+01     0.15266283750534E+01
0.14545391149367E+01     0.15180321931839E+01
0.14643575518277E+01     0.15095645189285E+01
0.14741759887188E+01     0.15012475252151E+01
0.14839944256098E+01     0.14929974079132E+01
0.14938128625009E+01     0.14848798513412E+01
0.15036312993919E+01     0.14768691062927E+01
0.15134497362830E+01     0.14689575433731E+01
0.15232681731740E+01     0.14611392021179E+01
0.15330866100651E+01     0.14534077644348E+01
0.15429050469561E+01     0.14457576274872E+01
0.15527234838471E+01     0.14381825923920E+01
0.15625419207382E+01     0.14306771755219E+01
0.15723603576292E+01     0.14232355356216E+01
0.15821787945203E+01     0.14158524274826E+01
0.15919972314113E+01     0.14084964990616E+01
0.16018156683024E+01     0.14011727571487E+01
0.16116341051934E+01     0.13938883543015E+01
0.16214525420845E+01     0.13866474628448E+01
0.16312709789755E+01     0.13794516324997E+01
0.16410894158666E+01     0.13723012208939E+01
0.16509078527576E+01     0.13651947975159E+01
0.16607262896487E+01     0.13581298589706E+01
0.16705447265397E+01     0.13511039018631E+01
0.16803631634308E+01     0.13441129922867E+01
0.16901816003218E+01     0.13371540307999E+01
0.17000000372128E+01     0.13302229642868E+01
0.17098184741039E+01     0.13233168125153E+01
0.17196369109949E+01     0.13164321184158E+01
0.17294553478860E+01     0.13095664978027E+01
0.17392737847770E+01     0.13027175664902E+01
0.17490922216681E+01     0.12958840131760E+01
0.17589106585591E+01     0.12890647649765E+01
0.17687290954502E+01     0.12822598218918E+01
0.17785475323412E+01     0.12754693031311E+01
0.17883659692323E+01     0.12686947584152E+01
0.17981844061233E+01     0.12619373798370E+01
0.18080028430144E+01     0.12551999092102E+01
0.18178212799054E+01     0.12484846115112E+01
0.18276397167965E+01     0.12417947053909E+01
0.18374581536875E+01     0.12351329326630E+01
0.18472765905785E+01     0.12285028696060E+01
0.18570950274696E+01     0.12219073772430E+01
0.18669134643606E+01     0.12153499126434E+01
0.18767319012517E+01     0.12088326215744E+01
0.18865503381427E+01     0.12023587226868E+01
0.18963687750338E+01     0.11959300041199E+01
0.19061872119248E+01     0.11895489692688E+01
0.19160056488159E+01     0.11832171678543E+01
0.19258240857069E+01     0.11769371032715E+01
0.19356425225980E+01     0.11707105636597E+01
0.19454609594890E+01     0.11645407676697E+01
0.19552793963801E+01     0.11584312915802E+01
0.19650978332711E+01     0.11523867845535E+01
0.19749162701621E+01     0.11464136838913E+01
0.19847347070532E+01     0.11405193805695E+01
0.19945531439442E+01     0.11347131729126E+01
0.20043715808353E+01     0.11290053129196E+01
0.20141900177263E+01     0.11234068870544E+01
0.20240084546174E+01     0.11179287433624E+01
0.20338268915084E+01     0.11125674247742E+01
0.20436453283995E+01     0.11073094606400E+01
0.20534637652905E+01     0.11021535396576E+01
0.20632822021816E+01     0.10970999002457E+01
0.20731006390726E+01     0.10921480655670E+01
0.20829190759637E+01     0.10872956514359E+01
0.20927375128547E+01     0.10825406312943E+01
0.21025559497458E+01     0.10778837203979E+01
0.21123743866368E+01     0.10815683603287E+01
0.21221928235278E+01     0.10760465860367E+01
0.21320112604189E+01     0.10705819129944E+01
0.21418296973099E+01     0.10652105808258E+01
0.21516481342010E+01     0.10599319934845E+01
0.21614665710920E+01     0.10547455549240E+01
0.21712850079831E+01     0.10496505498886E+01
0.21811034448741E+01     0.10446468591690E+01
0.21909218817652E+01     0.10397342443466E+01
0.22007403186562E+01     0.10349130630493E+01
0.22105587555473E+01     0.10301833152771E+01
0.22203771924383E+01     0.10255459547043E+01
0.22301956293294E+01     0.10210014581680E+01
0.22400140662204E+01     0.10165511369705E+01
0.22498325031115E+01     0.10121959447861E+01
0.22596509400025E+01     0.10079371929169E+01
0.22694693768935E+01     0.10037763118744E+01
0.22792878137846E+01     0.99971425533295E+00
0.22891062506756E+01     0.99575245380402E+00
0.22989246875667E+01     0.99189192056656E+00
0.23087431244577E+01     0.00000000000000E+00
0.23185615613488E+01     0.00000000000000E+00
0.23283799982398E+01     0.00000000000000E+00
