0.10716200761859E+01     0.00000000000000E+00
0.10814385130769E+01     0.00000000000000E+00
0.10912569499680E+01     0.00000000000000E+00
0.11010753868590E+01     0.46912157358747E-06
0.11108938237501E+01     0.68822942012048E-06
0.11207122606411E+01     0.11439492482168E-05
0.11305306975321E+01     0.19865644844685E-05
0.11403491344232E+01     0.33990559131780E-05
0.11501675713142E+01     0.56101926020347E-05
0.11599860082053E+01     0.89016484707827E-05
0.11698044450963E+01     0.13614207091450E-04
0.11796228819874E+01     0.20156981918262E-04
0.11894413188784E+01     0.29013621315244E-04
0.11992597557695E+01     0.40754024666967E-04
0.12090781926605E+01     0.56040134950308E-04
0.12188966295516E+01     0.75640135037247E-04
0.12287150664426E+01     0.10043364454759E-03
0.12385335033337E+01     0.13142780517228E-03
0.12483519402247E+01     0.16976213373709E-03
0.12581703771157E+01     0.21672494767699E-03
0.12679888140068E+01     0.27375822537579E-03
0.12778072508978E+01     0.34247286384925E-03
0.12876256877889E+01     0.42465311707929E-03
0.12974441246799E+01     0.52226881962270E-03
0.13072625615710E+01     0.63747871899977E-03
0.13170809984620E+01     0.77263772254810E-03
0.13268994353531E+01     0.93029765412211E-03
0.13367178722441E+01     0.11132073123008E-02
0.13465363091352E+01     0.13243089197204E-02
0.13563547460262E+01     0.15667288098484E-02
0.13661731829173E+01     0.18437665421516E-02
0.13759916198083E+01     0.21588753443211E-02
0.13858100566994E+01     0.25156401097775E-02
0.13956284935904E+01     0.29177477117628E-02
0.14054469304814E+01     0.33689516130835E-02
0.14152653673725E+01     0.38730285596102E-02
0.14250838042635E+01     0.44337329454720E-02
0.14349022411546E+01     0.50547514110804E-02
0.14447206780456E+01     0.57396548800170E-02
0.14545391149367E+01     0.64919292926788E-02
0.14643575518277E+01     0.73156952857971E-02
0.14741759887188E+01     0.81727635115385E-02
0.14839944256098E+01     0.91743133962154E-02
0.14938128625009E+01     0.10221972130239E-01
0.15036312993919E+01     0.11346690356731E-01
0.15134497362830E+01     0.12549654580653E-01
0.15232681731740E+01     0.13830774463713E-01
0.15330866100651E+01     0.15189194120467E-01
0.15429050469561E+01     0.16623171046376E-01
0.15527234838471E+01     0.18130227923393E-01
0.15625419207382E+01     0.19706970080733E-01
0.15723603576292E+01     0.21349309012294E-01
0.15821787945203E+01     0.23055568337440E-01
0.15919972314113E+01     0.24850899353623E-01
0.16018156683024E+01     0.26720603927970E-01
0.16116341051934E+01     0.28642920777202E-01
0.16214525420845E+01     0.30599687248468E-01
0.16312709789755E+01     0.32576017081738E-01
0.16410894158666E+01     0.34559268504381E-01
0.16509078527576E+01     0.36538977175951E-01
0.16607262896487E+01     0.38505975157022E-01
0.16705447265397E+01     0.40452510118485E-01
0.16803631634308E+01     0.42371477931738E-01
0.16901816003218E+01     0.44256657361984E-01
0.17000000372128E+01     0.46101938933134E-01
0.17098184741039E+01     0.47901652753353E-01
0.17196369109949E+01     0.49649868160486E-01
0.17294553478860E+01     0.51340769976377E-01
0.17392737847770E+01     0.52967958152294E-01
0.17490922216681E+01     0.54524973034859E-01
0.17589106585591E+01     0.56004635989666E-01
0.17687290954502E+01     0.57399678975344E-01
0.17785475323412E+01     0.58702103793621E-01
0.17883659692323E+01     0.59903983026743E-01
0.17981844061233E+01     0.60996893793345E-01
0.18080028430144E+01     0.61972789466381E-01
0.18178212799054E+01     0.62823481857777E-01
0.18276397167965E+01     0.63541606068611E-01
0.18374581536875E+01     0.64120136201382E-01
0.18472765905785E+01     0.64553380012512E-01
0.18570950274696E+01     0.64836472272873E-01
0.18669134643606E+01     0.64966373145580E-01
0.18767319012517E+01     0.64941242337227E-01
0.18865503381427E+01     0.64761281013489E-01
0.18963687750338E+01     0.64428009092808E-01
0.19061872119248E+01     0.63944920897484E-01
0.19160056488159E+01     0.63316501677036E-01
0.19258240857069E+01     0.62548667192459E-01
0.19356425225980E+01     0.61647504568100E-01
0.19454609594890E+01     0.60619443655014E-01
0.19552793963801E+01     0.59469833970070E-01
0.19650978332711E+01     0.58202985674143E-01
0.19749162701621E+01     0.56820716708899E-01
0.19847347070532E+01     0.55322691798210E-01
0.19945531439442E+01     0.53705450147390E-01
0.20043715808353E+01     0.51963407546282E-01
0.20141900177263E+01     0.50089031457901E-01
0.20240084546174E+01     0.48075005412102E-01
0.20338268915084E+01     0.45936014503241E-01
0.20436453283995E+01     0.43717812746763E-01
0.20534637652905E+01     0.41431859135628E-01
0.20632822021816E+01     0.39089076220989E-01
0.20731006390726E+01     0.36701027303934E-01
0.20829190759637E+01     0.34280393272638E-01
0.20927375128547E+01     0.31840600073338E-01
0.21025559497458E+01     0.29395718127489E-01
0.21123743866368E+01     0.42493971996009E-02
0.21221928235278E+01     0.36913689691573E-02
0.21320112604189E+01     0.31683458946645E-02
0.21418296973099E+01     0.26841680519283E-02
0.21516481342010E+01     0.22416540887207E-02
0.21614665710920E+01     0.18426432507113E-02
0.21712850079831E+01     0.14880284434184E-02
0.21811034448741E+01     0.11777949985117E-02
0.21909218817652E+01     0.91107952175662E-03
0.22007403186562E+01     0.68623648257926E-03
0.22105587555473E+01     0.50091295270249E-03
0.22203771924383E+01     0.35213609226048E-03
0.22301956293294E+01     0.23640309518669E-03
0.22400140662204E+01     0.14978914987296E-03
0.22498325031115E+01     0.88059459812939E-04
0.22596509400025E+01     0.46801644202787E-04
0.22694693768935E+01     0.21568001102423E-04
0.22792878137846E+01     0.80393401731271E-05
0.22891062506756E+01     0.22068086309446E-05
0.22989246875667E+01     0.51629547215271E-06
0.23087431244577E+01     0.00000000000000E+00
0.23185615613488E+01     0.00000000000000E+00
0.23283799982398E+01     0.00000000000000E+00
