0.10716200761859E+01     0.00000000000000E+00
0.10814385130769E+01     0.00000000000000E+00
0.10912569499680E+01     0.00000000000000E+00
0.11010753868590E+01     0.19339355230331E+01
0.11108938237501E+01     0.19168449640274E+01
0.11207122606411E+01     0.19000566005707E+01
0.11305306975321E+01     0.18835635185242E+01
0.11403491344232E+01     0.18673589229584E+01
0.11501675713142E+01     0.18514366149902E+01
0.11599860082053E+01     0.18357903957367E+01
0.11698044450963E+01     0.18204146623611E+01
0.11796228819874E+01     0.18053039312363E+01
0.11894413188784E+01     0.17904529571533E+01
0.11992597557695E+01     0.17758568525314E+01
0.12090781926605E+01     0.17615108489990E+01
0.12188966295516E+01     0.17474105358124E+01
0.12287150664426E+01     0.17335518598557E+01
0.12385335033337E+01     0.17199306488037E+01
0.12483519402247E+01     0.17065434455872E+01
0.12581703771157E+01     0.16933866739273E+01
0.12679888140068E+01     0.16804572343826E+01
0.12778072508978E+01     0.16677520275116E+01
0.12876256877889E+01     0.16552683115005E+01
0.12974441246799E+01     0.16430038213730E+01
0.13072625615710E+01     0.16309562921524E+01
0.13170809984620E+01     0.16191236972809E+01
0.13268994353531E+01     0.16075044870377E+01
0.13367178722441E+01     0.15960972309113E+01
0.13465363091352E+01     0.15849010944366E+01
0.13563547460262E+01     0.15739150047302E+01
0.13661731829173E+01     0.15631388425827E+01
0.13759916198083E+01     0.15525723695755E+01
0.13858100566994E+01     0.15422158241272E+01
0.13956284935904E+01     0.15320699214935E+01
0.14054469304814E+01     0.15221352577209E+01
0.14152653673725E+01     0.15124132633209E+01
0.14250838042635E+01     0.15029053688049E+01
0.14349022411546E+01     0.14936132431030E+01
0.14447206780456E+01     0.14845387935638E+01
0.14545391149367E+01     0.14756839275360E+01
0.14643575518277E+01     0.14670500755310E+01
0.14741759887188E+01     0.14586689472198E+01
0.14839944256098E+01     0.14504636526108E+01
0.14938128625009E+01     0.14425082206726E+01
0.15036312993919E+01     0.14347825050354E+01
0.15134497362830E+01     0.14272866249084E+01
0.15232681731740E+01     0.14200205802917E+01
0.15330866100651E+01     0.14129831790924E+01
0.15429050469561E+01     0.14061721563339E+01
0.15527234838471E+01     0.13995839357376E+01
0.15625419207382E+01     0.13932135105133E+01
0.15723603576292E+01     0.13870537281036E+01
0.15821787945203E+01     0.13810914754868E+01
0.15919972314113E+01     0.13752760887146E+01
0.16018156683024E+01     0.13695951700211E+01
0.16116341051934E+01     0.13640445470810E+01
0.16214525420845E+01     0.13586157560349E+01
0.16312709789755E+01     0.13532968759537E+01
0.16410894158666E+01     0.13480731248856E+01
0.16509078527576E+01     0.13429275751114E+01
0.16607262896487E+01     0.13378412723541E+01
0.16705447265397E+01     0.13327949047089E+01
0.16803631634308E+01     0.13277672529221E+01
0.16901816003218E+01     0.13227378129959E+01
0.17000000372128E+01     0.13176847696304E+01
0.17098184741039E+01     0.13125874996185E+01
0.17196369109949E+01     0.13074250221252E+01
0.17294553478860E+01     0.13021779060364E+01
0.17392737847770E+01     0.12968268394470E+01
0.17490922216681E+01     0.12913541793823E+01
0.17589106585591E+01     0.12857432365417E+01
0.17687290954502E+01     0.12799794673920E+01
0.17785475323412E+01     0.12740492820740E+01
0.17883659692323E+01     0.12679414749146E+01
0.17981844061233E+01     0.12616463899612E+01
0.18080028430144E+01     0.12551571130753E+01
0.18178212799054E+01     0.12484680414200E+01
0.18276397167965E+01     0.12415767908096E+01
0.18374581536875E+01     0.12344821691513E+01
0.18472765905785E+01     0.12271860837936E+01
0.18570950274696E+01     0.12196918725967E+01
0.18669134643606E+01     0.12120060920715E+01
0.18767319012517E+01     0.12041364908218E+01
0.18865503381427E+01     0.11960936784744E+01
0.18963687750338E+01     0.11878895759583E+01
0.19061872119248E+01     0.11795392036438E+01
0.19160056488159E+01     0.11710584163666E+01
0.19258240857069E+01     0.11624665260315E+01
0.19356425225980E+01     0.11537839174271E+01
0.19454609594890E+01     0.11450339555740E+01
0.19552793963801E+01     0.11362419128418E+01
0.19650978332711E+01     0.11274358034134E+01
0.19749162701621E+01     0.11186455488205E+01
0.19847347070532E+01     0.11099035739899E+01
0.19945531439442E+01     0.11012432575226E+01
0.20043715808353E+01     0.10926997661591E+01
0.20141900177263E+01     0.10843073129654E+01
0.20240084546174E+01     0.10760993957520E+01
0.20338268915084E+01     0.10681048631668E+01
0.20436453283995E+01     0.10603431463242E+01
0.20534637652905E+01     0.10528280735016E+01
0.20632822021816E+01     0.10455691814423E+01
0.20731006390726E+01     0.10385715961456E+01
0.20829190759637E+01     0.10318361520767E+01
0.20927375128547E+01     0.10253599882126E+01
0.21025559497458E+01     0.10191363096237E+01
0.21123743866368E+01     0.10219819545746E+01
0.21221928235278E+01     0.10153721570969E+01
0.21320112604189E+01     0.10090024471283E+01
0.21418296973099E+01     0.10028607845306E+01
0.21516481342010E+01     0.99693518877029E+00
0.21614665710920E+01     0.99121320247650E+00
0.21712850079831E+01     0.98568224906921E+00
0.21811034448741E+01     0.98032999038696E+00
0.21909218817652E+01     0.97514444589615E+00
0.22007403186562E+01     0.97011411190033E+00
0.22105587555473E+01     0.96522837877274E+00
0.22203771924383E+01     0.96047711372375E+00
0.22301956293294E+01     0.95585101842880E+00
0.22400140662204E+01     0.95134145021439E+00
0.22498325031115E+01     0.94694006443024E+00
0.22596509400025E+01     0.94263899326324E+00
0.22694693768935E+01     0.93843019008636E+00
0.22792878137846E+01     0.93430519104004E+00
0.22891062506756E+01     0.93025445938110E+00
0.22989246875667E+01     0.92626756429672E+00
0.23087431244577E+01     0.00000000000000E+00
0.23185615613488E+01     0.00000000000000E+00
0.23283799982398E+01     0.00000000000000E+00
