0.10716200761859E+01     0.00000000000000E+00
0.10814385130769E+01     0.00000000000000E+00
0.10912569499680E+01     0.00000000000000E+00
0.11010753868590E+01     -.79382101401881E-16
0.11108938237501E+01     0.97704742246015E-15
0.11207122606411E+01     0.21418475327340E-14
0.11305306975321E+01     0.33602675814261E-14
0.11403491344232E+01     0.45760103707302E-14
0.11501675713142E+01     0.58072926147263E-14
0.11599860082053E+01     0.71256960089959E-14
0.11698044450963E+01     0.84933399695881E-14
0.11796228819874E+01     0.98382182256570E-14
0.11894413188784E+01     0.11090698739708E-13
0.11992597557695E+01     0.12810007910110E-13
0.12090781926605E+01     0.14087068473257E-13
0.12188966295516E+01     0.15891539183210E-13
0.12287150664426E+01     0.17395368254029E-13
0.12385335033337E+01     0.19010177275663E-13
0.12483519402247E+01     0.20599587167340E-13
0.12581703771157E+01     0.22296909056498E-13
0.12679888140068E+01     0.23967944125171E-13
0.12778072508978E+01     0.25874661029220E-13
0.12876256877889E+01     0.27492932721542E-13
0.12974441246799E+01     0.29086711609162E-13
0.13072625615710E+01     0.31678432527984E-13
0.13170809984620E+01     0.33724379625705E-13
0.13268994353531E+01     0.35991741135838E-13
0.13367178722441E+01     0.38225793922353E-13
0.13465363091352E+01     0.40179245022233E-13
0.13563547460262E+01     0.42596863400945E-13
0.13661731829173E+01     0.44735279391452E-13
0.13759916198083E+01     0.47085887299641E-13
0.13858100566994E+01     0.49162195446322E-13
0.13956284935904E+01     0.51687885064709E-13
0.14054469304814E+01     0.54653530372163E-13
0.14152653673725E+01     0.57106073613356E-13
0.14250838042635E+01     0.59524827016218E-13
0.14349022411546E+01     0.61910478371500E-13
0.14447206780456E+01     0.64726029440701E-13
0.14545391149367E+01     0.67962779501385E-13
0.14643575518277E+01     0.70243866333395E-13
0.14741759887188E+01     0.72947656487403E-13
0.14839944256098E+01     0.75615674745982E-13
0.14938128625009E+01     0.78248619064282E-13
0.15036312993919E+01     0.81291391803781E-13
0.15134497362830E+01     0.84294686031675E-13
0.15232681731740E+01     0.87259260689483E-13
0.15330866100651E+01     0.89314501432701E-13
0.15429050469561E+01     0.91776500949717E-13
0.15527234838471E+01     0.94637527523790E-13
0.15625419207382E+01     0.97035132208025E-13
0.15723603576292E+01     0.10025239373466E-12
0.15821787945203E+01     0.10300755474285E-12
0.15919972314113E+01     0.10488962129407E-12
0.16018156683024E+01     0.10674861466780E-12
0.16116341051934E+01     0.10941384788205E-12
0.16214525420845E+01     0.11122293407453E-12
0.16312709789755E+01     0.11382915280928E-12
0.16410894158666E+01     0.11559016818794E-12
0.16509078527576E+01     0.11813942565105E-12
0.16607262896487E+01     0.11985413204442E-12
0.16705447265397E+01     0.12154869938243E-12
0.16803631634308E+01     0.12322345292574E-12
0.16901816003218E+01     0.12487874504006E-12
0.17000000372128E+01     0.12651492809108E-12
0.17098184741039E+01     0.12735101059640E-12
0.17196369109949E+01     0.12895439653170E-12
0.17294553478860E+01     0.12899471529999E-12
0.17392737847770E+01     0.12980264920640E-12
0.17490922216681E+01     0.13136526914002E-12
0.17589106585591E+01     0.13139146617502E-12
0.17687290954502E+01     0.13217263384029E-12
0.17785475323412E+01     0.13144297933074E-12
0.17883659692323E+01     0.13221529719578E-12
0.17981844061233E+01     0.13223627650782E-12
0.18080028430144E+01     0.13225702542689E-12
0.18178212799054E+01     0.13154267172050E-12
0.18276397167965E+01     0.13156693074411E-12
0.18374581536875E+01     0.13086390695041E-12
0.18472765905785E+01     0.13016835059918E-12
0.18570950274696E+01     0.12876081223381E-12
0.18669134643606E+01     0.12736808678061E-12
0.18767319012517E+01     0.12598993029411E-12
0.18865503381427E+01     0.12462612593387E-12
0.18963687750338E+01     0.12398087656344E-12
0.19061872119248E+01     0.12264146675208E-12
0.19160056488159E+01     0.12131577209820E-12
0.19258240857069E+01     0.11792262587414E-12
0.19356425225980E+01     0.11594417374979E-12
0.19454609594890E+01     0.11398569805046E-12
0.19552793963801E+01     0.11136368384531E-12
0.19650978332711E+01     0.10876786667516E-12
0.19749162701621E+01     0.10619786706923E-12
0.19847347070532E+01     0.10365328522799E-12
0.19945531439442E+01     0.99794237001620E-13
0.20043715808353E+01     0.97305959134448E-13
0.20141900177263E+01     0.94178706716921E-13
0.20240084546174E+01     0.91741806480198E-13
0.20338268915084E+01     0.88014786973380E-13
0.20436453283995E+01     0.84977245509363E-13
0.20534637652905E+01     0.81318205478759E-13
0.20632822021816E+01     0.77370266226770E-13
0.20731006390726E+01     0.74426298186502E-13
0.20829190759637E+01     0.71189412600547E-13
0.20927375128547E+01     0.67344560646370E-13
0.21025559497458E+01     0.63535616112893E-13
0.21123743866368E+01     0.60078285120217E-13
0.21221928235278E+01     0.56652944867893E-13
0.21320112604189E+01     0.53572441892791E-13
0.21418296973099E+01     0.49896474755770E-13
0.21516481342010E+01     0.46564487698629E-13
0.21614665710920E+01     0.42953752262941E-13
0.21712850079831E+01     0.39683293679088E-13
0.21811034448741E+01     0.36442277960482E-13
0.21909218817652E+01     0.33230312083835E-13
0.22007403186562E+01     0.30047006413991E-13
0.22105587555473E+01     0.26891979786124E-13
0.22203771924383E+01     0.23764854423540E-13
0.22301956293294E+01     0.20665264408005E-13
0.22400140662204E+01     0.17592845515352E-13
0.22498325031115E+01     0.14547243685809E-13
0.22596509400025E+01     0.11528109094769E-13
0.22694693768935E+01     0.83511519368643E-14
0.22792878137846E+01     0.51283033809107E-14
0.22891062506756E+01     0.14771816260565E-14
0.22989246875667E+01     -.30597786199811E-14
0.23087431244577E+01     0.00000000000000E+00
0.23185615613488E+01     0.00000000000000E+00
0.23283799982398E+01     0.00000000000000E+00
