0.10716200761859E+01     0.00000000000000E+00
0.10814385130769E+01     0.00000000000000E+00
0.10912569499680E+01     0.00000000000000E+00
0.11010753868590E+01     0.25528419017792E+00
0.11108938237501E+01     0.25875467061996E+00
0.11207122606411E+01     0.26223748922348E+00
0.11305306975321E+01     0.26575154066086E+00
0.11403491344232E+01     0.26929423213005E+00
0.11501675713142E+01     0.27286708354950E+00
0.11599860082053E+01     0.27646043896675E+00
0.11698044450963E+01     0.28006955981255E+00
0.11796228819874E+01     0.28368648886681E+00
0.11894413188784E+01     0.28730422258377E+00
0.11992597557695E+01     0.29091766476631E+00
0.12090781926605E+01     0.29451856017113E+00
0.12188966295516E+01     0.29810342192650E+00
0.12287150664426E+01     0.30166327953339E+00
0.12385335033337E+01     0.30519539117813E+00
0.12483519402247E+01     0.30869036912918E+00
0.12581703771157E+01     0.31214451789856E+00
0.12679888140068E+01     0.31554859876633E+00
0.12778072508978E+01     0.31889730691910E+00
0.12876256877889E+01     0.32218098640442E+00
0.12974441246799E+01     0.32539233565331E+00
0.13072625615710E+01     0.32852083444595E+00
0.13170809984620E+01     0.33155697584152E+00
0.13268994353531E+01     0.33448898792267E+00
0.13367178722441E+01     0.33730509877205E+00
0.13465363091352E+01     0.33999180793762E+00
0.13563547460262E+01     0.34253486990929E+00
0.13661731829173E+01     0.34491896629333E+00
0.13759916198083E+01     0.34712693095207E+00
0.13858100566994E+01     0.34914135932922E+00
0.13956284935904E+01     0.35094305872917E+00
0.14054469304814E+01     0.35251167416573E+00
0.14152653673725E+01     0.35382500290871E+00
0.14250838042635E+01     0.35486102104187E+00
0.14349022411546E+01     0.35559546947479E+00
0.14447206780456E+01     0.35600396990776E+00
0.14545391149367E+01     0.35605952143669E+00
0.14643575518277E+01     0.35573750734329E+00
0.14741759887188E+01     0.35500541329384E+00
0.14839944256098E+01     0.35383105278015E+00
0.14938128625009E+01     0.35219085216522E+00
0.15036312993919E+01     0.35005944967270E+00
0.15134497362830E+01     0.34740340709686E+00
0.15232681731740E+01     0.34419396519661E+00
0.15330866100651E+01     0.34040114283562E+00
0.15429050469561E+01     0.33599856495857E+00
0.15527234838471E+01     0.33095905184746E+00
0.15625419207382E+01     0.32525923848152E+00
0.15723603576292E+01     0.31887540221214E+00
0.15821787945203E+01     0.31180846691132E+00
0.15919972314113E+01     0.30410197377205E+00
0.16018156683024E+01     0.29579412937164E+00
0.16116341051934E+01     0.28689214587212E+00
0.16214525420845E+01     0.27740630507469E+00
0.16312709789755E+01     0.26734688878059E+00
0.16410894158666E+01     0.25672861933708E+00
0.16509078527576E+01     0.24556554853916E+00
0.16607262896487E+01     0.23387482762337E+00
0.16705447265397E+01     0.22167411446571E+00
0.16803631634308E+01     0.20898284018040E+00
0.16901816003218E+01     0.19582018256187E+00
0.17000000372128E+01     0.18220879137516E+00
0.17098184741039E+01     0.16817092895508E+00
0.17196369109949E+01     0.15373109281063E+00
0.17294553478860E+01     0.13891397416592E+00
0.17392737847770E+01     0.12374682724476E+00
0.17490922216681E+01     0.10825795680285E+00
0.17589106585591E+01     0.92477992177010E-01
0.17687290954502E+01     0.76437532901764E-01
0.17785475323412E+01     0.60170084238052E-01
0.17883659692323E+01     0.43711587786675E-01
0.17981844061233E+01     0.27100186794996E-01
0.18080028430144E+01     0.10374238714576E-01
0.18178212799054E+01     -.64265150576830E-02
0.18276397167965E+01     -.23261699825525E-01
0.18374581536875E+01     -.40089484304190E-01
0.18472765905785E+01     -.56866761296988E-01
0.18570950274696E+01     -.73549091815948E-01
0.18669134643606E+01     -.90091355144978E-01
0.18767319012517E+01     -.10644999146461E+00
0.18865503381427E+01     -.12258206307888E+00
0.18963687750338E+01     -.13844427466393E+00
0.19061872119248E+01     -.15399378538132E+00
0.19160056488159E+01     -.16918943822384E+00
0.19258240857069E+01     -.18399052321911E+00
0.19356425225980E+01     -.19835835695267E+00
0.19454609594890E+01     -.21225591003895E+00
0.19552793963801E+01     -.22564861178398E+00
0.19650978332711E+01     -.23850317299366E+00
0.19749162701621E+01     -.25079140067101E+00
0.19847347070532E+01     -.26248538494110E+00
0.19945531439442E+01     -.27356377243996E+00
0.20043715808353E+01     -.28400725126266E+00
0.20141900177263E+01     -.29380387067795E+00
0.20240084546174E+01     -.30294358730316E+00
0.20338268915084E+01     -.31138131022453E+00
0.20436453283995E+01     -.31907156109810E+00
0.20534637652905E+01     -.32603013515472E+00
0.20632822021816E+01     -.33228495717049E+00
0.20731006390726E+01     -.33787038922310E+00
0.20829190759637E+01     -.34282076358795E+00
0.20927375128547E+01     -.34717607498169E+00
0.21025559497458E+01     -.35099065303802E+00
0.21123743866368E+01     -.35403797030449E+00
0.21221928235278E+01     -.35622397065163E+00
0.21320112604189E+01     -.35785439610481E+00
0.21418296973099E+01     -.35908761620522E+00
0.21516481342010E+01     -.35996681451797E+00
0.21614665710920E+01     -.36053365468979E+00
0.21712850079831E+01     -.36082771420479E+00
0.21811034448741E+01     -.36088794469833E+00
0.21909218817652E+01     -.36075013875961E+00
0.22007403186562E+01     -.36044919490814E+00
0.22105587555473E+01     -.36001661419868E+00
0.22203771924383E+01     -.35948330163956E+00
0.22301956293294E+01     -.35887718200684E+00
0.22400140662204E+01     -.35822564363480E+00
0.22498325031115E+01     -.35755428671837E+00
0.22596509400025E+01     -.35688802599907E+00
0.22694693768935E+01     -.35625213384628E+00
0.22792878137846E+01     -.35567185282707E+00
0.22891062506756E+01     -.35517531633377E+00
0.22989246875667E+01     -.35479271411896E+00
0.23087431244577E+01     0.00000000000000E+00
0.23185615613488E+01     0.00000000000000E+00
0.23283799982398E+01     0.00000000000000E+00
