0.10716200761859E+01     0.00000000000000E+00
0.10814385130769E+01     0.00000000000000E+00
0.10912569499680E+01     0.00000000000000E+00
0.11010753868590E+01     0.27535986328125E+04
0.11108938237501E+01     0.22781208496094E+04
0.11207122606411E+01     0.26252905273438E+04
0.11305306975321E+01     0.31101989746094E+04
0.11403491344232E+01     0.37368833007813E+04
0.11501675713142E+01     0.44669414062500E+04
0.11599860082053E+01     0.52807260742188E+04
0.11698044450963E+01     0.61716801757813E+04
0.11796228819874E+01     0.71352978515625E+04
0.11894413188784E+01     0.81698530273438E+04
0.11992597557695E+01     0.92750068359375E+04
0.12090781926605E+01     0.10450833984375E+05
0.12188966295516E+01     0.11698126953125E+05
0.12287150664426E+01     0.13017499023438E+05
0.12385335033337E+01     0.14409997070313E+05
0.12483519402247E+01     0.15876254882813E+05
0.12581703771157E+01     0.17417189453125E+05
0.12679888140068E+01     0.19033234375000E+05
0.12778072508978E+01     0.20724914062500E+05
0.12876256877889E+01     0.22492232421875E+05
0.12974441246799E+01     0.24335097656250E+05
0.13072625615710E+01     0.26252863281250E+05
0.13170809984620E+01     0.28244595703125E+05
0.13268994353531E+01     0.30308759765625E+05
0.13367178722441E+01     0.32443343750000E+05
0.13465363091352E+01     0.34645660156250E+05
0.13563547460262E+01     0.36912343750000E+05
0.13661731829173E+01     0.39239281250000E+05
0.13759916198083E+01     0.41621453125000E+05
0.13858100566994E+01     0.44053003906250E+05
0.13956284935904E+01     0.46527054687500E+05
0.14054469304814E+01     0.49035675781250E+05
0.14152653673725E+01     0.51569699218750E+05
0.14250838042635E+01     0.54118988281250E+05
0.14349022411546E+01     0.56672023437500E+05
0.14447206780456E+01     0.59216207031250E+05
0.14545391149367E+01     0.61737585937500E+05
0.14643575518277E+01     0.64222945312500E+05
0.14741759887188E+01     0.66586984375000E+05
0.14839944256098E+01     0.68991265625000E+05
0.14938128625009E+01     0.71251585937500E+05
0.15036312993919E+01     0.73397523437500E+05
0.15134497362830E+01     0.75407726562500E+05
0.15232681731740E+01     0.77259765625000E+05
0.15330866100651E+01     0.78930015625000E+05
0.15429050469561E+01     0.80394679687500E+05
0.15527234838471E+01     0.81629257812500E+05
0.15625419207382E+01     0.82609515625000E+05
0.15723603576292E+01     0.83310992187500E+05
0.15821787945203E+01     0.83717906250000E+05
0.15919972314113E+01     0.83845921875000E+05
0.16018156683024E+01     0.83679570312500E+05
0.16116341051934E+01     0.83194718750000E+05
0.16214525420845E+01     0.82374343750000E+05
0.16312709789755E+01     0.81206593750000E+05
0.16410894158666E+01     0.79684414062500E+05
0.16509078527576E+01     0.77803687500000E+05
0.16607262896487E+01     0.75563414062500E+05
0.16705447265397E+01     0.72964843750000E+05
0.16803631634308E+01     0.70011328125000E+05
0.16901816003218E+01     0.66707726562500E+05
0.17000000372128E+01     0.63061253906250E+05
0.17098184741039E+01     0.59080429687500E+05
0.17196369109949E+01     0.54775636718750E+05
0.17294553478860E+01     0.50158667968750E+05
0.17392737847770E+01     0.45243382812500E+05
0.17490922216681E+01     0.40045390625000E+05
0.17589106585591E+01     0.34582410156250E+05
0.17687290954502E+01     0.28873607421875E+05
0.17785475323412E+01     0.22940574218750E+05
0.17883659692323E+01     0.16807353515625E+05
0.17981844061233E+01     0.10500257812500E+05
0.18080028430144E+01     0.40471616210938E+04
0.18178212799054E+01     0.25221594238281E+04
0.18276397167965E+01     0.91763925781250E+04
0.18374581536875E+01     0.15882499023438E+05
0.18472765905785E+01     0.22605988281250E+05
0.18570950274696E+01     0.29311054687500E+05
0.18669134643606E+01     0.35961183593750E+05
0.18767319012517E+01     0.42520210937500E+05
0.18865503381427E+01     0.48952406250000E+05
0.18963687750338E+01     0.55222191406250E+05
0.19061872119248E+01     0.61294957031250E+05
0.19160056488159E+01     0.67137585937500E+05
0.19258240857069E+01     0.72718343750000E+05
0.19356425225980E+01     0.78007398437500E+05
0.19454609594890E+01     0.82976914062500E+05
0.19552793963801E+01     0.87600929687500E+05
0.19650978332711E+01     0.91855062500000E+05
0.19749162701621E+01     0.95717195312500E+05
0.19847347070532E+01     0.99165796875000E+05
0.19945531439442E+01     0.10218139062500E+06
0.20043715808353E+01     0.10474517187500E+06
0.20141900177263E+01     0.10684044531250E+06
0.20240084546174E+01     0.10845142187500E+06
0.20338268915084E+01     0.10956101562500E+06
0.20436453283995E+01     0.11017157812500E+06
0.20534637652905E+01     0.11029370312500E+06
0.20632822021816E+01     0.10994281250000E+06
0.20731006390726E+01     0.10913725781250E+06
0.20829190759637E+01     0.10789636718750E+06
0.20927375128547E+01     0.10624167968750E+06
0.21025559497458E+01     0.10419892187500E+06
0.21123743866368E+01     0.69968195312500E+05
0.21221928235278E+01     0.67350070312500E+05
0.21320112604189E+01     0.64489156250000E+05
0.21418296973099E+01     0.61431320312500E+05
0.21516481342010E+01     0.58200230468750E+05
0.21614665710920E+01     0.54818324218750E+05
0.21712850079831E+01     0.51306738281250E+05
0.21811034448741E+01     0.47685453125000E+05
0.21909218817652E+01     0.43973074218750E+05
0.22007403186562E+01     0.40187261718750E+05
0.22105587555473E+01     0.36344636718750E+05
0.22203771924383E+01     0.32461443359375E+05
0.22301956293294E+01     0.28553798828125E+05
0.22400140662204E+01     0.24638849609375E+05
0.22498325031115E+01     0.20736115234375E+05
0.22596509400025E+01     0.16871050781250E+05
0.22694693768935E+01     0.13083721679688E+05
0.22792878137846E+01     0.94583964843750E+04
0.22891062506756E+01     0.62648579101563E+04
0.22989246875667E+01     0.51432817382813E+04
0.23087431244577E+01     0.00000000000000E+00
0.23185615613488E+01     0.00000000000000E+00
0.23283799982398E+01     0.00000000000000E+00
