0.10716200761859E+01     0.00000000000000E+00
0.10814385130769E+01     0.00000000000000E+00
0.10912569499680E+01     0.00000000000000E+00
0.11010753868590E+01     0.24643046875000E+04
0.11108938237501E+01     0.22471384277344E+04
0.11207122606411E+01     0.42395805664063E+04
0.11305306975321E+01     0.67461098632813E+04
0.11403491344232E+01     0.97828789062500E+04
0.11501675713142E+01     0.13366439453125E+05
0.11599860082053E+01     0.17518716796875E+05
0.11698044450963E+01     0.22265476562500E+05
0.11796228819874E+01     0.27621128906250E+05
0.11894413188784E+01     0.33606187500000E+05
0.11992597557695E+01     0.40243390625000E+05
0.12090781926605E+01     0.47570222656250E+05
0.12188966295516E+01     0.55631246093750E+05
0.12287150664426E+01     0.64429113281250E+05
0.12385335033337E+01     0.73999437500000E+05
0.12483519402247E+01     0.84436765625000E+05
0.12581703771157E+01     0.95716945312500E+05
0.12679888140068E+01     0.10792468750000E+06
0.12778072508978E+01     0.12111314062500E+06
0.12876256877889E+01     0.13530596875000E+06
0.12974441246799E+01     0.15062343750000E+06
0.13072625615710E+01     0.16706093750000E+06
0.13170809984620E+01     0.18475646875000E+06
0.13268994353531E+01     0.20373456250000E+06
0.13367178722441E+01     0.22408285937500E+06
0.13465363091352E+01     0.24592879687500E+06
0.13563547460262E+01     0.26927475000000E+06
0.13661731829173E+01     0.29428887500000E+06
0.13759916198083E+01     0.32104056250000E+06
0.13858100566994E+01     0.34957378125000E+06
0.13956284935904E+01     0.37999850000000E+06
0.14054469304814E+01     0.41248256250000E+06
0.14152653673725E+01     0.44701925000000E+06
0.14250838042635E+01     0.48368937500000E+06
0.14349022411546E+01     0.52256550000000E+06
0.14447206780456E+01     0.56373312500000E+06
0.14545391149367E+01     0.60726906250000E+06
0.14643575518277E+01     0.65342850000000E+06
0.14741759887188E+01     0.70157006250000E+06
0.14839944256098E+01     0.75186450000000E+06
0.14938128625009E+01     0.80504943750000E+06
0.15036312993919E+01     0.86030950000000E+06
0.15134497362830E+01     0.91777175000000E+06
0.15232681731740E+01     0.97738137500000E+06
0.15330866100651E+01     0.10389849375000E+07
0.15429050469561E+01     0.11023855000000E+07
0.15527234838471E+01     0.11673837500000E+07
0.15625419207382E+01     0.12337431250000E+07
0.15723603576292E+01     0.13011607500000E+07
0.15821787945203E+01     0.13651655000000E+07
0.15919972314113E+01     0.14221485000000E+07
0.16018156683024E+01     0.14783538750000E+07
0.16116341051934E+01     0.15336068750000E+07
0.16214525420845E+01     0.15878726250000E+07
0.16312709789755E+01     0.16407191250000E+07
0.16410894158666E+01     0.16920170000000E+07
0.16509078527576E+01     0.17416341250000E+07
0.16607262896487E+01     0.17893713750000E+07
0.16705447265397E+01     0.18350368750000E+07
0.16803631634308E+01     0.18787116250000E+07
0.16901816003218E+01     0.19200721250000E+07
0.17000000372128E+01     0.19590328750000E+07
0.17098184741039E+01     0.19955063750000E+07
0.17196369109949E+01     0.20293761250000E+07
0.17294553478860E+01     0.20605133750000E+07
0.17392737847770E+01     0.20887537500000E+07
0.17490922216681E+01     0.21139070000000E+07
0.17589106585591E+01     0.21358825000000E+07
0.17687290954502E+01     0.21546437500000E+07
0.17785475323412E+01     0.21698407500000E+07
0.17883659692323E+01     0.21812810000000E+07
0.17981844061233E+01     0.21889097500000E+07
0.18080028430144E+01     0.21926692500000E+07
0.18178212799054E+01     0.21924675000000E+07
0.18276397167965E+01     0.21882340000000E+07
0.18374581536875E+01     0.21798420000000E+07
0.18472765905785E+01     0.21671917500000E+07
0.18570950274696E+01     0.21501580000000E+07
0.18669134643606E+01     0.21287270000000E+07
0.18767319012517E+01     0.21032220000000E+07
0.18865503381427E+01     0.20735046250000E+07
0.18963687750338E+01     0.20396358750000E+07
0.19061872119248E+01     0.20017642500000E+07
0.19160056488159E+01     0.19600062500000E+07
0.19258240857069E+01     0.19144852500000E+07
0.19356425225980E+01     0.18653396250000E+07
0.19454609594890E+01     0.18129285000000E+07
0.19552793963801E+01     0.17571396250000E+07
0.19650978332711E+01     0.16985222500000E+07
0.19749162701621E+01     0.16370432500000E+07
0.19847347070532E+01     0.15730101250000E+07
0.19945531439442E+01     0.15067140000000E+07
0.20043715808353E+01     0.14384528750000E+07
0.20141900177263E+01     0.13685187500000E+07
0.20240084546174E+01     0.12972276250000E+07
0.20338268915084E+01     0.12172058750000E+07
0.20436453283995E+01     0.11359932500000E+07
0.20534637652905E+01     0.10562980000000E+07
0.20632822021816E+01     0.97854618750000E+06
0.20731006390726E+01     0.90305781250000E+06
0.20829190759637E+01     0.83029981250000E+06
0.20927375128547E+01     0.76044175000000E+06
0.21025559497458E+01     0.57730818750000E+06
0.21123743866368E+01     0.48941465625000E+06
0.21221928235278E+01     0.55687706250000E+06
0.21320112604189E+01     0.49912259375000E+06
0.21418296973099E+01     0.44496137500000E+06
0.21516481342010E+01     0.39433631250000E+06
0.21614665710920E+01     0.34721365625000E+06
0.21712850079831E+01     0.30353462500000E+06
0.21811034448741E+01     0.26322037500000E+06
0.21909218817652E+01     0.22610826562500E+06
0.22007403186562E+01     0.19206481250000E+06
0.22105587555473E+01     0.16095037500000E+06
0.22203771924383E+01     0.13262923437500E+06
0.22301956293294E+01     0.10698382812500E+06
0.22400140662204E+01     0.83922367187500E+05
0.22498325031115E+01     0.63371496093750E+05
0.22596509400025E+01     0.45328355468750E+05
0.22694693768935E+01     0.29862664062500E+05
0.22792878137846E+01     0.17139509765625E+05
0.22891062506756E+01     0.74374550781250E+04
0.22989246875667E+01     0.23408266601563E+04
0.23087431244577E+01     0.00000000000000E+00
0.23185615613488E+01     0.00000000000000E+00
0.23283799982398E+01     0.00000000000000E+00
