0.10716200761859E+01     0.00000000000000E+00
0.10814385130769E+01     0.00000000000000E+00
0.10912569499680E+01     0.00000000000000E+00
0.11010753868590E+01     0.83190661621094E+03
0.11108938237501E+01     0.22431118164063E+04
0.11207122606411E+01     0.42187700195313E+04
0.11305306975321E+01     0.67039477539063E+04
0.11403491344232E+01     0.97139443359375E+04
0.11501675713142E+01     0.13264863281250E+05
0.11599860082053E+01     0.17378236328125E+05
0.11698044450963E+01     0.22079468750000E+05
0.11796228819874E+01     0.27382525390625E+05
0.11894413188784E+01     0.33307523437500E+05
0.11992597557695E+01     0.39876851562500E+05
0.12090781926605E+01     0.47127746093750E+05
0.12188966295516E+01     0.55104679687500E+05
0.12287150664426E+01     0.63809734375000E+05
0.12385335033337E+01     0.73278203125000E+05
0.12483519402247E+01     0.83605195312500E+05
0.12581703771157E+01     0.94765445312500E+05
0.12679888140068E+01     0.10684390625000E+06
0.12778072508978E+01     0.11989357812500E+06
0.12876256877889E+01     0.13393726562500E+06
0.12974441246799E+01     0.14909598437500E+06
0.13072625615710E+01     0.16536334375000E+06
0.13170809984620E+01     0.18287815625000E+06
0.13268994353531E+01     0.20166320312500E+06
0.13367178722441E+01     0.22180543750000E+06
0.13465363091352E+01     0.24343232812500E+06
0.13563547460262E+01     0.26654271875000E+06
0.13661731829173E+01     0.29130534375000E+06
0.13759916198083E+01     0.31778728125000E+06
0.13858100566994E+01     0.34602887500000E+06
0.13956284935904E+01     0.37613840625000E+06
0.14054469304814E+01     0.40828340625000E+06
0.14152653673725E+01     0.44245193750000E+06
0.14250838042635E+01     0.47872193750000E+06
0.14349022411546E+01     0.51716368750000E+06
0.14447206780456E+01     0.55786193750000E+06
0.14545391149367E+01     0.60089993750000E+06
0.14643575518277E+01     0.64624556250000E+06
0.14741759887188E+01     0.69400112500000E+06
0.14839944256098E+01     0.74393487500000E+06
0.14938128625009E+01     0.79623118750000E+06
0.15036312993919E+01     0.85078018750000E+06
0.15134497362830E+01     0.90750906250000E+06
0.15232681731740E+01     0.96636912500000E+06
0.15330866100651E+01     0.10272171250000E+07
0.15429050469561E+01     0.10898688750000E+07
0.15527234838471E+01     0.11541416250000E+07
0.15625419207382E+01     0.12198171250000E+07
0.15723603576292E+01     0.12866515000000E+07
0.15821787945203E+01     0.13504537500000E+07
0.15919972314113E+01     0.14075092500000E+07
0.16018156683024E+01     0.14637897500000E+07
0.16116341051934E+01     0.15190823750000E+07
0.16214525420845E+01     0.15734197500000E+07
0.16312709789755E+01     0.16264118750000E+07
0.16410894158666E+01     0.16779636250000E+07
0.16509078527576E+01     0.17279643750000E+07
0.16607262896487E+01     0.17762236250000E+07
0.16705447265397E+01     0.18225497500000E+07
0.16803631634308E+01     0.18670186250000E+07
0.16901816003218E+01     0.19092906250000E+07
0.17000000372128E+01     0.19492606250000E+07
0.17098184741039E+01     0.19868177500000E+07
0.17196369109949E+01     0.20218181250000E+07
0.17294553478860E+01     0.20541033750000E+07
0.17392737847770E+01     0.20834786250000E+07
0.17490922216681E+01     0.21097225000000E+07
0.17589106585591E+01     0.21327155000000E+07
0.17687290954502E+01     0.21523920000000E+07
0.17785475323412E+01     0.21683765000000E+07
0.17883659692323E+01     0.21804537500000E+07
0.17981844061233E+01     0.21885500000000E+07
0.18080028430144E+01     0.21925920000000E+07
0.18178212799054E+01     0.21924770000000E+07
0.18276397167965E+01     0.21881275000000E+07
0.18374581536875E+01     0.21794147500000E+07
0.18472765905785E+01     0.21662405000000E+07
0.18570950274696E+01     0.21484850000000E+07
0.18669134643606E+01     0.21261442500000E+07
0.18767319012517E+01     0.20995552500000E+07
0.18865503381427E+01     0.20685965000000E+07
0.18963687750338E+01     0.20333501250000E+07
0.19061872119248E+01     0.19939916250000E+07
0.19160056488159E+01     0.19506687500000E+07
0.19258240857069E+01     0.19035441250000E+07
0.19356425225980E+01     0.18528016250000E+07
0.19454609594890E+01     0.17988588750000E+07
0.19552793963801E+01     0.17416635000000E+07
0.19650978332711E+01     0.16818457500000E+07
0.19749162701621E+01     0.16194480000000E+07
0.19847347070532E+01     0.15548632500000E+07
0.19945531439442E+01     0.14884642500000E+07
0.20043715808353E+01     0.14206187500000E+07
0.20141900177263E+01     0.13516640000000E+07
0.20240084546174E+01     0.12819141250000E+07
0.20338268915084E+01     0.12035641250000E+07
0.20436453283995E+01     0.11242628750000E+07
0.20534637652905E+01     0.10467300000000E+07
0.20632822021816E+01     0.97132412500000E+06
0.20731006390726E+01     0.89828812500000E+06
0.20829190759637E+01     0.82801975000000E+06
0.20927375128547E+01     0.76060806250000E+06
0.21025559497458E+01     0.69628475000000E+06
0.21123743866368E+01     0.59847975000000E+06
0.21221928235278E+01     0.53919562500000E+06
0.21320112604189E+01     0.48333325000000E+06
0.21418296973099E+01     0.43094150000000E+06
0.21516481342010E+01     0.38195565625000E+06
0.21614665710920E+01     0.33633650000000E+06
0.21712850079831E+01     0.29402646875000E+06
0.21811034448741E+01     0.25495309375000E+06
0.21909218817652E+01     0.21895960937500E+06
0.22007403186562E+01     0.18592378125000E+06
0.22105587555473E+01     0.15571890625000E+06
0.22203771924383E+01     0.12822253906250E+06
0.22301956293294E+01     0.10332990625000E+06
0.22400140662204E+01     0.80960101562500E+05
0.22498325031115E+01     0.61045933593750E+05
0.22596509400025E+01     0.43587363281250E+05
0.22694693768935E+01     0.28650767578125E+05
0.22792878137846E+01     0.16390068359375E+05
0.22891062506756E+01     0.70715654296875E+04
0.22989246875667E+01     0.15473050537109E+04
0.23087431244577E+01     0.00000000000000E+00
0.23185615613488E+01     0.00000000000000E+00
0.23283799982398E+01     0.00000000000000E+00
