0.10716200761859E+01     0.00000000000000E+00
0.10814385130769E+01     0.00000000000000E+00
0.10912569499680E+01     0.00000000000000E+00
0.11010753868590E+01     0.10351241455078E+04
0.11108938237501E+01     0.11902789306641E+04
0.11207122606411E+01     0.37557575683594E+04
0.11305306975321E+01     0.39159584960938E+04
0.11403491344232E+01     0.88561220703125E+04
0.11501675713142E+01     0.92549814453125E+04
0.11599860082053E+01     0.16198976562500E+05
0.11698044450963E+01     0.17499742187500E+05
0.11796228819874E+01     0.25954589843750E+05
0.11894413188784E+01     0.28732960937500E+05
0.11992597557695E+01     0.38228808593750E+05
0.12090781926605E+01     0.42899593750000E+05
0.12188966295516E+01     0.53200710937500E+05
0.12287150664426E+01     0.59989453125000E+05
0.12385335033337E+01     0.71021523437500E+05
0.12483519402247E+01     0.80025710937500E+05
0.12581703771157E+01     0.92017328125000E+05
0.12679888140068E+01     0.10320862500000E+06
0.12778072508978E+01     0.11649714062500E+06
0.12876256877889E+01     0.12991640625000E+06
0.12974441246799E+01     0.14489651562500E+06
0.13072625615710E+01     0.16065885937500E+06
0.13170809984620E+01     0.17773710937500E+06
0.13268994353531E+01     0.19603846875000E+06
0.13367178722441E+01     0.21560926562500E+06
0.13465363091352E+01     0.23671750000000E+06
0.13563547460262E+01     0.25920940625000E+06
0.13661731829173E+01     0.28339240625000E+06
0.13759916198083E+01     0.30927293750000E+06
0.13858100566994E+01     0.33686628125000E+06
0.13956284935904E+01     0.36644493750000E+06
0.14054469304814E+01     0.39787440625000E+06
0.14152653673725E+01     0.43163587500000E+06
0.14250838042635E+01     0.46712821875000E+06
0.14349022411546E+01     0.50534521875000E+06
0.14447206780456E+01     0.54521162500000E+06
0.14545391149367E+01     0.58827987500000E+06
0.14643575518277E+01     0.63246750000000E+06
0.14741759887188E+01     0.68071725000000E+06
0.14839944256098E+01     0.73005118750000E+06
0.14938128625009E+01     0.78281918750000E+06
0.15036312993919E+01     0.83640631250000E+06
0.15134497362830E+01     0.89423625000000E+06
0.15232681731740E+01     0.95211700000000E+06
0.15330866100651E+01     0.10144985625000E+07
0.15429050469561E+01     0.10761476250000E+07
0.15527234838471E+01     0.11423786250000E+07
0.15625419207382E+01     0.12070158750000E+07
0.15723603576292E+01     0.12762107500000E+07
0.15821787945203E+01     0.13395616250000E+07
0.15919972314113E+01     0.14007570000000E+07
0.16018156683024E+01     0.14570375000000E+07
0.16116341051934E+01     0.15161757500000E+07
0.16214525420845E+01     0.15698221250000E+07
0.16312709789755E+01     0.16263346250000E+07
0.16410894158666E+01     0.16765527500000E+07
0.16509078527576E+01     0.17297535000000E+07
0.16607262896487E+01     0.17760842500000E+07
0.16705447265397E+01     0.18253127500000E+07
0.16803631634308E+01     0.18673337500000E+07
0.16901816003218E+01     0.19122660000000E+07
0.17000000372128E+01     0.19493738750000E+07
0.17098184741039E+01     0.19894321250000E+07
0.17196369109949E+01     0.20212790000000E+07
0.17294553478860E+01     0.20560006250000E+07
0.17392737847770E+01     0.20820565000000E+07
0.17490922216681E+01     0.21107620000000E+07
0.17589106585591E+01     0.21303835000000E+07
0.17687290954502E+01     0.21526217500000E+07
0.17785475323412E+01     0.21652770000000E+07
0.17883659692323E+01     0.21800687500000E+07
0.17981844061233E+01     0.21849495000000E+07
0.18080028430144E+01     0.21918875000000E+07
0.18178212799054E+01     0.21887205000000E+07
0.18276397167965E+01     0.21874532500000E+07
0.18374581536875E+01     0.21758810000000E+07
0.18472765905785E+01     0.21659310000000E+07
0.18570950274696E+01     0.21455017500000E+07
0.18669134643606E+01     0.21265057500000E+07
0.18767319012517E+01     0.20973842500000E+07
0.18865503381427E+01     0.20697678750000E+07
0.18963687750338E+01     0.20320508750000E+07
0.19061872119248E+01     0.19958748750000E+07
0.19160056488159E+01     0.19500096250000E+07
0.19258240857069E+01     0.19056943750000E+07
0.19356425225980E+01     0.18521695000000E+07
0.19454609594890E+01     0.18004170000000E+07
0.19552793963801E+01     0.17400383750000E+07
0.19650978332711E+01     0.16815678750000E+07
0.19749162701621E+01     0.16155040000000E+07
0.19847347070532E+01     0.15513032500000E+07
0.19945531439442E+01     0.14808323750000E+07
0.20043715808353E+01     0.14124655000000E+07
0.20141900177263E+01     0.13393077500000E+07
0.20240084546174E+01     0.12684435000000E+07
0.20338268915084E+01     0.11874410000000E+07
0.20436453283995E+01     0.11083672500000E+07
0.20534637652905E+01     0.10292877500000E+07
0.20632822021816E+01     0.95410825000000E+06
0.20731006390726E+01     0.88033581250000E+06
0.20829190759637E+01     0.81038756250000E+06
0.20927375128547E+01     0.74300975000000E+06
0.21025559497458E+01     0.68163112500000E+06
0.21123743866368E+01     0.57753675000000E+06
0.21221928235278E+01     0.50056993750000E+06
0.21320112604189E+01     0.44615762500000E+06
0.21418296973099E+01     0.39519234375000E+06
0.21516481342010E+01     0.34825212500000E+06
0.21614665710920E+01     0.30464081250000E+06
0.21712850079831E+01     0.26474415625000E+06
0.21811034448741E+01     0.22817403125000E+06
0.21909218817652E+01     0.19474085937500E+06
0.22007403186562E+01     0.16456025000000E+06
0.22105587555473E+01     0.13688115625000E+06
0.22203771924383E+01     0.11239671875000E+06
0.22301956293294E+01     0.89859523437500E+05
0.22400140662204E+01     0.70418500000000E+05
0.22498325031115E+01     0.52585972656250E+05
0.22596509400025E+01     0.37698058593750E+05
0.22694693768935E+01     0.24465375000000E+05
0.22792878137846E+01     0.14118349609375E+05
0.22891062506756E+01     0.60099814453125E+04
0.22989246875667E+01     0.12948491210938E+04
0.23087431244577E+01     0.00000000000000E+00
0.23185615613488E+01     0.00000000000000E+00
0.23283799982398E+01     0.00000000000000E+00
