0.10716200761859E+01     0.00000000000000E+00
0.10814385130769E+01     0.00000000000000E+00
0.10912569499680E+01     0.00000000000000E+00
0.11010753868590E+01     0.12528368164063E+05
0.11108938237501E+01     0.18081375122070E+03
0.11207122606411E+01     0.44196841430664E+03
0.11305306975321E+01     0.77238928222656E+03
0.11403491344232E+01     0.11797813720703E+04
0.11501675713142E+01     0.16689002685547E+04
0.11599860082053E+01     0.22445573730469E+04
0.11698044450963E+01     0.29117666015625E+04
0.11796228819874E+01     0.36753725585938E+04
0.11894413188784E+01     0.45404101562500E+04
0.11992597557695E+01     0.55119433593750E+04
0.12090781926605E+01     0.65958256835938E+04
0.12188966295516E+01     0.77978544921875E+04
0.12287150664426E+01     0.91233369140625E+04
0.12385335033337E+01     0.10579093750000E+05
0.12483519402247E+01     0.12172473632813E+05
0.12581703771157E+01     0.13910043945313E+05
0.12679888140068E+01     0.15800730468750E+05
0.12778072508978E+01     0.17853292968750E+05
0.12876256877889E+01     0.20077511718750E+05
0.12974441246799E+01     0.22484392578125E+05
0.13072625615710E+01     0.25085943359375E+05
0.13170809984620E+01     0.27895121093750E+05
0.13268994353531E+01     0.30926529296875E+05
0.13367178722441E+01     0.34195800781250E+05
0.13465363091352E+01     0.37719019531250E+05
0.13563547460262E+01     0.41515902343750E+05
0.13661731829173E+01     0.45603824218750E+05
0.13759916198083E+01     0.50002511718750E+05
0.13858100566994E+01     0.54733980468750E+05
0.13956284935904E+01     0.59817261718750E+05
0.14054469304814E+01     0.65271425781250E+05
0.14152653673725E+01     0.71115804687500E+05
0.14250838042635E+01     0.77367171875000E+05
0.14349022411546E+01     0.84037562500000E+05
0.14447206780456E+01     0.91131726562500E+05
0.14545391149367E+01     0.98622453125000E+05
0.14643575518277E+01     0.10771392187500E+06
0.14741759887188E+01     0.11524449218750E+06
0.14839944256098E+01     0.12288696875000E+06
0.14938128625009E+01     0.13297262500000E+06
0.15036312993919E+01     0.14249014062500E+06
0.15134497362830E+01     0.15225004687500E+06
0.15232681731740E+01     0.16219428125000E+06
0.15330866100651E+01     0.17223303125000E+06
0.15429050469561E+01     0.18225964062500E+06
0.15527234838471E+01     0.19214728125000E+06
0.15625419207382E+01     0.20175431250000E+06
0.15723603576292E+01     0.21075181250000E+06
0.15821787945203E+01     0.21735389062500E+06
0.15919972314113E+01     0.22156209375000E+06
0.16018156683024E+01     0.22525725000000E+06
0.16116341051934E+01     0.22858954687500E+06
0.16214525420845E+01     0.23123671875000E+06
0.16312709789755E+01     0.23293565625000E+06
0.16410894158666E+01     0.23347401562500E+06
0.16509078527576E+01     0.23268337500000E+06
0.16607262896487E+01     0.23043740625000E+06
0.16705447265397E+01     0.22664084375000E+06
0.16803631634308E+01     0.22123540625000E+06
0.16901816003218E+01     0.21418270312500E+06
0.17000000372128E+01     0.20547559375000E+06
0.17098184741039E+01     0.19512873437500E+06
0.17196369109949E+01     0.18317923437500E+06
0.17294553478860E+01     0.16968190625000E+06
0.17392737847770E+01     0.15471303125000E+06
0.17490922216681E+01     0.13836584375000E+06
0.17589106585591E+01     0.12074788281250E+06
0.17687290954502E+01     0.10198520312500E+06
0.17785475323412E+01     0.82213562500000E+05
0.17883659692323E+01     0.61579378906250E+05
0.17981844061233E+01     0.40250925781250E+05
0.18080028430144E+01     0.18399371093750E+05
0.18178212799054E+01     -.38014206542969E+04
0.18276397167965E+01     -.26174964843750E+05
0.18374581536875E+01     -.48541898437500E+05
0.18472765905785E+01     -.70718062500000E+05
0.18570950274696E+01     -.92515359375000E+05
0.18669134643606E+01     -.11375513281250E+06
0.18767319012517E+01     -.13426445312500E+06
0.18865503381427E+01     -.15386612500000E+06
0.18963687750338E+01     -.17238803125000E+06
0.19061872119248E+01     -.18965326562500E+06
0.19160056488159E+01     -.20548501562500E+06
0.19258240857069E+01     -.21969818750000E+06
0.19356425225980E+01     -.23210631250000E+06
0.19454609594890E+01     -.24251315625000E+06
0.19552793963801E+01     -.25071887500000E+06
0.19650978332711E+01     -.25652235937500E+06
0.19749162701621E+01     -.25973934375000E+06
0.19847347070532E+01     -.26020596875000E+06
0.19945531439442E+01     -.25780782812500E+06
0.20043715808353E+01     -.25249756250000E+06
0.20141900177263E+01     -.24432731250000E+06
0.20240084546174E+01     -.23351214062500E+06
0.20338268915084E+01     -.22060084375000E+06
0.20436453283995E+01     -.20619714062500E+06
0.20534637652905E+01     -.19070618750000E+06
0.20632822021816E+01     -.17447785937500E+06
0.20731006390726E+01     -.15786021875000E+06
0.20829190759637E+01     -.14118367187500E+06
0.20927375128547E+01     -.12475532812500E+06
0.21025559497458E+01     0.24883281250000E+06
0.21123743866368E+01     0.23246132812500E+06
0.21221928235278E+01     -.14524964062500E+06
0.21320112604189E+01     -.13040835937500E+06
0.21418296973099E+01     -.11641521093750E+06
0.21516481342010E+01     -.10330026562500E+06
0.21614665710920E+01     -.91089656250000E+05
0.21712850079831E+01     -.79784843750000E+05
0.21811034448741E+01     -.69368195312500E+05
0.21909218817652E+01     -.59806695312500E+05
0.22007403186562E+01     -.51056003906250E+05
0.22105587555473E+01     -.43064917968750E+05
0.22203771924383E+01     -.35780703125000E+05
0.22301956293294E+01     -.29153839843750E+05
0.22400140662204E+01     -.23143736328125E+05
0.22498325031115E+01     -.17724658203125E+05
0.22596509400025E+01     -.12891961914063E+05
0.22694693768935E+01     -.86699492187500E+04
0.22792878137846E+01     -.51206972656250E+04
0.22891062506756E+01     -.23298586425781E+04
0.22989246875667E+01     -.25046411132813E+04
0.23087431244577E+01     0.00000000000000E+00
0.23185615613488E+01     0.00000000000000E+00
0.23283799982398E+01     0.00000000000000E+00
