0.10716200761859E+01     0.00000000000000E+00
0.10814385130769E+01     0.00000000000000E+00
0.10912569499680E+01     0.00000000000000E+00
0.11010753868590E+01     0.42812584979401E-05
0.11108938237501E+01     0.54797656048322E-05
0.11207122606411E+01     0.82215146903764E-05
0.11305306975321E+01     0.12979908206034E-04
0.11403491344232E+01     0.20308892999310E-04
0.11501675713142E+01     0.30801475077169E-04
0.11599860082053E+01     0.45091921492713E-04
0.11698044450963E+01     0.63850508013275E-04
0.11796228819874E+01     0.87787935626693E-04
0.11894413188784E+01     0.11764519149438E-03
0.11992597557695E+01     0.15420062118210E-03
0.12090781926605E+01     0.19825508934446E-03
0.12188966295516E+01     0.25064073270187E-03
0.12287150664426E+01     0.31220278469846E-03
0.12385335033337E+01     0.38380792830139E-03
0.12483519402247E+01     0.46632514568046E-03
0.12581703771157E+01     0.56063098600134E-03
0.12679888140068E+01     0.66759152105078E-03
0.12778072508978E+01     0.78806292731315E-03
0.12876256877889E+01     0.92287530424073E-03
0.12974441246799E+01     0.10728281922638E-02
0.13072625615710E+01     0.12386761372909E-02
0.13170809984620E+01     0.14211193192750E-02
0.13268994353531E+01     0.16207903390750E-02
0.13367178722441E+01     0.18382413545623E-02
0.13465363091352E+01     0.20739310421050E-02
0.13563547460262E+01     0.23282091133296E-02
0.13661731829173E+01     0.26013026945293E-02
0.13759916198083E+01     0.28933011926711E-02
0.13858100566994E+01     0.32041398808360E-02
0.13956284935904E+01     0.35335868597031E-02
0.14054469304814E+01     0.38812265265733E-02
0.14152653673725E+01     0.42464490979910E-02
0.14250838042635E+01     0.46284287236631E-02
0.14349022411546E+01     0.50261220894754E-02
0.14447206780456E+01     0.54382341913879E-02
0.14545391149367E+01     0.58631910942495E-02
0.14643575518277E+01     0.62987096607685E-02
0.14741759887188E+01     0.67630028352141E-02
0.14839944256098E+01     0.72001540102065E-02
0.14938128625009E+01     0.76571148820221E-02
0.15036312993919E+01     0.81165879964829E-02
0.15134497362830E+01     0.85755232721567E-02
0.15232681731740E+01     0.90309586375952E-02
0.15330866100651E+01     0.94799045473337E-02
0.15429050469561E+01     0.99193062633276E-02
0.15527234838471E+01     0.10346153751016E-01
0.15625419207382E+01     0.10757464915514E-01
0.15723603576292E+01     0.11150423437357E-01
0.15821787945203E+01     0.11517586186528E-01
0.15919972314113E+01     0.11809162795544E-01
0.16018156683024E+01     0.12018656358123E-01
0.16116341051934E+01     0.12153184972703E-01
0.16214525420845E+01     0.12219442054629E-01
0.16312709789755E+01     0.12224024161696E-01
0.16410894158666E+01     0.12173593975604E-01
0.16509078527576E+01     0.12074999511242E-01
0.16607262896487E+01     0.11935270391405E-01
0.16705447265397E+01     0.11761554516852E-01
0.16803631634308E+01     0.11561048217118E-01
0.16901816003218E+01     0.11340831406415E-01
0.17000000372128E+01     0.11107821948826E-01
0.17098184741039E+01     0.10868571698666E-01
0.17196369109949E+01     0.10629284195602E-01
0.17294553478860E+01     0.10395608842373E-01
0.17392737847770E+01     0.10172736831009E-01
0.17490922216681E+01     0.99652120843530E-02
0.17589106585591E+01     0.97770867869258E-02
0.17687290954502E+01     0.96117528155446E-02
0.17785475323412E+01     0.94721419736743E-02
0.17883659692323E+01     0.93605546280742E-02
0.17981844061233E+01     0.92788757756352E-02
0.18080028430144E+01     0.92283831909299E-02
0.18178212799054E+01     0.92099672183394E-02
0.18276397167965E+01     0.92239016667008E-02
0.18374581536875E+01     0.92700300738215E-02
0.18472765905785E+01     0.93474946916103E-02
0.18570950274696E+01     0.94548696652055E-02
0.18669134643606E+01     0.95898527652025E-02
0.18767319012517E+01     0.97493594512343E-02
0.18865503381427E+01     0.99291959777474E-02
0.18963687750338E+01     0.10124130174518E-01
0.19061872119248E+01     0.10327598080039E-01
0.19160056488159E+01     0.10531800799072E-01
0.19258240857069E+01     0.10727539658546E-01
0.19356425225980E+01     0.10904428549111E-01
0.19454609594890E+01     0.11050959117711E-01
0.19552793963801E+01     0.11154908686876E-01
0.19650978332711E+01     0.11203724890947E-01
0.19749162701621E+01     0.11185152456164E-01
0.19847347070532E+01     0.11087893508375E-01
0.19945531439442E+01     0.10902335867286E-01
0.20043715808353E+01     0.10621284134686E-01
0.20141900177263E+01     0.10240525007248E-01
0.20240084546174E+01     0.97593320533633E-02
0.20338268915084E+01     0.92007536441088E-02
0.20436453283995E+01     0.86126644164324E-02
0.20534637652905E+01     0.80028390511870E-02
0.20632822021816E+01     0.73783458210528E-02
0.20731006390726E+01     0.67465873435140E-02
0.20829190759637E+01     0.61151073314250E-02
0.20927375128547E+01     0.54913302883506E-02
0.21025559497458E+01     0.48823785036802E-02
0.21123743866368E+01     0.12894275598228E-01
0.21221928235278E+01     0.11550823226571E-01
0.21320112604189E+01     0.10250014252961E-01
0.21418296973099E+01     0.90015633031726E-02
0.21516481342010E+01     0.78149782493711E-02
0.21614665710920E+01     0.66987681202590E-02
0.21712850079831E+01     0.56603122502565E-02
0.21811034448741E+01     0.47057261690497E-02
0.21909218817652E+01     0.38397759199142E-02
0.22007403186562E+01     0.30658023897558E-02
0.22105587555473E+01     0.23856656625867E-02
0.22203771924383E+01     0.17997119575739E-02
0.22301956293294E+01     0.13067300897092E-02
0.22400140662204E+01     0.90393220307305E-03
0.22498325031115E+01     0.58689719298854E-03
0.22596509400025E+01     0.34952463465743E-03
0.22694693768935E+01     0.18393268692307E-03
0.22792878137846E+01     0.80332967627328E-04
0.22891062506756E+01     0.26830210117623E-04
0.22989246875667E+01     0.98197160696145E-05
0.23087431244577E+01     0.00000000000000E+00
0.23185615613488E+01     0.00000000000000E+00
0.23283799982398E+01     0.00000000000000E+00
