0.10716200761859E+01     0.00000000000000E+00
0.10814385130769E+01     0.00000000000000E+00
0.10912569499680E+01     0.00000000000000E+00
0.11010753868590E+01     0.33092808723450E+01
0.11108938237501E+01     0.30910427570343E+01
0.11207122606411E+01     0.29367241859436E+01
0.11305306975321E+01     0.28001101016998E+01
0.11403491344232E+01     0.26776547431946E+01
0.11501675713142E+01     0.25667731761932E+01
0.11599860082053E+01     0.24654986858368E+01
0.11698044450963E+01     0.23723382949829E+01
0.11796228819874E+01     0.22861003875732E+01
0.11894413188784E+01     0.22058539390564E+01
0.11992597557695E+01     0.21308281421661E+01
0.12090781926605E+01     0.20604078769684E+01
0.12188966295516E+01     0.19940695762634E+01
0.12287150664426E+01     0.19313874244690E+01
0.12385335033337E+01     0.18719918727875E+01
0.12483519402247E+01     0.18155767917633E+01
0.12581703771157E+01     0.17618734836578E+01
0.12679888140068E+01     0.17106549739838E+01
0.12778072508978E+01     0.16617205142975E+01
0.12876256877889E+01     0.16148976087570E+01
0.12974441246799E+01     0.15700325965881E+01
0.13072625615710E+01     0.15269917249680E+01
0.13170809984620E+01     0.14856549501419E+01
0.13268994353531E+01     0.14459160566330E+01
0.13367178722441E+01     0.14076797962189E+01
0.13465363091352E+01     0.13708600997925E+01
0.13563547460262E+01     0.13353794813156E+01
0.13661731829173E+01     0.13011672496796E+01
0.13759916198083E+01     0.12681589126587E+01
0.13858100566994E+01     0.12362949848175E+01
0.13956284935904E+01     0.12055206298828E+01
0.14054469304814E+01     0.11757844686508E+01
0.14152653673725E+01     0.11470390558243E+01
0.14250838042635E+01     0.11192386150360E+01
0.14349022411546E+01     0.10923385620117E+01
0.14447206780456E+01     0.10662933588028E+01
0.14545391149367E+01     0.10410479307175E+01
0.14643575518277E+01     0.10164561271667E+01
0.14741759887188E+01     0.99649691581726E+00
0.14839944256098E+01     0.97045350074768E+00
0.14938128625009E+01     0.94810372591019E+00
0.15036312993919E+01     0.92649435997009E+00
0.15134497362830E+01     0.90553462505341E+00
0.15232681731740E+01     0.88518553972244E+00
0.15330866100651E+01     0.86541664600372E+00
0.15429050469561E+01     0.84620255231857E+00
0.15527234838471E+01     0.82751995325089E+00
0.15625419207382E+01     0.80934864282608E+00
0.15723603576292E+01     0.79167038202286E+00
0.15821787945203E+01     0.77425396442413E+00
0.15919972314113E+01     0.75514286756516E+00
0.16018156683024E+01     0.73467528820038E+00
0.16116341051934E+01     0.71355432271957E+00
0.16214525420845E+01     0.69224178791046E+00
0.16312709789755E+01     0.67104047536850E+00
0.16410894158666E+01     0.65015625953674E+00
0.16509078527576E+01     0.62973231077194E+00
0.16607262896487E+01     0.60987758636475E+00
0.16705447265397E+01     0.59067726135254E+00
0.16803631634308E+01     0.57220602035522E+00
0.16901816003218E+01     0.55452835559845E+00
0.17000000372128E+01     0.53770673274994E+00
0.17098184741039E+01     0.52179706096649E+00
0.17196369109949E+01     0.50685483217239E+00
0.17294553478860E+01     0.49292904138565E+00
0.17392737847770E+01     0.48006817698479E+00
0.17490922216681E+01     0.46831294894218E+00
0.17589106585591E+01     0.45770257711411E+00
0.17687290954502E+01     0.44826743006706E+00
0.17785475323412E+01     0.44003567099571E+00
0.17883659692323E+01     0.43302559852600E+00
0.17981844061233E+01     0.42725232243538E+00
0.18080028430144E+01     0.42272013425827E+00
0.18178212799054E+01     0.41942921280861E+00
0.18276397167965E+01     0.41736772656441E+00
0.18374581536875E+01     0.41651818156242E+00
0.18472765905785E+01     0.41684898734093E+00
0.18570950274696E+01     0.41832005977631E+00
0.18669134643606E+01     0.42087417840958E+00
0.18767319012517E+01     0.42444199323654E+00
0.18865503381427E+01     0.42893347144127E+00
0.18963687750338E+01     0.43424230813980E+00
0.19061872119248E+01     0.44023773074150E+00
0.19160056488159E+01     0.44676944613457E+00
0.19258240857069E+01     0.45366123318672E+00
0.19356425225980E+01     0.46071711182594E+00
0.19454609594890E+01     0.46771860122681E+00
0.19552793963801E+01     0.47443342208862E+00
0.19650978332711E+01     0.48061710596085E+00
0.19749162701621E+01     0.48602455854416E+00
0.19847347070532E+01     0.49041470885277E+00
0.19945531439442E+01     0.49356144666672E+00
0.20043715808353E+01     0.49525666236877E+00
0.20141900177263E+01     0.49531379342079E+00
0.20240084546174E+01     0.49356117844582E+00
0.20338268915084E+01     0.49025911092758E+00
0.20436453283995E+01     0.48621705174446E+00
0.20534637652905E+01     0.48144361376762E+00
0.20632822021816E+01     0.47592929005623E+00
0.20731006390726E+01     0.46967080235481E+00
0.20829190759637E+01     0.46266832947731E+00
0.20927375128547E+01     0.45492392778397E+00
0.21025559497458E+01     0.44644126296043E+00
0.21123743866368E+01     0.19082067012787E+01
0.21221928235278E+01     0.19377750158310E+01
0.21320112604189E+01     0.19703190326691E+01
0.21418296973099E+01     0.20060639381409E+01
0.21516481342010E+01     0.20453622341156E+01
0.21614665710920E+01     0.20886585712433E+01
0.21712850079831E+01     0.21365113258362E+01
0.21811034448741E+01     0.21896216869354E+01
0.21909218817652E+01     0.22488756179810E+01
0.22007403186562E+01     0.23153986930847E+01
0.22105587555473E+01     0.23906404972076E+01
0.22203771924383E+01     0.24764916896820E+01
0.22301956293294E+01     0.25754730701447E+01
0.22400140662204E+01     0.26910290718079E+01
0.22498325031115E+01     0.28280274868011E+01
0.22596509400025E+01     0.29936358928680E+01
0.22694693768935E+01     0.31990065574646E+01
0.22792878137846E+01     0.34627995491028E+01
0.22891062506756E+01     0.38196215629578E+01
0.22989246875667E+01     0.47773923873901E+01
0.23087431244577E+01     0.00000000000000E+00
0.23185615613488E+01     0.00000000000000E+00
0.23283799982398E+01     0.00000000000000E+00
