0.10716200761859E+01     0.00000000000000E+00
0.10814385130769E+01     0.00000000000000E+00
0.10912569499680E+01     0.00000000000000E+00
0.11010753868590E+01     0.31670460700989E+01
0.11108938237501E+01     0.29394726753235E+01
0.11207122606411E+01     0.27753674983978E+01
0.11305306975321E+01     0.26292119026184E+01
0.11403491344232E+01     0.24974544048309E+01
0.11501675713142E+01     0.23775069713593E+01
0.11599860082053E+01     0.22674050331116E+01
0.11698044450963E+01     0.21656591892242E+01
0.11796228819874E+01     0.20710837841034E+01
0.11894413188784E+01     0.19827569723129E+01
0.11992597557695E+01     0.18999166488647E+01
0.12090781926605E+01     0.18219598531723E+01
0.12188966295516E+01     0.17483744621277E+01
0.12287150664426E+01     0.16787490844727E+01
0.12385335033337E+01     0.16127281188965E+01
0.12483519402247E+01     0.15500216484070E+01
0.12581703771157E+01     0.14903768301010E+01
0.12679888140068E+01     0.14335843324661E+01
0.12778072508978E+01     0.13794612884521E+01
0.12876256877889E+01     0.13278541564941E+01
0.12974441246799E+01     0.12786284685135E+01
0.13072625615710E+01     0.12316706180573E+01
0.13170809984620E+01     0.11868811845779E+01
0.13268994353531E+01     0.11441749334335E+01
0.13367178722441E+01     0.11034780740738E+01
0.13465363091352E+01     0.10647263526917E+01
0.13563547460262E+01     0.10278643369675E+01
0.13661731829173E+01     0.99284327030182E+00
0.13759916198083E+01     0.95962107181549E+00
0.13858100566994E+01     0.92816019058228E+00
0.13956284935904E+01     0.89842736721039E+00
0.14054469304814E+01     0.87039268016815E+00
0.14152653673725E+01     0.84402906894684E+00
0.14250838042635E+01     0.81931030750275E+00
0.14349022411546E+01     0.79621064662933E+00
0.14447206780456E+01     0.77470171451569E+00
0.14545391149367E+01     0.75474518537521E+00
0.14643575518277E+01     0.73621696233749E+00
0.14741759887188E+01     0.72274821996689E+00
0.14839944256098E+01     0.70458531379700E+00
0.14938128625009E+01     0.69063121080399E+00
0.15036312993919E+01     0.67819309234619E+00
0.15134497362830E+01     0.66718149185181E+00
0.15232681731740E+01     0.65754789113998E+00
0.15330866100651E+01     0.64924675226212E+00
0.15429050469561E+01     0.64222991466522E+00
0.15527234838471E+01     0.63644546270370E+00
0.15625419207382E+01     0.63183581829071E+00
0.15723603576292E+01     0.62833899259567E+00
0.15821787945203E+01     0.62577277421951E+00
0.15919972314113E+01     0.62314742803574E+00
0.16018156683024E+01     0.62082082033157E+00
0.16116341051934E+01     0.61923414468765E+00
0.16214525420845E+01     0.61860179901123E+00
0.16312709789755E+01     0.61899167299271E+00
0.16410894158666E+01     0.62037801742554E+00
0.16509078527576E+01     0.62267982959747E+00
0.16607262896487E+01     0.62578153610229E+00
0.16705447265397E+01     0.62955093383789E+00
0.16803631634308E+01     0.63384521007538E+00
0.16901816003218E+01     0.63852047920227E+00
0.17000000372128E+01     0.64343166351318E+00
0.17098184741039E+01     0.64843916893005E+00
0.17196369109949E+01     0.65340524911880E+00
0.17294553478860E+01     0.65820008516312E+00
0.17392737847770E+01     0.66269636154175E+00
0.17490922216681E+01     0.66677546501160E+00
0.17589106585591E+01     0.67032110691071E+00
0.17687290954502E+01     0.67322593927383E+00
0.17785475323412E+01     0.67538410425186E+00
0.17883659692323E+01     0.67669880390167E+00
0.17981844061233E+01     0.67707443237305E+00
0.18080028430144E+01     0.67642426490784E+00
0.18178212799054E+01     0.67466235160828E+00
0.18276397167965E+01     0.67171150445938E+00
0.18374581536875E+01     0.66749525070190E+00
0.18472765905785E+01     0.66194599866867E+00
0.18570950274696E+01     0.65499699115753E+00
0.18669134643606E+01     0.64659130573273E+00
0.18767319012517E+01     0.63667356967926E+00
0.18865503381427E+01     0.62519955635071E+00
0.18963687750338E+01     0.61212855577469E+00
0.19061872119248E+01     0.59743446111679E+00
0.19160056488159E+01     0.58109885454178E+00
0.19258240857069E+01     0.56312400102615E+00
0.19356425225980E+01     0.54352790117264E+00
0.19454609594890E+01     0.52235937118530E+00
0.19552793963801E+01     0.49969518184662E+00
0.19650978332711E+01     0.47565713524818E+00
0.19749162701621E+01     0.45041075348854E+00
0.19847347070532E+01     0.42418074607849E+00
0.19945531439442E+01     0.39724859595299E+00
0.20043715808353E+01     0.36996132135391E+00
0.20141900177263E+01     0.34272244572639E+00
0.20240084546174E+01     0.31598925590515E+00
0.20338268915084E+01     0.28981325030327E+00
0.20436453283995E+01     0.26360118389130E+00
0.20534637652905E+01     0.23749494552612E+00
0.20632822021816E+01     0.21166253089905E+00
0.20731006390726E+01     0.18626628816128E+00
0.20829190759637E+01     0.16146206855774E+00
0.20927375128547E+01     0.13739627599716E+00
0.21025559497458E+01     0.11420562863350E+00
0.21123743866368E+01     0.13404370546341E+01
0.21221928235278E+01     0.13452023267746E+01
0.21320112604189E+01     0.13549293279648E+01
0.21418296973099E+01     0.13699076175690E+01
0.21516481342010E+01     0.13906028270721E+01
0.21614665710920E+01     0.14175698757172E+01
0.21712850079831E+01     0.14514770507813E+01
0.21811034448741E+01     0.14931359291077E+01
0.21909218817652E+01     0.15435470342636E+01
0.22007403186562E+01     0.16039557456970E+01
0.22105587555473E+01     0.16759396791458E+01
0.22203771924383E+01     0.17615280151367E+01
0.22301956293294E+01     0.18633933067322E+01
0.22400140662204E+01     0.19851436614990E+01
0.22498325031115E+01     0.21318204402924E+01
0.22596509400025E+01     0.23107609748840E+01
0.22694693768935E+01     0.25332479476929E+01
0.22792878137846E+01     0.28179314136505E+01
0.22891062506756E+01     0.31989736557007E+01
0.22989246875667E+01     0.41463708877563E+01
0.23087431244577E+01     0.00000000000000E+00
0.23185615613488E+01     0.00000000000000E+00
0.23283799982398E+01     0.00000000000000E+00
