0.10716200761859E+01     0.00000000000000E+00
0.10814385130769E+01     0.00000000000000E+00
0.10912569499680E+01     0.00000000000000E+00
0.11010753868590E+01     0.71028357744217E+00
0.11108938237501E+01     0.10244952440262E+01
0.11207122606411E+01     0.16745369434357E+01
0.11305306975321E+01     0.28601157665253E+01
0.11403491344232E+01     0.48140807151794E+01
0.11501675713142E+01     0.78178625106812E+01
0.11599860082053E+01     0.12207198143005E+02
0.11698044450963E+01     0.18376083374023E+02
0.11796228819874E+01     0.26784292221069E+02
0.11894413188784E+01     0.37960239410400E+02
0.11992597557695E+01     0.52510700225830E+02
0.12090781926605E+01     0.71121994018555E+02
0.12188966295516E+01     0.94571731567383E+02
0.12287150664426E+01     0.12372821044922E+03
0.12385335033337E+01     0.15956335449219E+03
0.12483519402247E+01     0.20315063476563E+03
0.12581703771157E+01     0.25567759704590E+03
0.12679888140068E+01     0.31844287109375E+03
0.12778072508978E+01     0.39286636352539E+03
0.12876256877889E+01     0.48048559570313E+03
0.12974441246799E+01     0.58296166992188E+03
0.13072625615710E+01     0.70207446289063E+03
0.13170809984620E+01     0.83972271728516E+03
0.13268994353531E+01     0.99791705322266E+03
0.13367178722441E+01     0.11787731933594E+04
0.13465363091352E+01     0.13845004882813E+04
0.13563547460262E+01     0.16173875732422E+04
0.13661731829173E+01     0.18797854003906E+04
0.13759916198083E+01     0.21740830078125E+04
0.13858100566994E+01     0.25026831054688E+04
0.13956284935904E+01     0.28679729003906E+04
0.14054469304814E+01     0.32722856445313E+04
0.14152653673725E+01     0.37178654785156E+04
0.14250838042635E+01     0.42068251953125E+04
0.14349022411546E+01     0.47411103515625E+04
0.14447206780456E+01     0.53224624023438E+04
0.14545391149367E+01     0.59524511718750E+04
0.14643575518277E+01     0.66331391601563E+04
0.14741759887188E+01     0.73288134765625E+04
0.14839944256098E+01     0.81367656250000E+04
0.14938128625009E+01     0.89676259765625E+04
0.15036312993919E+01     0.98472128906250E+04
0.15134497362830E+01     0.10774829101563E+05
0.15232681731740E+01     0.11748700195313E+05
0.15330866100651E+01     0.12766441406250E+05
0.15429050469561E+01     0.13824995117188E+05
0.15527234838471E+01     0.14920777343750E+05
0.15625419207382E+01     0.16049568359375E+05
0.15723603576292E+01     0.17206697265625E+05
0.15821787945203E+01     0.18389585937500E+05
0.15919972314113E+01     0.19616150390625E+05
0.16018156683024E+01     0.20873234375000E+05
0.16116341051934E+01     0.22142843750000E+05
0.16214525420845E+01     0.23410421875000E+05
0.16312709789755E+01     0.24664431640625E+05
0.16410894158666E+01     0.25895457031250E+05
0.16509078527576E+01     0.27096035156250E+05
0.16607262896487E+01     0.28259917968750E+05
0.16705447265397E+01     0.29382115234375E+05
0.16803631634308E+01     0.30458279296875E+05
0.16901816003218E+01     0.31484849609375E+05
0.17000000372128E+01     0.32458480468750E+05
0.17098184741039E+01     0.33376308593750E+05
0.17196369109949E+01     0.34235382812500E+05
0.17294553478860E+01     0.35033023437500E+05
0.17392737847770E+01     0.35766289062500E+05
0.17490922216681E+01     0.36432410156250E+05
0.17589106585591E+01     0.37028285156250E+05
0.17687290954502E+01     0.37551011718750E+05
0.17785475323412E+01     0.37997394531250E+05
0.17883659692323E+01     0.38364550781250E+05
0.17981844061233E+01     0.38649464843750E+05
0.18080028430144E+01     0.38849640625000E+05
0.18178212799054E+01     0.38962648437500E+05
0.18276397167965E+01     0.38986828125000E+05
0.18374581536875E+01     0.38920816406250E+05
0.18472765905785E+01     0.38764261718750E+05
0.18570950274696E+01     0.38517328125000E+05
0.18669134643606E+01     0.38181359375000E+05
0.18767319012517E+01     0.37758355468750E+05
0.18865503381427E+01     0.37251492187500E+05
0.18963687750338E+01     0.36664550781250E+05
0.19061872119248E+01     0.36002347656250E+05
0.19160056488159E+01     0.35270046875000E+05
0.19258240857069E+01     0.34473445312500E+05
0.19356425225980E+01     0.33618218750000E+05
0.19454609594890E+01     0.32710074218750E+05
0.19552793963801E+01     0.31753923828125E+05
0.19650978332711E+01     0.30754023437500E+05
0.19749162701621E+01     0.29713208984375E+05
0.19847347070532E+01     0.28633126953125E+05
0.19945531439442E+01     0.27513806640625E+05
0.20043715808353E+01     0.26354189453125E+05
0.20141900177263E+01     0.25152257812500E+05
0.20240084546174E+01     0.23906046875000E+05
0.20338268915084E+01     0.22623830078125E+05
0.20436453283995E+01     0.21328314453125E+05
0.20534637652905E+01     0.20025289062500E+05
0.20632822021816E+01     0.18720087890625E+05
0.20731006390726E+01     0.17418123046875E+05
0.20829190759637E+01     0.16125056640625E+05
0.20927375128547E+01     0.14846695312500E+05
0.21025559497458E+01     0.13589016601563E+05
0.21123743866368E+01     0.19778593750000E+04
0.21221928235278E+01     0.17006295166016E+04
0.21320112604189E+01     0.14448824462891E+04
0.21418296973099E+01     0.12118275146484E+04
0.21516481342010E+01     0.10020393066406E+04
0.21614665710920E+01     0.81563677978516E+03
0.21712850079831E+01     0.65232019042969E+03
0.21811034448741E+01     0.51140957641602E+03
0.21909218817652E+01     0.39188723754883E+03
0.22007403186562E+01     0.29244329833984E+03
0.22105587555473E+01     0.21152001953125E+03
0.22203771924383E+01     0.14736045837402E+03
0.22301956293294E+01     0.98054161071777E+02
0.22400140662204E+01     0.61588397979736E+02
0.22498325031115E+01     0.35897590637207E+02
0.22596509400025E+01     0.18918563842773E+02
0.22694693768935E+01     0.86465711593628E+01
0.22792878137846E+01     0.31969239711761E+01
0.22891062506756E+01     0.87061780691147E+00
0.22989246875667E+01     0.20210969448090E+00
0.23087431244577E+01     0.00000000000000E+00
0.23185615613488E+01     0.00000000000000E+00
0.23283799982398E+01     0.00000000000000E+00
