0.10716200761859E+01     0.00000000000000E+00
0.10814385130769E+01     -.12288185534999E-02
0.10912569499680E+01     -.24541802704334E-02
0.11010753868590E+01     0.27462220168673E-03
0.11108938237501E+01     0.30654927249998E-02
0.11207122606411E+01     0.59192208573222E-02
0.11305306975321E+01     0.88366279378533E-02
0.11403491344232E+01     0.11818928644061E-01
0.11501675713142E+01     0.14866904355586E-01
0.11599860082053E+01     0.17981821671128E-01
0.11698044450963E+01     0.21164258942008E-01
0.11796228819874E+01     0.24415384978056E-01
0.11894413188784E+01     0.27735602110624E-01
0.11992597557695E+01     0.31125921756029E-01
0.12090781926605E+01     0.34586630761623E-01
0.12188966295516E+01     0.38118533790112E-01
0.12287150664426E+01     0.41721832007170E-01
0.12385335033337E+01     0.45397102832794E-01
0.12483519402247E+01     0.49144465476275E-01
0.12581703771157E+01     0.52964255213737E-01
0.12679888140068E+01     0.56856472045183E-01
0.12778072508978E+01     0.60821205377579E-01
0.12876256877889E+01     0.64858287572861E-01
0.12974441246799E+01     0.68967536091805E-01
0.13072625615710E+01     0.73148548603058E-01
0.13170809984620E+01     0.77400840818882E-01
0.13268994353531E+01     0.81723727285862E-01
0.13367178722441E+01     0.86116343736649E-01
0.13465363091352E+01     0.90577639639378E-01
0.13563547460262E+01     0.95106326043606E-01
0.13661731829173E+01     0.99700905382633E-01
0.13759916198083E+01     0.10435959696770E+00
0.13858100566994E+01     0.10908033698797E+00
0.13956284935904E+01     0.11386077105999E+00
0.14054469304814E+01     0.11869820207357E+00
0.14152653673725E+01     0.12358959019184E+00
0.14250838042635E+01     0.12853148579597E+00
0.14349022411546E+01     0.13352009654045E+00
0.14447206780456E+01     0.13855110108852E+00
0.14545391149367E+01     0.14361985027790E+00
0.14643575518277E+01     0.14872108399868E+00
0.14741759887188E+01     0.15384922921658E+00
0.14839944256098E+01     0.15899786353111E+00
0.14938128625009E+01     0.16416022181511E+00
0.15036312993919E+01     0.16932895779610E+00
0.15134497362830E+01     0.17449629306793E+00
0.15232681731740E+01     0.17965358495712E+00
0.15330866100651E+01     0.18479190766811E+00
0.15429050469561E+01     0.18990136682987E+00
0.15527234838471E+01     0.19497193396091E+00
0.15625419207382E+01     0.19999252259731E+00
0.15723603576292E+01     0.20495200157166E+00
0.15821787945203E+01     0.20983819663525E+00
0.15919972314113E+01     0.21463958919048E+00
0.16018156683024E+01     0.21934498846531E+00
0.16116341051934E+01     0.22394369542599E+00
0.16214525420845E+01     0.22842440009117E+00
0.16312709789755E+01     0.23277638852596E+00
0.16410894158666E+01     0.23698833584785E+00
0.16509078527576E+01     0.24104969203472E+00
0.16607262896487E+01     0.24494923651218E+00
0.16705447265397E+01     0.24867668747902E+00
0.16803631634308E+01     0.25222110748291E+00
0.16901816003218E+01     0.25557249784470E+00
0.17000000372128E+01     0.25872033834457E+00
0.17098184741039E+01     0.26165512204170E+00
0.17196369109949E+01     0.26436677575111E+00
0.17294553478860E+01     0.26684635877609E+00
0.17392737847770E+01     0.26908445358276E+00
0.17490922216681E+01     0.27107280492783E+00
0.17589106585591E+01     0.27280274033546E+00
0.17687290954502E+01     0.27426695823669E+00
0.17785475323412E+01     0.27545759081841E+00
0.17883659692323E+01     0.27636840939522E+00
0.17981844061233E+01     0.27699264883995E+00
0.18080028430144E+01     0.27732533216476E+00
0.18178212799054E+01     0.27736097574234E+00
0.18276397167965E+01     0.27709591388702E+00
0.18374581536875E+01     0.27652615308762E+00
0.18472765905785E+01     0.27564939856529E+00
0.18570950274696E+01     0.27446332573891E+00
0.18669134643606E+01     0.27296724915504E+00
0.18767319012517E+01     0.27116054296494E+00
0.18865503381427E+01     0.26904425024986E+00
0.18963687750338E+01     0.26661935448647E+00
0.19061872119248E+01     0.26388874650002E+00
0.19160056488159E+01     0.26085513830185E+00
0.19258240857069E+01     0.25752311944962E+00
0.19356425225980E+01     0.25389713048935E+00
0.19454609594890E+01     0.24998350441456E+00
0.19552793963801E+01     0.24578836560249E+00
0.19650978332711E+01     0.24131959676743E+00
0.19749162701621E+01     0.23658491671085E+00
0.19847347070532E+01     0.23159360885620E+00
0.19945531439442E+01     0.22635482251644E+00
0.20043715808353E+01     0.22087900340557E+00
0.20141900177263E+01     0.21517641842365E+00
0.20240084546174E+01     0.20925834774971E+00
0.20338268915084E+01     0.20313586294651E+00
0.20436453283995E+01     0.19682240486145E+00
0.20534637652905E+01     0.19033126533031E+00
0.20632822021816E+01     0.18367569148540E+00
0.20731006390726E+01     0.17686825990677E+00
0.20829190759637E+01     0.16992124915123E+00
0.20927375128547E+01     0.16284620761871E+00
0.21025559497458E+01     0.15565411746502E+00
0.21123743866368E+01     0.14835463464260E+00
0.21221928235278E+01     0.14096847176552E+00
0.21320112604189E+01     0.13350963592529E+00
0.21418296973099E+01     0.12598653137684E+00
0.21516481342010E+01     0.11840681731701E+00
0.21614665710920E+01     0.11077733337879E+00
0.21712850079831E+01     0.10310416668653E+00
0.21811034448741E+01     0.95392636954784E-01
0.21909218817652E+01     0.87647318840027E-01
0.22007403186562E+01     0.79872131347656E-01
0.22105587555473E+01     0.72070270776749E-01
0.22203771924383E+01     0.64244367182255E-01
0.22301956293294E+01     0.56396342813969E-01
0.22400140662204E+01     0.48527672886848E-01
0.22498325031115E+01     0.40639117360115E-01
0.22596509400025E+01     0.32731037586927E-01
0.22694693768935E+01     0.24803109467030E-01
0.22792878137846E+01     0.16854560002685E-01
0.22891062506756E+01     0.88839167729020E-02
0.22989246875667E+01     0.88911369675770E-03
0.23087431244577E+01     -.71327369660139E-02
0.23185615613488E+01     -.35672381054610E-02
0.23283799982398E+01     0.00000000000000E+00
