0.10716200761859E+01     0.00000000000000E+00
0.10814385130769E+01     -.12839455157518E-02
0.10912569499680E+01     -.25114165619016E-02
0.11010753868590E+01     0.21704997925553E-03
0.11108938237501E+01     0.30071516521275E-02
0.11207122606411E+01     0.58595635928214E-02
0.11305306975321E+01     0.87755555287004E-02
0.11403491344232E+01     0.11756102554500E-01
0.11501675713142E+01     0.14802547171712E-01
0.11599860082053E+01     0.17915582284331E-01
0.11698044450963E+01     0.21096445620060E-01
0.11796228819874E+01     0.24345606565475E-01
0.11894413188784E+01     0.27664160355926E-01
0.11992597557695E+01     0.31052429229021E-01
0.12090781926605E+01     0.34511324018240E-01
0.12188966295516E+01     0.38041073828936E-01
0.12287150664426E+01     0.41642375290394E-01
0.12385335033337E+01     0.45315373688936E-01
0.12483519402247E+01     0.49060530960560E-01
0.12581703771157E+01     0.52877906709909E-01
0.12679888140068E+01     0.56767705827951E-01
0.12778072508978E+01     0.60729857534170E-01
0.12876256877889E+01     0.64764305949211E-01
0.12974441246799E+01     0.68870782852173E-01
0.13072625615710E+01     0.73048949241638E-01
0.13170809984620E+01     0.77298276126385E-01
0.13268994353531E+01     0.81618078052998E-01
0.13367178722441E+01     0.86007513105869E-01
0.13465363091352E+01     0.90465500950813E-01
0.13563547460262E+01     0.94990782439709E-01
0.13661731829173E+01     0.99581830203533E-01
0.13759916198083E+01     0.10423687845469E+00
0.13858100566994E+01     0.10895386338234E+00
0.13956284935904E+01     0.11373042315245E+00
0.14054469304814E+01     0.11856387555599E+00
0.14152653673725E+01     0.12345115840435E+00
0.14250838042635E+01     0.12838885188103E+00
0.14349022411546E+01     0.13337312638760E+00
0.14447206780456E+01     0.13839972019196E+00
0.14545391149367E+01     0.14346390962601E+00
0.14643575518277E+01     0.14856056869030E+00
0.14741759887188E+01     0.15368406474590E+00
0.14839944256098E+01     0.15882804989815E+00
0.14938128625009E+01     0.16398547589779E+00
0.15036312993919E+01     0.16914942860603E+00
0.15134497362830E+01     0.17431183159351E+00
0.15232681731740E+01     0.17946434020996E+00
0.15330866100651E+01     0.18459771573544E+00
0.15429050469561E+01     0.18970246613026E+00
0.15527234838471E+01     0.19476814568043E+00
0.15625419207382E+01     0.19978415966034E+00
0.15723603576292E+01     0.20473892986774E+00
0.15821787945203E+01     0.20962080359459E+00
0.15919972314113E+01     0.21441768109798E+00
0.16018156683024E+01     0.21911893785000E+00
0.16116341051934E+01     0.22371332347393E+00
0.16214525420845E+01     0.22819010913372E+00
0.16312709789755E+01     0.23253798484802E+00
0.16410894158666E+01     0.23674629628658E+00
0.16509078527576E+01     0.24080377817154E+00
0.16607262896487E+01     0.24469998478889E+00
0.16705447265397E+01     0.24842385947704E+00
0.16803631634308E+01     0.25196522474289E+00
0.16901816003218E+01     0.25531339645386E+00
0.17000000372128E+01     0.25845855474472E+00
0.17098184741039E+01     0.26139044761658E+00
0.17196369109949E+01     0.26409980654716E+00
0.17294553478860E+01     0.26657688617706E+00
0.17392737847770E+01     0.26881313323975E+00
0.17490922216681E+01     0.27079942822456E+00
0.17589106585591E+01     0.27252799272537E+00
0.17687290954502E+01     0.27399060130119E+00
0.17785475323412E+01     0.27518039941788E+00
0.17883659692323E+01     0.27609014511108E+00
0.17981844061233E+01     0.27671411633492E+00
0.18080028430144E+01     0.27704629302025E+00
0.18178212799054E+01     0.27708223462105E+00
0.18276397167965E+01     0.27681723237038E+00
0.18374581536875E+01     0.27624833583832E+00
0.18472765905785E+01     0.27537232637405E+00
0.18570950274696E+01     0.27418771386147E+00
0.18669134643606E+01     0.27269300818443E+00
0.18767319012517E+01     0.27088841795921E+00
0.18865503381427E+01     0.26877412199974E+00
0.18963687750338E+01     0.26635202765465E+00
0.19061872119248E+01     0.26362401247025E+00
0.19160056488159E+01     0.26059380173683E+00
0.19258240857069E+01     0.25726503133774E+00
0.19356425225980E+01     0.25364306569099E+00
0.19454609594890E+01     0.24973328411579E+00
0.19552793963801E+01     0.24554273486137E+00
0.19650978332711E+01     0.24107839167118E+00
0.19749162701621E+01     0.23634883761406E+00
0.19847347070532E+01     0.23136252164841E+00
0.19945531439442E+01     0.22612932324409E+00
0.20043715808353E+01     0.22065900266171E+00
0.20141900177263E+01     0.21496243774891E+00
0.20240084546174E+01     0.20905032753944E+00
0.20338268915084E+01     0.20293420553207E+00
0.20436453283995E+01     0.19662714004517E+00
0.20534637652905E+01     0.19014276564121E+00
0.20632822021816E+01     0.18349397182465E+00
0.20731006390726E+01     0.17669355869293E+00
0.20829190759637E+01     0.16975358128548E+00
0.20927375128547E+01     0.16268572211266E+00
0.21025559497458E+01     0.15550091862679E+00
0.21123743866368E+01     0.14820881187916E+00
0.21221928235278E+01     0.14083014428616E+00
0.21320112604189E+01     0.13337878882885E+00
0.21418296973099E+01     0.12586319446564E+00
0.21516481342010E+01     0.11829093843699E+00
0.21614665710920E+01     0.11066887527704E+00
0.21712850079831E+01     0.10300303995609E+00
0.21811034448741E+01     0.95298774540424E-01
0.21909218817652E+01     0.87560661137104E-01
0.22007403186562E+01     0.79792581498623E-01
0.22105587555473E+01     0.71997791528702E-01
0.22203771924383E+01     0.64178839325905E-01
0.22301956293294E+01     0.56337777525187E-01
0.22400140662204E+01     0.48475943505764E-01
0.22498325031115E+01     0.40594249963760E-01
0.22596509400025E+01     0.32692920416594E-01
0.22694693768935E+01     0.24771766737103E-01
0.22792878137846E+01     0.16829904168844E-01
0.22891062506756E+01     0.88659198954701E-02
0.22989246875667E+01     0.87760400492698E-03
0.23087431244577E+01     -.71381744928658E-02
0.23185615613488E+01     -.35717231221497E-02
0.23283799982398E+01     0.00000000000000E+00
