0.10716200761859E+01     0.00000000000000E+00
0.10814385130769E+01     0.00000000000000E+00
0.10912569499680E+01     0.00000000000000E+00
0.11010753868590E+01     0.15140721250000E+07
0.11108938237501E+01     0.14885965000000E+07
0.11207122606411E+01     0.14638227500000E+07
0.11305306975321E+01     0.14397325000000E+07
0.11403491344232E+01     0.14163042500000E+07
0.11501675713142E+01     0.13935182500000E+07
0.11599860082053E+01     0.13713536250000E+07
0.11698044450963E+01     0.13497910000000E+07
0.11796228819874E+01     0.13288115000000E+07
0.11894413188784E+01     0.13083972500000E+07
0.11992597557695E+01     0.12885313750000E+07
0.12090781926605E+01     0.12691971250000E+07
0.12188966295516E+01     0.12503797500000E+07
0.12287150664426E+01     0.12320636250000E+07
0.12385335033337E+01     0.12142355000000E+07
0.12483519402247E+01     0.11968813750000E+07
0.12581703771157E+01     0.11799887500000E+07
0.12679888140068E+01     0.11635450000000E+07
0.12778072508978E+01     0.11475388750000E+07
0.12876256877889E+01     0.11319582500000E+07
0.12974441246799E+01     0.11167930000000E+07
0.13072625615710E+01     0.11020321250000E+07
0.13170809984620E+01     0.10876656250000E+07
0.13268994353531E+01     0.10736837500000E+07
0.13367178722441E+01     0.10600768750000E+07
0.13465363091352E+01     0.10468358125000E+07
0.13563547460262E+01     0.10339515000000E+07
0.13661731829173E+01     0.10214153125000E+07
0.13759916198083E+01     0.10092183125000E+07
0.13858100566994E+01     0.99735218750000E+06
0.13956284935904E+01     0.98580856250000E+06
0.14054469304814E+01     0.97457912500000E+06
0.14152653673725E+01     0.96365543750000E+06
0.14250838042635E+01     0.95302931250000E+06
0.14349022411546E+01     0.94269237500000E+06
0.14447206780456E+01     0.93263643750000E+06
0.14545391149367E+01     0.92285268750000E+06
0.14643575518277E+01     0.91333293750000E+06
0.14741759887188E+01     0.90406506250000E+06
0.14839944256098E+01     0.89504406250000E+06
0.14938128625009E+01     0.88625687500000E+06
0.15036312993919E+01     0.87769618750000E+06
0.15134497362830E+01     0.86935056250000E+06
0.15232681731740E+01     0.86120950000000E+06
0.15330866100651E+01     0.85326137500000E+06
0.15429050469561E+01     0.84549512500000E+06
0.15527234838471E+01     0.83789875000000E+06
0.15625419207382E+01     0.83046025000000E+06
0.15723603576292E+01     0.82316712500000E+06
0.15821787945203E+01     0.81600975000000E+06
0.15919972314113E+01     0.80896987500000E+06
0.16018156683024E+01     0.80203950000000E+06
0.16116341051934E+01     0.79520800000000E+06
0.16214525420845E+01     0.78846468750000E+06
0.16312709789755E+01     0.78179906250000E+06
0.16410894158666E+01     0.77520118750000E+06
0.16509078527576E+01     0.76866131250000E+06
0.16607262896487E+01     0.76216987500000E+06
0.16705447265397E+01     0.75571818750000E+06
0.16803631634308E+01     0.74929743750000E+06
0.16901816003218E+01     0.74289981250000E+06
0.17000000372128E+01     0.73651743750000E+06
0.17098184741039E+01     0.73014368750000E+06
0.17196369109949E+01     0.72377156250000E+06
0.17294553478860E+01     0.71739568750000E+06
0.17392737847770E+01     0.71101018750000E+06
0.17490922216681E+01     0.70461075000000E+06
0.17589106585591E+01     0.69819287500000E+06
0.17687290954502E+01     0.69175350000000E+06
0.17785475323412E+01     0.68528925000000E+06
0.17883659692323E+01     0.67879862500000E+06
0.17981844061233E+01     0.67227950000000E+06
0.18080028430144E+01     0.66573187500000E+06
0.18178212799054E+01     0.65915512500000E+06
0.18276397167965E+01     0.65255062500000E+06
0.18374581536875E+01     0.64591918750000E+06
0.18472765905785E+01     0.63926362500000E+06
0.18570950274696E+01     0.63258612500000E+06
0.18669134643606E+01     0.62589093750000E+06
0.18767319012517E+01     0.61918168750000E+06
0.18865503381427E+01     0.61246387500000E+06
0.18963687750338E+01     0.60574237500000E+06
0.19061872119248E+01     0.59902362500000E+06
0.19160056488159E+01     0.59231350000000E+06
0.19258240857069E+01     0.58561943750000E+06
0.19356425225980E+01     0.57894800000000E+06
0.19454609594890E+01     0.57230712500000E+06
0.19552793963801E+01     0.56570400000000E+06
0.19650978332711E+01     0.55914656250000E+06
0.19749162701621E+01     0.55264231250000E+06
0.19847347070532E+01     0.54619881250000E+06
0.19945531439442E+01     0.53982318750000E+06
0.20043715808353E+01     0.53352243750000E+06
0.20141900177263E+01     0.52730325000000E+06
0.20240084546174E+01     0.52117165625000E+06
0.20338268915084E+01     0.51513128125000E+06
0.20436453283995E+01     0.50919159375000E+06
0.20534637652905E+01     0.50335600000000E+06
0.20632822021816E+01     0.49762850000000E+06
0.20731006390726E+01     0.49201309375000E+06
0.20829190759637E+01     0.48651221875000E+06
0.20927375128547E+01     0.48112859375000E+06
0.21025559497458E+01     0.47586778125000E+06
0.21123743866368E+01     0.46742253125000E+06
0.21221928235278E+01     0.46240490625000E+06
0.21320112604189E+01     0.45748171875000E+06
0.21418296973099E+01     0.45268412500000E+06
0.21516481342010E+01     0.44801093750000E+06
0.21614665710920E+01     0.44346062500000E+06
0.21712850079831E+01     0.43903115625000E+06
0.21811034448741E+01     0.43472071875000E+06
0.21909218817652E+01     0.43052693750000E+06
0.22007403186562E+01     0.42644771875000E+06
0.22105587555473E+01     0.42248053125000E+06
0.22203771924383E+01     0.41862321875000E+06
0.22301956293294E+01     0.41487334375000E+06
0.22400140662204E+01     0.41122887500000E+06
0.22498325031115E+01     0.40768765625000E+06
0.22596509400025E+01     0.40424756250000E+06
0.22694693768935E+01     0.40090675000000E+06
0.22792878137846E+01     0.39766321875000E+06
0.22891062506756E+01     0.39451528125000E+06
0.22989246875667E+01     0.39146150000000E+06
0.23087431244577E+01     0.00000000000000E+00
0.23185615613488E+01     0.00000000000000E+00
0.23283799982398E+01     0.00000000000000E+00
