0.10716200761859E+01     0.00000000000000E+00
0.10814385130769E+01     0.00000000000000E+00
0.10912569499680E+01     0.00000000000000E+00
0.11010753868590E+01     0.87502448877785E-04
0.11108938237501E+01     0.11853126343340E-02
0.11207122606411E+01     0.22332353983074E-02
0.11305306975321E+01     0.30770387966186E-02
0.11403491344232E+01     0.38166695740074E-02
0.11501675713142E+01     0.42461445555091E-02
0.11599860082053E+01     0.45544123277068E-02
0.11698044450963E+01     0.45530567876995E-02
0.11796228819874E+01     0.44494792819023E-02
0.11894413188784E+01     0.41230339556932E-02
0.11992597557695E+01     0.37350500933826E-02
0.12090781926605E+01     0.32470684964210E-02
0.12188966295516E+01     0.27408055029809E-02
0.12287150664426E+01     0.22432866971940E-02
0.12385335033337E+01     0.17591628711671E-02
0.12483519402247E+01     0.13499595224857E-02
0.12581703771157E+01     0.96932792803273E-03
0.12679888140068E+01     0.68475451553240E-03
0.12778072508978E+01     0.43030609958805E-03
0.12876256877889E+01     0.26209259522147E-03
0.12974441246799E+01     0.11808467388619E-03
0.13072625615710E+01     0.37321467971196E-04
0.13170809984620E+01     -.27065385438618E-04
0.13268994353531E+01     -.51306502427906E-04
0.13367178722441E+01     -.65653024648782E-04
0.13465363091352E+01     -.56903121731011E-04
0.13563547460262E+01     -.42312396544730E-04
0.13661731829173E+01     -.14570679013559E-04
0.13759916198083E+01     0.17199356079800E-04
0.13858100566994E+01     0.57737179304240E-04
0.13956284935904E+01     0.10209937317995E-03
0.14054469304814E+01     0.15426138998009E-03
0.14152653673725E+01     0.21081577870063E-03
0.14250838042635E+01     0.27563734329306E-03
0.14349022411546E+01     0.34561913344078E-03
0.14447206780456E+01     0.42410893365741E-03
0.14545391149367E+01     0.50812738481909E-03
0.14643575518277E+01     0.59960503131151E-03
0.14741759887188E+01     0.69623655872419E-03
0.14839944256098E+01     0.79786701826379E-03
0.14938128625009E+01     0.90401282068342E-03
0.15036312993919E+01     0.10115910554305E-02
0.15134497362830E+01     0.11224647751078E-02
0.15232681731740E+01     0.12308098375797E-02
0.15330866100651E+01     0.13410748215392E-02
0.15429050469561E+01     0.14454645570368E-02
0.15527234838471E+01     0.15506488271058E-02
0.15625419207382E+01     0.16476453747600E-02
0.15723603576292E+01     0.17446604324505E-02
0.15821787945203E+01     0.18322863616049E-02
0.15919972314113E+01     0.19192865584046E-02
0.16018156683024E+01     0.19962817896158E-02
0.16116341051934E+01     0.20724865607917E-02
0.16214525420845E+01     0.21387250162661E-02
0.16312709789755E+01     0.22041574120522E-02
0.16410894158666E+01     0.22599687799811E-02
0.16509078527576E+01     0.23151247296482E-02
0.16607262896487E+01     0.23611022625118E-02
0.16705447265397E+01     0.24066853802651E-02
0.16803631634308E+01     0.24435445666313E-02
0.16901816003218E+01     0.24803215637803E-02
0.17000000372128E+01     0.25088074617088E-02
0.17098184741039E+01     0.25375143159181E-02
0.17196369109949E+01     0.25582548696548E-02
0.17294553478860E+01     0.25794869288802E-02
0.17392737847770E+01     0.25929447729141E-02
0.17490922216681E+01     0.26071046013385E-02
0.17589106585591E+01     0.26135360822082E-02
0.17687290954502E+01     0.26208008639514E-02
0.17785475323412E+01     0.26202511508018E-02
0.17883659692323E+01     0.26206073816866E-02
0.17981844061233E+01     0.26129726320505E-02
0.18080028430144E+01     0.26062638498843E-02
0.18178212799054E+01     0.25913459248841E-02
0.18276397167965E+01     0.25773453526199E-02
0.18374581536875E+01     0.25548948906362E-02
0.18472765905785E+01     0.25333338417113E-02
0.18570950274696E+01     0.25030190590769E-02
0.18669134643606E+01     0.24735433980823E-02
0.18767319012517E+01     0.24348148144782E-02
0.18865503381427E+01     0.23968389723450E-02
0.18963687750338E+01     0.23486639838666E-02
0.19061872119248E+01     0.23010985460132E-02
0.19160056488159E+01     0.22416245192289E-02
0.19258240857069E+01     0.21825756411999E-02
0.19356425225980E+01     0.21089043002576E-02
0.19454609594890E+01     0.20355603192002E-02
0.19552793963801E+01     0.19439769675955E-02
0.19650978332711E+01     0.18530088709667E-02
0.19749162701621E+01     0.17399671487510E-02
0.19847347070532E+01     0.16287053003907E-02
0.19945531439442E+01     0.14926446601748E-02
0.20043715808353E+01     0.13609470333904E-02
0.20141900177263E+01     0.12044712202623E-02
0.20240084546174E+01     0.10567050194368E-02
0.20338268915084E+01     0.88811514433473E-03
0.20436453283995E+01     0.73429488111287E-03
0.20534637652905E+01     0.56778243742883E-03
0.20632822021816E+01     0.42257242603228E-03
0.20731006390726E+01     0.27502534794621E-03
0.20829190759637E+01     0.15450759383384E-03
0.20927375128547E+01     0.41700182919158E-04
0.21025559497458E+01     -.40666207496542E-04
0.21123743866368E+01     -.10742843733169E-03
0.21221928235278E+01     -.14448608271778E-03
0.21320112604189E+01     -.16511966532562E-03
0.21418296973099E+01     -.15872348740231E-03
0.21516481342010E+01     -.13892274000682E-03
0.21614665710920E+01     -.97807554993778E-04
0.21712850079831E+01     -.50770981033565E-04
0.21811034448741E+01     0.10400134669908E-04
0.21909218817652E+01     0.67052489612252E-04
0.22007403186562E+01     0.13037279131822E-03
0.22105587555473E+01     0.17779890913516E-03
0.22203771924383E+01     0.22532122966368E-03
0.22301956293294E+01     0.24744830443524E-03
0.22400140662204E+01     0.26508187875152E-03
0.22498325031115E+01     0.25293446378782E-03
0.22596509400025E+01     0.23452806635760E-03
0.22694693768935E+01     0.18956988060381E-03
0.22792878137846E+01     0.13964441313874E-03
0.22891062506756E+01     0.74175433837809E-04
0.22989246875667E+01     0.74489494181762E-05
0.23087431244577E+01     0.00000000000000E+00
0.23185615613488E+01     0.00000000000000E+00
0.23283799982398E+01     0.00000000000000E+00
