0.10716200761859E+01     0.00000000000000E+00
0.10814385130769E+01     0.00000000000000E+00
0.10912569499680E+01     0.00000000000000E+00
0.11010753868590E+01     0.98611140856519E-04
0.11108938237501E+01     0.11812408920377E-02
0.11207122606411E+01     0.21475909743458E-02
0.11305306975321E+01     0.30342093668878E-02
0.11403491344232E+01     0.36634670104831E-02
0.11501675713142E+01     0.41789212264121E-02
0.11599860082053E+01     0.43866825290024E-02
0.11698044450963E+01     0.44820122420788E-02
0.11796228819874E+01     0.43145501986146E-02
0.11894413188784E+01     0.40647163987160E-02
0.11992597557695E+01     0.36570432130247E-02
0.12090781926605E+01     0.32090528402478E-02
0.12188966295516E+01     0.27182481717318E-02
0.12287150664426E+01     0.22245538420975E-02
0.12385335033337E+01     0.17743482021615E-02
0.12483519402247E+01     0.13446281664073E-02
0.12581703771157E+01     0.10009781690314E-02
0.12679888140068E+01     0.68618659861386E-03
0.12778072508978E+01     0.46243422548287E-03
0.12876256877889E+01     0.26542285922915E-03
0.12974441246799E+01     0.14276739966590E-03
0.13072625615710E+01     0.40086819353746E-04
0.13170809984620E+01     -.11281303159194E-04
0.13268994353531E+01     -.49716385547072E-04
0.13367178722441E+01     -.56791464885464E-04
0.13465363091352E+01     -.56106349802576E-04
0.13563547460262E+01     -.37446432543220E-04
0.13661731829173E+01     -.13854044482287E-04
0.13759916198083E+01     0.20613299057004E-04
0.13858100566994E+01     0.59030386182712E-04
0.13956284935904E+01     0.10571788880043E-03
0.14054469304814E+01     0.15653816808481E-03
0.14152653673725E+01     0.21533928520512E-03
0.14250838042635E+01     0.27897328254767E-03
0.14349022411546E+01     0.35089996526949E-03
0.14447206780456E+01     0.42825093260035E-03
0.14545391149367E+01     0.51341799553484E-03
0.14643575518277E+01     0.60406635748222E-03
0.14741759887188E+01     0.70057058474049E-03
0.14839944256098E+01     0.80197060015053E-03
0.14938128625009E+01     0.90645923046395E-03
0.15036312993919E+01     0.10148742003366E-02
0.15134497362830E+01     0.11225707130507E-02
0.15232681731740E+01     0.12328855227679E-02
0.15330866100651E+01     0.13388731749728E-02
0.15429050469561E+01     0.14462125254795E-02
0.15527234838471E+01     0.15464774332941E-02
0.15625419207382E+01     0.16471429262310E-02
0.15723603576292E+01     0.17390402499586E-02
0.15821787945203E+01     0.18307623686269E-02
0.15919972314113E+01     0.19127437844872E-02
0.16018156683024E+01     0.19940217025578E-02
0.16116341051934E+01     0.20654301624745E-02
0.16214525420845E+01     0.21360267419368E-02
0.16312709789755E+01     0.21969375666231E-02
0.16410894158666E+01     0.22571098525077E-02
0.16509078527576E+01     0.23079703096300E-02
0.16607262896487E+01     0.23582964204252E-02
0.16705447265397E+01     0.23997470270842E-02
0.16803631634308E+01     0.24409443140030E-02
0.16901816003218E+01     0.24736959021538E-02
0.17000000372128E+01     0.25064980145544E-02
0.17098184741039E+01     0.25312057696283E-02
0.17196369109949E+01     0.25562536902726E-02
0.17294553478860E+01     0.25734507944435E-02
0.17392737847770E+01     0.25912316050380E-02
0.17490922216681E+01     0.26012710295618E-02
0.17589106585591E+01     0.26120713446289E-02
0.17687290954502E+01     0.26150990743190E-02
0.17785475323412E+01     0.26189922355115E-02
0.17883659692323E+01     0.26149821933359E-02
0.17981844061233E+01     0.26118820533156E-02
0.18080028430144E+01     0.26006812695414E-02
0.18178212799054E+01     0.25903992354870E-02
0.18276397167965E+01     0.25717907119542E-02
0.18374581536875E+01     0.25540872011334E-02
0.18472765905785E+01     0.25277938693762E-02
0.18570950274696E+01     0.25023745838553E-02
0.18669134643606E+01     0.24679808411747E-02
0.18767319012517E+01     0.24344068951905E-02
0.18865503381427E+01     0.23911704774946E-02
0.18963687750338E+01     0.23486588615924E-02
0.19061872119248E+01     0.22952121216804E-02
0.19160056488159E+01     0.22423621267080E-02
0.19258240857069E+01     0.21764361299574E-02
0.19356425225980E+01     0.21110153757036E-02
0.19454609594890E+01     0.20294284913689E-02
0.19552793963801E+01     0.19485097145662E-02
0.19650978332711E+01     0.18477430567145E-02
0.19749162701621E+01     0.17484499840066E-02
0.19847347070532E+01     0.16259968979284E-02
0.19945531439442E+01     0.15069688670337E-02
0.20043715808353E+01     0.13632635818794E-02
0.20141900177263E+01     0.12265150435269E-02
0.20240084546174E+01     0.10667651658878E-02
0.20338268915084E+01     0.91912102652714E-03
0.20436453283995E+01     0.75412227306515E-03
0.20534637652905E+01     0.60767133254558E-03
0.20632822021816E+01     0.45249040704221E-03
0.20731006390726E+01     0.32201633439399E-03
0.20829190759637E+01     0.19257827079855E-03
0.20927375128547E+01     0.92439026047941E-04
0.21025559497458E+01     0.16218483551711E-05
0.21123743866368E+01     -.57594032114139E-04
0.21221928235278E+01     -.10323165770387E-03
0.21320112604189E+01     -.11972504580626E-03
0.21418296973099E+01     -.12274000619072E-03
0.21516481342010E+01     -.10097563063027E-03
0.21614665710920E+01     -.70528236392420E-04
0.21712850079831E+01     -.21775373170385E-04
0.21811034448741E+01     0.27189700631425E-04
0.21909218817652E+01     0.87083535618149E-04
0.22007403186562E+01     0.13663561549038E-03
0.22105587555473E+01     0.18999321036972E-03
0.22203771924383E+01     0.22276728122961E-03
0.22301956293294E+01     0.25364142493345E-03
0.22400140662204E+01     0.25704345898703E-03
0.22498325031115E+01     0.25525136152282E-03
0.22596509400025E+01     0.22538503981195E-03
0.22694693768935E+01     0.18998826271854E-03
0.22792878137846E+01     0.13356833369471E-03
0.22891062506756E+01     0.73937000706792E-04
0.22989246875667E+01     0.64563278101559E-05
0.23087431244577E+01     0.00000000000000E+00
0.23185615613488E+01     0.00000000000000E+00
0.23283799982398E+01     0.00000000000000E+00
