0.10716200761859E+01     0.66227730499785E+19
0.10814385130769E+01     0.66227730499785E+19
0.10912569499680E+01     0.66227730499785E+19
0.11010753868590E+01     0.79931664096874E+18
0.11108938237501E+01     0.17601225404386E+19
0.11207122606411E+01     0.22627071064717E+19
0.11305306975321E+01     0.28751781015354E+19
0.11403491344232E+01     0.34992919626646E+19
0.11501675713142E+01     0.41499837686161E+19
0.11599860082053E+01     0.48365526389820E+19
0.11698044450963E+01     0.55578157741286E+19
0.11796228819874E+01     0.63163386095615E+19
0.11894413188784E+01     0.71128594673387E+19
0.11992597557695E+01     0.79482040806927E+19
0.12090781926605E+01     0.88228611825420E+19
0.12188966295516E+01     0.97373409462819E+19
0.12287150664426E+01     0.10691922647866E+20
0.12385335033337E+01     0.11686977372468E+20
0.12483519402247E+01     0.12722652454647E+20
0.12581703771157E+01     0.13799105124566E+20
0.12679888140068E+01     0.14916307894432E+20
0.12778072508978E+01     0.16074193694039E+20
0.12876256877889E+01     0.17272525028873E+20
0.12974441246799E+01     0.18510975343981E+20
0.13072625615710E+01     0.19789049859131E+20
0.13170809984620E+01     0.21106117454649E+20
0.13268994353531E+01     0.22461360093882E+20
0.13367178722441E+01     0.23853792614414E+20
0.13465363091352E+01     0.25282229742709E+20
0.13563547460262E+01     0.26745268501930E+20
0.13661731829173E+01     0.28241301406078E+20
0.13759916198083E+01     0.29768472479524E+20
0.13858100566994E+01     0.31324694849199E+20
0.13956284935904E+01     0.32907637550452E+20
0.14054469304814E+01     0.34514716730958E+20
0.14152653673725E+01     0.36143095650718E+20
0.14250838042635E+01     0.37789717667405E+20
0.14349022411546E+01     0.39451326027580E+20
0.14447206780456E+01     0.41124545230543E+20
0.14545391149367E+01     0.42806186692575E+20
0.14643575518277E+01     0.44496030511351E+20
0.14741759887188E+01     0.46051843862700E+20
0.14839944256098E+01     0.47837015339604E+20
0.14938128625009E+01     0.49509500068800E+20
0.15036312993919E+01     0.51165452541161E+20
0.15134497362830E+01     0.52802568180315E+20
0.15232681731740E+01     0.54416805181518E+20
0.15330866100651E+01     0.56004016186910E+20
0.15429050469561E+01     0.57560014256213E+20
0.15527234838471E+01     0.59080867535846E+20
0.15625419207382E+01     0.60562784909716E+20
0.15723603576292E+01     0.62002331503498E+20
0.15821787945203E+01     0.63401820689657E+20
0.15919972314113E+01     0.64804260965025E+20
0.16018156683024E+01     0.66187085952953E+20
0.16116341051934E+01     0.67522728697910E+20
0.16214525420845E+01     0.68794305099340E+20
0.16312709789755E+01     0.69992662822453E+20
0.16410894158666E+01     0.71113689693761E+20
0.16509078527576E+01     0.72156871141823E+20
0.16607262896487E+01     0.73123799259475E+20
0.16705447265397E+01     0.74017574669508E+20
0.16803631634308E+01     0.74841944507550E+20
0.16901816003218E+01     0.75601091315831E+20
0.17000000372128E+01     0.76299096481516E+20
0.17098184741039E+01     0.76939944634742E+20
0.17196369109949E+01     0.77527101436160E+20
0.17294553478860E+01     0.78063680702701E+20
0.17392737847770E+01     0.78552145340410E+20
0.17490922216681E+01     0.78994500858497E+20
0.17589106585591E+01     0.79392057874822E+20
0.17687290954502E+01     0.79745739979152E+20
0.17785475323412E+01     0.80055855034743E+20
0.17883659692323E+01     0.80322447022060E+20
0.17981844061233E+01     0.80545111320824E+20
0.18080028430144E+01     0.80723355349826E+20
0.18178212799054E+01     0.80856457829438E+20
0.18276397167965E+01     0.80943864605800E+20
0.18374581536875E+01     0.80984986340678E+20
0.18472765905785E+01     0.80979629520028E+20
0.18570950274696E+01     0.80927838124313E+20
0.18669134643606E+01     0.80830219083953E+20
0.18767319012517E+01     0.80687792745737E+20
0.18865503381427E+01     0.80502247959527E+20
0.18963687750338E+01     0.80275730972019E+20
0.19061872119248E+01     0.80011003756422E+20
0.19160056488159E+01     0.79711109760923E+20
0.19258240857069E+01     0.79379400296963E+20
0.19356425225980E+01     0.79019033161936E+20
0.19454609594890E+01     0.78632805513424E+20
0.19552793963801E+01     0.78222458977845E+20
0.19650978332711E+01     0.77788292622362E+20
0.19749162701621E+01     0.77328362510416E+20
0.19847347070532E+01     0.76838085877545E+20
0.19945531439442E+01     0.76309511055654E+20
0.20043715808353E+01     0.75731264696467E+20
0.20141900177263E+01     0.75088446218404E+20
0.20240084546174E+01     0.74363393066677E+20
0.20338268915084E+01     0.73555155263238E+20
0.20436453283995E+01     0.72691273375341E+20
0.20534637652905E+01     0.71768734741125E+20
0.20632822021816E+01     0.70783145712126E+20
0.20731006390726E+01     0.69729923523880E+20
0.20829190759637E+01     0.68604586566990E+20
0.20927375128547E+01     0.67402771979320E+20
0.21025559497458E+01     0.66120402771751E+20
0.21123743866368E+01     0.21568130041617E+20
0.21221928235278E+01     0.20471250644678E+20
0.21320112604189E+01     0.19340099470301E+20
0.21418296973099E+01     0.18180993212788E+20
0.21516481342010E+01     0.16999294190347E+20
0.21614665710920E+01     0.15800403204095E+20
0.21712850079831E+01     0.14589789224867E+20
0.21811034448741E+01     0.13373019080035E+20
0.21909218817652E+01     0.12155769548133E+20
0.22007403186562E+01     0.10943893329557E+20
0.22105587555473E+01     0.97434674250719E+19
0.22203771924383E+01     0.85608937411314E+19
0.22301956293294E+01     0.74029342742461E+19
0.22400140662204E+01     0.62768194128802E+19
0.22498325031115E+01     0.51902946666957E+19
0.22596509400025E+01     0.41517152245519E+19
0.22694693768935E+01     0.31699255579829E+19
0.22792878137846E+01     0.22535704397228E+19
0.22891062506756E+01     0.14060947771406E+19
0.22989246875667E+01     0.48702791960914E+18
0.23087431244577E+01     0.66227730499785E+19
0.23185615613488E+01     0.66227730499785E+19
0.23283799982398E+01     0.66227730499785E+19
