0.10716200761859E+01     0.22154500456395E-07
0.10814385130769E+01     0.22154500456395E-07
0.10912569499680E+01     0.22154500456395E-07
0.11010753868590E+01     0.25818611693040E-08
0.11108938237501E+01     0.58504867617160E-08
0.11207122606411E+01     0.75286914480444E-08
0.11305306975321E+01     0.95727479276775E-08
0.11403491344232E+01     0.11659432530564E-07
0.11501675713142E+01     0.13832977430184E-07
0.11599860082053E+01     0.16126387336612E-07
0.11698044450963E+01     0.18535931900487E-07
0.11796228819874E+01     0.21069681110930E-07
0.11894413188784E+01     0.23730708065273E-07
0.11992597557695E+01     0.26521153273507E-07
0.12090781926605E+01     0.29443228299897E-07
0.12188966295516E+01     0.32498046920182E-07
0.12287150664426E+01     0.35687079957825E-07
0.12385335033337E+01     0.39011091246266E-07
0.12483519402247E+01     0.42470951200357E-07
0.12581703771157E+01     0.46066841008496E-07
0.12679888140068E+01     0.49798906331944E-07
0.12778072508978E+01     0.53666699528776E-07
0.12876256877889E+01     0.57669549136108E-07
0.12974441246799E+01     0.61806233020434E-07
0.13072625615710E+01     0.66075116933462E-07
0.13170809984620E+01     0.70474001745424E-07
0.13268994353531E+01     0.75000123445079E-07
0.13367178722441E+01     0.79650099849005E-07
0.13465363091352E+01     0.84419845336470E-07
0.13563547460262E+01     0.89304577954863E-07
0.13661731829173E+01     0.94298684416572E-07
0.13759916198083E+01     0.99395720098983E-07
0.13858100566994E+01     0.10458830956850E-06
0.13956284935904E+01     0.10986806131541E-06
0.14054469304814E+01     0.11522539011821E-06
0.14152653673725E+01     0.12064923282651E-06
0.14250838042635E+01     0.12612647992682E-06
0.14349022411546E+01     0.13164046208658E-06
0.14447206780456E+01     0.13716638136430E-06
0.14545391149367E+01     0.14265390291257E-06
0.14643575518277E+01     0.14792848901379E-06
0.14741759887188E+01     0.15191000102277E-06
0.14839944256098E+01     0.16048502970989E-06
0.14938128625009E+01     0.16580942485689E-06
0.15036312993919E+01     0.17123763029758E-06
0.15134497362830E+01     0.17665387019861E-06
0.15232681731740E+01     0.18201598095402E-06
0.15330866100651E+01     0.18729927830918E-06
0.15429050469561E+01     0.19248530236382E-06
0.15527234838471E+01     0.19755819380407E-06
0.15625419207382E+01     0.20250419652257E-06
0.15723603576292E+01     0.20731067706947E-06
0.15821787945203E+01     0.21198096078479E-06
0.15919972314113E+01     0.21665748306532E-06
0.16018156683024E+01     0.22127363763502E-06
0.16116341051934E+01     0.22573563285277E-06
0.16214525420845E+01     0.22998639792604E-06
0.16312709789755E+01     0.23399400106427E-06
0.16410894158666E+01     0.23774451562986E-06
0.16509078527576E+01     0.24123528419295E-06
0.16607262896487E+01     0.24447169266750E-06
0.16705447265397E+01     0.24746341864557E-06
0.16803631634308E+01     0.25022319505297E-06
0.16901816003218E+01     0.25276449377998E-06
0.17000000372128E+01     0.25510126988593E-06
0.17098184741039E+01     0.25724636998348E-06
0.17196369109949E+01     0.25921175961230E-06
0.17294553478860E+01     0.26100747163582E-06
0.17392737847770E+01     0.26264211783200E-06
0.17490922216681E+01     0.26412203624204E-06
0.17589106585591E+01     0.26545208697826E-06
0.17687290954502E+01     0.26663497010304E-06
0.17785475323412E+01     0.26767222038870E-06
0.17883659692323E+01     0.26856358203986E-06
0.17981844061233E+01     0.26930820240523E-06
0.18080028430144E+01     0.26990414880856E-06
0.18178212799054E+01     0.27034946015192E-06
0.18276397167965E+01     0.27064189112025E-06
0.18374581536875E+01     0.27078002062808E-06
0.18472765905785E+01     0.27076285391558E-06
0.18570950274696E+01     0.27059095941695E-06
0.18669134643606E+01     0.27026604243474E-06
0.18767319012517E+01     0.26979191147802E-06
0.18865503381427E+01     0.26917388140646E-06
0.18963687750338E+01     0.26841942712963E-06
0.19061872119248E+01     0.26753738779917E-06
0.19160056488159E+01     0.26653827944756E-06
0.19258240857069E+01     0.26543281705926E-06
0.19356425225980E+01     0.26423180088386E-06
0.19454609594890E+01     0.26294401322957E-06
0.19552793963801E+01     0.26157536581195E-06
0.19650978332711E+01     0.26012634180006E-06
0.19749162701621E+01     0.25859046104415E-06
0.19847347070532E+01     0.25695175054352E-06
0.19945531439442E+01     0.25518374968669E-06
0.20043715808353E+01     0.25324789021397E-06
0.20141900177263E+01     0.25109457624239E-06
0.20240084546174E+01     0.24866452008609E-06
0.20338268915084E+01     0.24596030812063E-06
0.20436453283995E+01     0.24307075818797E-06
0.20534637652905E+01     0.23998492792998E-06
0.20632822021816E+01     0.23668792437093E-06
0.20731006390726E+01     0.23316469821566E-06
0.20829190759637E+01     0.22940015753647E-06
0.20927375128547E+01     0.22537992094840E-06
0.21025559497458E+01     0.22109036024176E-06
0.21123743866368E+01     0.72077440904650E-07
0.21221928235278E+01     0.68409690356930E-07
0.21320112604189E+01     0.64627847962129E-07
0.21418296973099E+01     0.60753002628644E-07
0.21516481342010E+01     0.56802985426430E-07
0.21614665710920E+01     0.52795819271978E-07
0.21712850079831E+01     0.48749729586461E-07
0.21811034448741E+01     0.44683279298852E-07
0.21909218817652E+01     0.40615436347480E-07
0.22007403186562E+01     0.36565701577729E-07
0.22105587555473E+01     0.32554410722696E-07
0.22203771924383E+01     0.28602867629957E-07
0.22301956293294E+01     0.24733722625570E-07
0.22400140662204E+01     0.20971047121066E-07
0.22498325031115E+01     0.17340765268159E-07
0.22596509400025E+01     0.13870706361274E-07
0.22694693768935E+01     0.10590439636360E-07
0.22792878137846E+01     0.75287411860359E-08
0.22891062506756E+01     0.46968668954150E-08
0.22989246875667E+01     0.16218040244098E-08
0.23087431244577E+01     0.22154500456395E-07
0.23185615613488E+01     0.22154500456395E-07
0.23283799982398E+01     0.22154500456395E-07
