0.10716200761859E+01     0.00000000000000E+00
0.10814385130769E+01     0.00000000000000E+00
0.10912569499680E+01     0.00000000000000E+00
0.11010753868590E+01     0.55462088584900E+01
0.11108938237501E+01     0.36328737735748E+01
0.11207122606411E+01     0.46190180778503E+01
0.11305306975321E+01     0.62087211608887E+01
0.11403491344232E+01     0.85865058898926E+01
0.11501675713142E+01     0.11757768630981E+02
0.11599860082053E+01     0.15753002166748E+02
0.11698044450963E+01     0.20636312484741E+02
0.11796228819874E+01     0.26466592788696E+02
0.11894413188784E+01     0.33309490203857E+02
0.11992597557695E+01     0.41234626770020E+02
0.12090781926605E+01     0.50312713623047E+02
0.12188966295516E+01     0.60618370056152E+02
0.12287150664426E+01     0.72226440429688E+02
0.12385335033337E+01     0.85214637756348E+02
0.12483519402247E+01     0.99660675048828E+02
0.12581703771157E+01     0.11564450836182E+03
0.12679888140068E+01     0.13324577331543E+03
0.12778072508978E+01     0.15254533386230E+03
0.12876256877889E+01     0.17362322998047E+03
0.12974441246799E+01     0.19655946350098E+03
0.13072625615710E+01     0.22143255615234E+03
0.13170809984620E+01     0.24831950378418E+03
0.13268994353531E+01     0.27729476928711E+03
0.13367178722441E+01     0.30842959594727E+03
0.13465363091352E+01     0.34179132080078E+03
0.13563547460262E+01     0.37744216918945E+03
0.13661731829173E+01     0.41543859863281E+03
0.13759916198083E+01     0.45582992553711E+03
0.13858100566994E+01     0.49865744018555E+03
0.13956284935904E+01     0.54395330810547E+03
0.14054469304814E+01     0.59173901367188E+03
0.14152653673725E+01     0.64202453613281E+03
0.14250838042635E+01     0.69480688476563E+03
0.14349022411546E+01     0.75006994628906E+03
0.14447206780456E+01     0.80778308105469E+03
0.14545391149367E+01     0.86790582275391E+03
0.14643575518277E+01     0.93042443847656E+03
0.14741759887188E+01     0.99327593994141E+03
0.14839944256098E+01     0.10616246337891E+04
0.14938128625009E+01     0.11305042724609E+04
0.15036312993919E+01     0.12012124023438E+04
0.15134497362830E+01     0.12736163330078E+04
0.15232681731740E+01     0.13475350341797E+04
0.15330866100651E+01     0.14227675781250E+04
0.15429050469561E+01     0.14990887451172E+04
0.15527234838471E+01     0.15762600097656E+04
0.15625419207382E+01     0.16540201416016E+04
0.15723603576292E+01     0.17320992431641E+04
0.15821787945203E+01     0.18103122558594E+04
0.15919972314113E+01     0.18892677001953E+04
0.16018156683024E+01     0.19683385009766E+04
0.16116341051934E+01     0.20467590332031E+04
0.16214525420845E+01     0.21239291992188E+04
0.16312709789755E+01     0.21993881835938E+04
0.16410894158666E+01     0.22727604980469E+04
0.16509078527576E+01     0.23437502441406E+04
0.16607262896487E+01     0.24121005859375E+04
0.16705447265397E+01     0.24776015625000E+04
0.16803631634308E+01     0.25400576171875E+04
0.16901816003218E+01     0.25993024902344E+04
0.17000000372128E+01     0.26551682128906E+04
0.17098184741039E+01     0.27075078125000E+04
0.17196369109949E+01     0.27561633300781E+04
0.17294553478860E+01     0.28009919433594E+04
0.17392737847770E+01     0.28418366699219E+04
0.17490922216681E+01     0.28785534667969E+04
0.17589106585591E+01     0.29109838867188E+04
0.17687290954502E+01     0.29389853515625E+04
0.17785475323412E+01     0.29624018554688E+04
0.17883659692323E+01     0.29810993652344E+04
0.17981844061233E+01     0.29949362792969E+04
0.18080028430144E+01     0.30038005371094E+04
0.18178212799054E+01     0.30075788574219E+04
0.18276397167965E+01     0.30061958007813E+04
0.18374581536875E+01     0.29995820312500E+04
0.18472765905785E+01     0.29877138671875E+04
0.18570950274696E+01     0.29705815429688E+04
0.18669134643606E+01     0.29482270507813E+04
0.18767319012517E+01     0.29207106933594E+04
0.18865503381427E+01     0.28881445312500E+04
0.18963687750338E+01     0.28506596679688E+04
0.19061872119248E+01     0.28084350585938E+04
0.19160056488159E+01     0.27616616210938E+04
0.19258240857069E+01     0.27105671386719E+04
0.19356425225980E+01     0.26553776855469E+04
0.19454609594890E+01     0.25963366699219E+04
0.19552793963801E+01     0.25336650390625E+04
0.19650978332711E+01     0.24675783691406E+04
0.19749162701621E+01     0.23982475585938E+04
0.19847347070532E+01     0.23258168945313E+04
0.19945531439442E+01     0.22503769531250E+04
0.20043715808353E+01     0.21719895019531E+04
0.20141900177263E+01     0.20906777343750E+04
0.20240084546174E+01     0.20064660644531E+04
0.20338268915084E+01     0.19197128906250E+04
0.20436453283995E+01     0.18312917480469E+04
0.20534637652905E+01     0.17415131835938E+04
0.20632822021816E+01     0.16506739501953E+04
0.20731006390726E+01     0.15590694580078E+04
0.20829190759637E+01     0.14670042724609E+04
0.20927375128547E+01     0.13747866210938E+04
0.21025559497458E+01     0.12827315673828E+04
0.21123743866368E+01     0.57235595703125E+03
0.21221928235278E+01     0.51849981689453E+03
0.21320112604189E+01     0.46629104614258E+03
0.21418296973099E+01     0.41601257324219E+03
0.21516481342010E+01     0.36790621948242E+03
0.21614665710920E+01     0.32218988037109E+03
0.21712850079831E+01     0.27905838012695E+03
0.21811034448741E+01     0.23868363952637E+03
0.21909218817652E+01     0.20121574401855E+03
0.22007403186562E+01     0.16678350830078E+03
0.22105587555473E+01     0.13549435424805E+03
0.22203771924383E+01     0.10743482971191E+03
0.22301956293294E+01     0.82669517517090E+02
0.22400140662204E+01     0.61241039276123E+02
0.22498325031115E+01     0.43167469024658E+02
0.22596509400025E+01     0.28440937042236E+02
0.22694693768935E+01     0.17024646759033E+02
0.22792878137846E+01     0.88541011810303E+01
0.22891062506756E+01     0.38645260334015E+01
0.22989246875667E+01     0.25901000499725E+01
0.23087431244577E+01     0.00000000000000E+00
0.23185615613488E+01     0.00000000000000E+00
0.23283799982398E+01     0.00000000000000E+00
