0.10716200761859E+01     -.10000000000000E+01
0.10814385130769E+01     -.10000000000000E+01
0.10912569499680E+01     -.10000000000000E+01
0.11010753868590E+01     -.10000000000000E+01
0.11108938237501E+01     -.10000000000000E+01
0.11207122606411E+01     -.10000000000000E+01
0.11305306975321E+01     0.14492464251816E-01
0.11403491344232E+01     0.10674723424017E-01
0.11501675713142E+01     0.13804894872010E-01
0.11599860082053E+01     0.10877700522542E-01
0.11698044450963E+01     0.13071062043309E-01
0.11796228819874E+01     0.96589988097548E-02
0.11894413188784E+01     0.12323685921729E-01
0.11992597557695E+01     0.68554156459868E-02
0.12090781926605E+01     0.11614073067904E-01
0.12188966295516E+01     0.57433606125414E-02
0.12287150664426E+01     0.11248785071075E-01
0.12385335033337E+01     0.97432089969516E-02
0.12483519402247E+01     0.97013972699642E-02
0.12581703771157E+01     0.10296436026692E-01
0.12679888140068E+01     0.33966437913477E-02
0.12778072508978E+01     0.97818141803145E-02
0.12876256877889E+01     0.92994086444378E-02
0.12974441246799E+01     0.52436045370996E-02
0.13072625615710E+01     0.92342644929886E-02
0.13170809984620E+01     0.84722591564059E-02
0.13268994353531E+01     0.38461852818727E-02
0.13367178722441E+01     0.83311917260289E-02
0.13465363091352E+01     0.83111375570297E-02
0.13563547460262E+01     0.52561163902283E-02
0.13661731829173E+01     0.67019015550613E-02
0.13759916198083E+01     0.79222591593862E-02
0.13858100566994E+01     0.71530379354954E-02
0.13956284935904E+01     0.40609077550471E-02
0.14054469304814E+01     0.57305255904794E-02
0.14152653673725E+01     0.69792815484107E-02
0.14250838042635E+01     0.67372224293649E-02
0.14349022411546E+01     0.51598213613033E-02
0.14447206780456E+01     0.20513925701380E-02
0.14545391149367E+01     0.50346823409200E-02
0.14643575518277E+01     0.61926664784551E-02
0.14741759887188E+01     0.44414154253900E-02
0.14839944256098E+01     0.46817953698337E-02
0.14938128625009E+01     0.20910045132041E-02
0.15036312993919E+01     0.31760982237756E-02
0.15134497362830E+01     0.37381055299193E-02
0.15232681731740E+01     0.34696811344475E-02
0.15330866100651E+01     0.25662684347481E-02
0.15429050469561E+01     0.10025590891019E-02
0.15527234838471E+01     0.00000000000000E+00
0.15625419207382E+01     0.00000000000000E+00
0.15723603576292E+01     0.00000000000000E+00
0.15821787945203E+01     0.00000000000000E+00
0.15919972314113E+01     0.00000000000000E+00
0.16018156683024E+01     0.00000000000000E+00
0.16116341051934E+01     0.00000000000000E+00
0.16214525420845E+01     0.00000000000000E+00
0.16312709789755E+01     0.00000000000000E+00
0.16410894158666E+01     0.00000000000000E+00
0.16509078527576E+01     0.00000000000000E+00
0.16607262896487E+01     0.00000000000000E+00
0.16705447265397E+01     0.00000000000000E+00
0.16803631634308E+01     0.00000000000000E+00
0.16901816003218E+01     0.00000000000000E+00
0.17000000372128E+01     0.00000000000000E+00
0.17098184741039E+01     0.00000000000000E+00
0.17196369109949E+01     0.00000000000000E+00
0.17294553478860E+01     0.00000000000000E+00
0.17392737847770E+01     0.00000000000000E+00
0.17490922216681E+01     0.00000000000000E+00
0.17589106585591E+01     0.00000000000000E+00
0.17687290954502E+01     0.00000000000000E+00
0.17785475323412E+01     0.00000000000000E+00
0.17883659692323E+01     0.00000000000000E+00
0.17981844061233E+01     0.00000000000000E+00
0.18080028430144E+01     0.00000000000000E+00
0.18178212799054E+01     0.00000000000000E+00
0.18276397167965E+01     0.00000000000000E+00
0.18374581536875E+01     0.00000000000000E+00
0.18472765905785E+01     0.00000000000000E+00
0.18570950274696E+01     0.21469752490520E+00
0.18669134643606E+01     0.23677797615528E+00
0.18767319012517E+01     0.25862222909927E+00
0.18865503381427E+01     0.27681329846382E+00
0.18963687750338E+01     0.29461896419525E+00
0.19061872119248E+01     0.31160444021225E+00
0.19160056488159E+01     0.32702845335007E+00
0.19258240857069E+01     0.34196153283119E+00
0.19356425225980E+01     0.35591781139374E+00
0.19454609594890E+01     0.36929360032082E+00
0.19552793963801E+01     0.38214772939682E+00
0.19650978332711E+01     0.39436039328575E+00
0.19749162701621E+01     0.40617096424103E+00
0.19847347070532E+01     0.41756275296211E+00
0.19945531439442E+01     0.42853936553001E+00
0.20043715808353E+01     0.43913337588310E+00
0.20141900177263E+01     0.44936206936836E+00
0.20240084546174E+01     0.45923483371735E+00
0.20338268915084E+01     0.46879824995995E+00
0.20436453283995E+01     0.47809830307961E+00
0.20534637652905E+01     0.48716068267822E+00
0.20632822021816E+01     0.49601086974144E+00
0.20731006390726E+01     0.50466966629028E+00
0.20829190759637E+01     0.51316010951996E+00
0.20927375128547E+01     0.52151125669479E+00
0.21025559497458E+01     0.52974468469620E+00
0.21123743866368E+01     0.53276288509369E+00
0.21221928235278E+01     0.54153370857239E+00
0.21320112604189E+01     0.55022054910660E+00
0.21418296973099E+01     0.55881142616272E+00
0.21516481342010E+01     0.56734013557434E+00
0.21614665710920E+01     0.57581329345703E+00
0.21712850079831E+01     0.58424460887909E+00
0.21811034448741E+01     0.59264093637466E+00
0.21909218817652E+01     0.60105723142624E+00
0.22007403186562E+01     0.60950207710266E+00
0.22105587555473E+01     0.61798387765884E+00
0.22203771924383E+01     0.62651437520981E+00
0.22301956293294E+01     0.63511204719543E+00
0.22400140662204E+01     0.64388447999954E+00
0.22498325031115E+01     0.65275931358337E+00
0.22596509400025E+01     0.66177988052368E+00
0.22694693768935E+01     0.67101085186005E+00
0.22792878137846E+01     0.68054765462875E+00
0.22891062506756E+01     0.69034218788147E+00
0.22989246875667E+01     -.10000000000000E+01
0.23087431244577E+01     -.10000000000000E+01
0.23185615613488E+01     -.10000000000000E+01
0.23283799982398E+01     -.10000000000000E+01
