0.10716200761859E+01     0.00000000000000E+00
0.10814385130769E+01     0.00000000000000E+00
0.10912569499680E+01     0.00000000000000E+00
0.11010753868590E+01     0.66638343750000E+05
0.11108938237501E+01     0.50057167968750E+05
0.11207122606411E+01     0.53292613281250E+05
0.11305306975321E+01     0.58532671875000E+05
0.11403491344232E+01     0.65384906250000E+05
0.11501675713142E+01     0.72837656250000E+05
0.11599860082053E+01     0.80404890625000E+05
0.11698044450963E+01     0.87897765625000E+05
0.11796228819874E+01     0.95195929687500E+05
0.11894413188784E+01     0.10224101562500E+06
0.11992597557695E+01     0.10900270312500E+06
0.12090781926605E+01     0.11546473437500E+06
0.12188966295516E+01     0.12162091406250E+06
0.12287150664426E+01     0.12746929687500E+06
0.12385335033337E+01     0.13301173437500E+06
0.12483519402247E+01     0.13825198437500E+06
0.12581703771157E+01     0.14319579687500E+06
0.12679888140068E+01     0.14785012500000E+06
0.12778072508978E+01     0.15222314062500E+06
0.12876256877889E+01     0.15632410937500E+06
0.12974441246799E+01     0.16016331250000E+06
0.13072625615710E+01     0.16375215625000E+06
0.13170809984620E+01     0.16710303125000E+06
0.13268994353531E+01     0.17022956250000E+06
0.13367178722441E+01     0.17314637500000E+06
0.13465363091352E+01     0.17586937500000E+06
0.13563547460262E+01     0.17841554687500E+06
0.13661731829173E+01     0.18080307812500E+06
0.13759916198083E+01     0.18305132812500E+06
0.13858100566994E+01     0.18518073437500E+06
0.13956284935904E+01     0.18721276562500E+06
0.14054469304814E+01     0.18916989062500E+06
0.14152653673725E+01     0.19107545312500E+06
0.14250838042635E+01     0.19295328125000E+06
0.14349022411546E+01     0.19482762500000E+06
0.14447206780456E+01     0.19672228125000E+06
0.14545391149367E+01     0.19865904687500E+06
0.14643575518277E+01     0.20064025000000E+06
0.14741759887188E+01     0.20351371875000E+06
0.14839944256098E+01     0.20511185937500E+06
0.14938128625009E+01     0.20746937500000E+06
0.15036312993919E+01     0.21000757812500E+06
0.15134497362830E+01     0.21273306250000E+06
0.15232681731740E+01     0.21565975000000E+06
0.15330866100651E+01     0.21880056250000E+06
0.15429050469561E+01     0.22216514062500E+06
0.15527234838471E+01     0.22575989062500E+06
0.15625419207382E+01     0.22958650000000E+06
0.15723603576292E+01     0.23364264062500E+06
0.15821787945203E+01     0.23788393750000E+06
0.15919972314113E+01     0.24199659375000E+06
0.16018156683024E+01     0.24608654687500E+06
0.16116341051934E+01     0.25029948437500E+06
0.16214525420845E+01     0.25471403125000E+06
0.16312709789755E+01     0.25936265625000E+06
0.16410894158666E+01     0.26424387500000E+06
0.16509078527576E+01     0.26933462500000E+06
0.16607262896487E+01     0.27459468750000E+06
0.16705447265397E+01     0.27997440625000E+06
0.16803631634308E+01     0.28541493750000E+06
0.16901816003218E+01     0.29085390625000E+06
0.17000000372128E+01     0.29622393750000E+06
0.17098184741039E+01     0.30145728125000E+06
0.17196369109949E+01     0.30648328125000E+06
0.17294553478860E+01     0.31123296875000E+06
0.17392737847770E+01     0.31563550000000E+06
0.17490922216681E+01     0.31962331250000E+06
0.17589106585591E+01     0.32312793750000E+06
0.17687290954502E+01     0.32608531250000E+06
0.17785475323412E+01     0.32843128125000E+06
0.17883659692323E+01     0.33010746875000E+06
0.17981844061233E+01     0.33105634375000E+06
0.18080028430144E+01     0.33122753125000E+06
0.18178212799054E+01     0.33057246875000E+06
0.18276397167965E+01     0.32905093750000E+06
0.18374581536875E+01     0.32662562500000E+06
0.18472765905785E+01     0.32326878125000E+06
0.18570950274696E+01     0.31895671875000E+06
0.18669134643606E+01     0.31367653125000E+06
0.18767319012517E+01     0.30742046875000E+06
0.18865503381427E+01     0.30019250000000E+06
0.18963687750338E+01     0.29200281250000E+06
0.19061872119248E+01     0.28287471875000E+06
0.19160056488159E+01     0.27283931250000E+06
0.19258240857069E+01     0.26194240625000E+06
0.19356425225980E+01     0.25023998437500E+06
0.19454609594890E+01     0.23780532812500E+06
0.19552793963801E+01     0.22472503125000E+06
0.19650978332711E+01     0.21110629687500E+06
0.19749162701621E+01     0.19707314062500E+06
0.19847347070532E+01     0.18277231250000E+06
0.19945531439442E+01     0.16836882812500E+06
0.20043715808353E+01     0.15404829687500E+06
0.20141900177263E+01     0.14000959375000E+06
0.20240084546174E+01     0.12646196875000E+06
0.20338268915084E+01     0.11345093750000E+06
0.20436453283995E+01     0.10078544531250E+06
0.20534637652905E+01     0.88550179687500E+05
0.20632822021816E+01     0.76832742187500E+05
0.20731006390726E+01     0.65711093750000E+05
0.20829190759637E+01     0.55253261718750E+05
0.20927375128547E+01     0.45516023437500E+05
0.21025559497458E+01     0.36544929687500E+05
0.21123743866368E+01     0.28651756250000E+06
0.21221928235278E+01     0.27367406250000E+06
0.21320112604189E+01     0.26140681250000E+06
0.21418296973099E+01     0.24964115625000E+06
0.21516481342010E+01     0.23831060937500E+06
0.21614665710920E+01     0.22733804687500E+06
0.21712850079831E+01     0.21663539062500E+06
0.21811034448741E+01     0.20610207812500E+06
0.21909218817652E+01     0.19562418750000E+06
0.22007403186562E+01     0.18507196875000E+06
0.22105587555473E+01     0.17429731250000E+06
0.22203771924383E+01     0.16312998437500E+06
0.22301956293294E+01     0.15137317187500E+06
0.22400140662204E+01     0.13879854687500E+06
0.22498325031115E+01     0.12514128125000E+06
0.22596509400025E+01     0.11010287500000E+06
0.22694693768935E+01     0.93387429687500E+05
0.22792878137846E+01     0.74915960937500E+05
0.22891062506756E+01     0.56186304687500E+05
0.22989246875667E+01     0.59620847656250E+05
0.23087431244577E+01     0.00000000000000E+00
0.23185615613488E+01     0.00000000000000E+00
0.23283799982398E+01     0.00000000000000E+00
