0.10716200761859E+01     0.00000000000000E+00
0.10814385130769E+01     0.00000000000000E+00
0.10912569499680E+01     0.00000000000000E+00
0.11010753868590E+01     -.28335634619930E-11
0.11108938237501E+01     0.26589440718650E-10
0.11207122606411E+01     0.62970094416581E-10
0.11305306975321E+01     0.11011876827061E-09
0.11403491344232E+01     0.17002942109823E-09
0.11501675713142E+01     0.24401711207211E-09
0.11599860082053E+01     0.33557739920198E-09
0.11698044450963E+01     0.44400991217053E-09
0.11796228819874E+01     0.56569871009771E-09
0.11894413188784E+01     0.69567740457188E-09
0.11992597557695E+01     0.87024587536177E-09
0.12090781926605E+01     0.10299403552239E-08
0.12188966295516E+01     0.12435281693257E-08
0.12287150664426E+01     0.14498000577845E-08
0.12385335033337E+01     0.16802584879017E-08
0.12483519402247E+01     0.19235262271877E-08
0.12581703771157E+01     0.21920061321623E-08
0.12679888140068E+01     0.24730879566448E-08
0.12778072508978E+01     0.27943098945826E-08
0.12876256877889E+01     0.30995503941256E-08
0.12974441246799E+01     0.34153015970873E-08
0.13072625615710E+01     0.38655749712291E-08
0.13170809984620E+01     0.42681445044934E-08
0.13268994353531E+01     0.47155492843842E-08
0.13367178722441E+01     0.51756283703241E-08
0.13465363091352E+01     0.56127444914011E-08
0.13563547460262E+01     0.61298406350829E-08
0.13661731829173E+01     0.66219709715654E-08
0.13759916198083E+01     0.71596755191194E-08
0.13858100566994E+01     0.76688033701089E-08
0.13956284935904E+01     0.82609936669087E-08
0.14054469304814E+01     0.89389100565995E-08
0.14152653673725E+01     0.95469934180414E-08
0.14250838042635E+01     0.10160431607176E-07
0.14349022411546E+01     0.10777893244551E-07
0.14447206780456E+01     0.11479986739005E-07
0.14545391149367E+01     0.12267862281590E-07
0.14643575518277E+01     0.12890138734178E-07
0.14741759887188E+01     0.13634577022970E-07
0.14839944256098E+01     0.14308190188217E-07
0.14938128625009E+01     0.15008904341585E-07
0.15036312993919E+01     0.15791629337514E-07
0.15134497362830E+01     0.16568645122561E-07
0.15232681731740E+01     0.17337878688295E-07
0.15330866100651E+01     0.17922493711353E-07
0.15429050469561E+01     0.18582138494594E-07
0.15527234838471E+01     0.19315832489042E-07
0.15625419207382E+01     0.19946424956174E-07
0.15723603576292E+01     0.20735782868542E-07
0.15821787945203E+01     0.21413269379877E-07
0.15919972314113E+01     0.21838575392508E-07
0.16018156683024E+01     0.22186439352367E-07
0.16116341051934E+01     0.22639998320528E-07
0.16214525420845E+01     0.22862716164695E-07
0.16312709789755E+01     0.23201623733371E-07
0.16410894158666E+01     0.23325863907075E-07
0.16509078527576E+01     0.23571301355219E-07
0.16607262896487E+01     0.23616950173277E-07
0.16705447265397E+01     0.23631933743218E-07
0.16803631634308E+01     0.23621282707609E-07
0.16901816003218E+01     0.23590164488496E-07
0.17000000372128E+01     0.23544014737809E-07
0.17098184741039E+01     0.23345155142351E-07
0.17196369109949E+01     0.23288707851066E-07
0.17294553478860E+01     0.22959181222859E-07
0.17392737847770E+01     0.22782819186773E-07
0.17490922216681E+01     0.22756706741234E-07
0.17589106585591E+01     0.22488856998848E-07
0.17687290954502E+01     0.22380671538258E-07
0.17785475323412E+01     0.22052049075683E-07
0.17883659692323E+01     0.22013953326905E-07
0.17981844061233E+01     0.21890853574291E-07
0.18080028430144E+01     0.21810517836229E-07
0.18178212799054E+01     0.21653214332673E-07
0.18276397167965E+01     0.21661879401336E-07
0.18374581536875E+01     0.21594452448426E-07
0.18472765905785E+01     0.21569949382183E-07
0.18570950274696E+01     0.21465774935336E-07
0.18669134643606E+01     0.21397536187351E-07
0.18767319012517E+01     0.21360134994097E-07
0.18865503381427E+01     0.21347457135334E-07
0.18963687750338E+01     0.21474617639683E-07
0.19061872119248E+01     0.21490480506259E-07
0.19160056488159E+01     0.21507661429609E-07
0.19258240857069E+01     0.21143520712030E-07
0.19356425225980E+01     0.21007219075386E-07
0.19454609594890E+01     0.20841669723382E-07
0.19552793963801E+01     0.20511381038091E-07
0.19650978332711E+01     0.20133011702228E-07
0.19749162701621E+01     0.19699324838029E-07
0.19847347070532E+01     0.19204515311344E-07
0.19945531439442E+01     0.18397548373628E-07
0.20043715808353E+01     0.17773558624867E-07
0.20141900177263E+01     0.16963337401421E-07
0.20240084546174E+01     0.16209952491408E-07
0.20338268915084E+01     0.15182552104420E-07
0.20436453283995E+01     0.14266396064500E-07
0.20534637652905E+01     0.13244213725727E-07
0.20632822021816E+01     0.12183517306141E-07
0.20731006390726E+01     0.11291272805636E-07
0.20829190759637E+01     0.10366326463895E-07
0.20927375128547E+01     0.93753271812602E-08
0.21025559497458E+01     0.84207201211939E-08
0.21123743866368E+01     0.22656550413558E-07
0.21221928235278E+01     0.20755862806254E-07
0.21320112604189E+01     0.19022094122079E-07
0.21418296973099E+01     0.17123953810483E-07
0.21516481342010E+01     0.15398814667833E-07
0.21614665710920E+01     0.13641072271753E-07
0.21712850079831E+01     0.12055560105750E-07
0.21811034448741E+01     0.10543581119293E-07
0.21909218817652E+01     0.91091987286518E-08
0.22007403186562E+01     0.77565998068962E-08
0.22105587555473E+01     0.64901510832271E-08
0.22203771924383E+01     0.53144844081032E-08
0.22301956293294E+01     0.42346348649858E-08
0.22400140662204E+01     0.32562537111147E-08
0.22498325031115E+01     0.23858863773540E-08
0.22596509400025E+01     0.16314254391858E-08
0.22694693768935E+01     0.98114971702756E-09
0.22792878137846E+01     0.47224685273406E-09
0.22891062506756E+01     0.99522820540265E-10
0.22989246875667E+01     -.21190761645418E-09
0.23087431244577E+01     0.00000000000000E+00
0.23185615613488E+01     0.00000000000000E+00
0.23283799982398E+01     0.00000000000000E+00
