0.10716200761859E+01     0.00000000000000E+00
0.10814385130769E+01     0.00000000000000E+00
0.10912569499680E+01     0.00000000000000E+00
0.11010753868590E+01     0.91124316406250E+04
0.11108938237501E+01     0.70417685546875E+04
0.11207122606411E+01     0.77097539062500E+04
0.11305306975321E+01     0.87088994140625E+04
0.11403491344232E+01     0.10006083984375E+05
0.11501675713142E+01     0.11465625000000E+05
0.11599860082053E+01     0.13019623046875E+05
0.11698044450963E+01     0.14641313476563E+05
0.11796228819874E+01     0.16312006835938E+05
0.11894413188784E+01     0.18021501953125E+05
0.11992597557695E+01     0.19763445312500E+05
0.12090781926605E+01     0.21532980468750E+05
0.12188966295516E+01     0.23326880859375E+05
0.12287150664426E+01     0.25141833984375E+05
0.12385335033337E+01     0.26975398437500E+05
0.12483519402247E+01     0.28824560546875E+05
0.12581703771157E+01     0.30686886718750E+05
0.12679888140068E+01     0.32559298828125E+05
0.12778072508978E+01     0.34439015625000E+05
0.12876256877889E+01     0.36322652343750E+05
0.12974441246799E+01     0.38206898437500E+05
0.13072625615710E+01     0.40087902343750E+05
0.13170809984620E+01     0.41961722656250E+05
0.13268994353531E+01     0.43823921875000E+05
0.13367178722441E+01     0.45669839843750E+05
0.13465363091352E+01     0.47494351562500E+05
0.13563547460262E+01     0.49291984375000E+05
0.13661731829173E+01     0.51056867187500E+05
0.13759916198083E+01     0.52782613281250E+05
0.13858100566994E+01     0.54462507812500E+05
0.13956284935904E+01     0.56089324218750E+05
0.14054469304814E+01     0.57655386718750E+05
0.14152653673725E+01     0.59152464843750E+05
0.14250838042635E+01     0.60572058593750E+05
0.14349022411546E+01     0.61905031250000E+05
0.14447206780456E+01     0.63141843750000E+05
0.14545391149367E+01     0.64271789062500E+05
0.14643575518277E+01     0.65279800781250E+05
0.14741759887188E+01     0.66353718750000E+05
0.14839944256098E+01     0.66952812500000E+05
0.14938128625009E+01     0.67553898437500E+05
0.15036312993919E+01     0.68002390625000E+05
0.15134497362830E+01     0.68284304687500E+05
0.15232681731740E+01     0.68389226562500E+05
0.15330866100651E+01     0.68307351562500E+05
0.15429050469561E+01     0.68030187500000E+05
0.15527234838471E+01     0.67549835937500E+05
0.15625419207382E+01     0.66859898437500E+05
0.15723603576292E+01     0.65954843750000E+05
0.15821787945203E+01     0.64818921875000E+05
0.15919972314113E+01     0.63315648437500E+05
0.16018156683024E+01     0.61477316406250E+05
0.16116341051934E+01     0.59363945312500E+05
0.16214525420845E+01     0.57022964843750E+05
0.16312709789755E+01     0.54492910156250E+05
0.16410894158666E+01     0.51807320312500E+05
0.16509078527576E+01     0.48995496093750E+05
0.16607262896487E+01     0.46084437500000E+05
0.16705447265397E+01     0.43098675781250E+05
0.16803631634308E+01     0.40060902343750E+05
0.16901816003218E+01     0.36991324218750E+05
0.17000000372128E+01     0.33908460937500E+05
0.17098184741039E+01     0.30827994140625E+05
0.17196369109949E+01     0.27763294921875E+05
0.17294553478860E+01     0.24724664062500E+05
0.17392737847770E+01     0.21719908203125E+05
0.17490922216681E+01     0.18753775390625E+05
0.17589106585591E+01     0.15828458984375E+05
0.17687290954502E+01     0.12943097656250E+05
0.17785475323412E+01     0.10094670898438E+05
0.17883659692323E+01     0.72780146484375E+04
0.17981844061233E+01     0.44862597656250E+04
0.18080028430144E+01     0.17108166503906E+04
0.18178212799054E+01     -.10578673095703E+04
0.18276397167965E+01     -.38299299316406E+04
0.18374581536875E+01     -.66153496093750E+04
0.18472765905785E+01     -.94232832031250E+04
0.18570950274696E+01     -.12261402343750E+05
0.18669134643606E+01     -.15135133789063E+05
0.18767319012517E+01     -.18047363281250E+05
0.18865503381427E+01     -.20997324218750E+05
0.18963687750338E+01     -.23979810546875E+05
0.19061872119248E+01     -.26984353515625E+05
0.19160056488159E+01     -.29995021484375E+05
0.19258240857069E+01     -.32989492187500E+05
0.19356425225980E+01     -.35939343750000E+05
0.19454609594890E+01     -.38809843750000E+05
0.19552793963801E+01     -.41560808593750E+05
0.19650978332711E+01     -.44147113281250E+05
0.19749162701621E+01     -.46520910156250E+05
0.19847347070532E+01     -.48632363281250E+05
0.19945531439442E+01     -.50432796875000E+05
0.20043715808353E+01     -.51875746093750E+05
0.20141900177263E+01     -.52919542968750E+05
0.20240084546174E+01     -.53527410156250E+05
0.20338268915084E+01     -.53713285156250E+05
0.20436453283995E+01     -.53567300781250E+05
0.20534637652905E+01     -.53100199218750E+05
0.20632822021816E+01     -.52325003906250E+05
0.20731006390726E+01     -.51258585937500E+05
0.20829190759637E+01     -.49920234375000E+05
0.20927375128547E+01     -.48331882812500E+05
0.21025559497458E+01     -.46518699218750E+05
0.21123743866368E+01     -.13351378125000E+06
0.21221928235278E+01     -.13050928906250E+06
0.21320112604189E+01     -.12706421093750E+06
0.21418296973099E+01     -.12323514843750E+06
0.21516481342010E+01     -.11904055468750E+06
0.21614665710920E+01     -.11449676562500E+06
0.21712850079831E+01     -.10961742187500E+06
0.21811034448741E+01     -.10441310156250E+06
0.21909218817652E+01     -.98889976562500E+05
0.22007403186562E+01     -.93049539062500E+05
0.22105587555473E+01     -.86886960937500E+05
0.22203771924383E+01     -.80390492187500E+05
0.22301956293294E+01     -.73539539062500E+05
0.22400140662204E+01     -.66303859375000E+05
0.22498325031115E+01     -.58642304687500E+05
0.22596509400025E+01     -.50505785156250E+05
0.22694693768935E+01     -.41854910156250E+05
0.22792878137846E+01     -.32752531250000E+05
0.22891062506756E+01     -.23929386718750E+05
0.22989246875667E+01     -.24571476562500E+05
0.23087431244577E+01     0.00000000000000E+00
0.23185615613488E+01     0.00000000000000E+00
0.23283799982398E+01     0.00000000000000E+00
