0.23161987849867E+00     0.00000000000000E+00
0.24143831696983E+00     0.00000000000000E+00
0.25125675544099E+00     0.00000000000000E+00
0.26107519391215E+00     0.14676599502563E+01
0.27089363238331E+00     0.14156664609909E+01
0.28071207085447E+00     0.13673303127289E+01
0.29053050932563E+00     0.13222796916962E+01
0.30034894779679E+00     0.12801893949509E+01
0.31016738626795E+00     0.12407772541046E+01
0.31998582473911E+00     0.12037942409515E+01
0.32980426321027E+00     0.11690217256546E+01
0.33962270168143E+00     0.11362659931183E+01
0.34944114015259E+00     0.11053555011749E+01
0.35925957862375E+00     0.10761373043060E+01
0.36907801709491E+00     0.10484745502472E+01
0.37889645556607E+00     0.10222456455231E+01
0.38871489403723E+00     0.99733984470367E+00
0.39853333250839E+00     0.97365897893906E+00
0.40835177097955E+00     0.95111316442490E+00
0.41817020945071E+00     0.92962235212326E+00
0.42798864792187E+00     0.90911233425140E+00
0.43780708639303E+00     0.88951706886292E+00
0.44762552486418E+00     0.87077534198761E+00
0.45744396333534E+00     0.85283207893372E+00
0.46726240180650E+00     0.83563607931137E+00
0.47708084027766E+00     0.81914103031158E+00
0.48689927874882E+00     0.80330389738083E+00
0.49671771721998E+00     0.78808534145355E+00
0.50653615569114E+00     0.77344876527786E+00
0.51635459416230E+00     0.75936061143875E+00
0.52617303263346E+00     0.74578958749771E+00
0.53599147110462E+00     0.73270672559738E+00
0.54580990957578E+00     0.72008496522903E+00
0.55562834804694E+00     0.70789927244186E+00
0.56544678651810E+00     0.69612604379654E+00
0.57526522498926E+00     0.68474334478378E+00
0.58508366346042E+00     0.67373049259186E+00
0.59490210193158E+00     0.66306805610657E+00
0.60472054040274E+00     0.65273785591125E+00
0.61453897887390E+00     0.64272254705429E+00
0.62435741734506E+00     0.63300597667694E+00
0.63417585581622E+00     0.62357264757156E+00
0.64399429428738E+00     0.61440795660019E+00
0.65381273275854E+00     0.60549807548523E+00
0.66363117122970E+00     0.59682995080948E+00
0.67344960970086E+00     0.58839106559753E+00
0.68326804817202E+00     0.58016949892044E+00
0.69308648664318E+00     0.57215416431427E+00
0.70290492511434E+00     0.56433433294296E+00
0.71272336358550E+00     0.55669987201691E+00
0.72254180205666E+00     0.54924124479294E+00
0.73236024052782E+00     0.54194945096970E+00
0.74217867899898E+00     0.53481590747833E+00
0.75199711747014E+00     0.52783262729645E+00
0.76181555594130E+00     0.52099210023880E+00
0.77163399441246E+00     0.51428729295731E+00
0.78145243288362E+00     0.50771164894104E+00
0.79127087135478E+00     0.50125914812088E+00
0.80108930982593E+00     0.49492436647415E+00
0.81090774829709E+00     0.48870241641998E+00
0.82072618676825E+00     0.48258924484253E+00
0.83054462523941E+00     0.47658133506775E+00
0.84036306371057E+00     0.47067627310753E+00
0.85018150218173E+00     0.46487233042717E+00
0.85999994065289E+00     0.45916894078255E+00
0.86981837912405E+00     0.45356646180153E+00
0.87963681759521E+00     0.44806605577469E+00
0.88945525606637E+00     0.44266960024834E+00
0.89927369453753E+00     0.43737965822220E+00
0.90909213300869E+00     0.43219906091690E+00
0.91891057147985E+00     0.42713078856468E+00
0.92872900995101E+00     0.42217755317688E+00
0.93854744842217E+00     0.41734197735786E+00
0.94836588689333E+00     0.41262617707253E+00
0.95818432536449E+00     0.40803200006485E+00
0.96800276383565E+00     0.40356090664864E+00
0.97782120230681E+00     0.39921414852142E+00
0.98763964077797E+00     0.39499276876450E+00
0.99745807924913E+00     0.39089772105217E+00
0.10072765177203E+01     0.38693010807037E+00
0.10170949561914E+01     0.38309103250504E+00
0.10269133946626E+01     0.37938180565834E+00
0.10367318331338E+01     0.37580391764641E+00
0.10465502716049E+01     0.37235906720161E+00
0.10563687100761E+01     0.36904922127724E+00
0.10661871485472E+01     0.36587649583817E+00
0.10760055870184E+01     0.36284315586090E+00
0.10858240254896E+01     0.35995146632195E+00
0.10956424639607E+01     0.35720357298851E+00
0.11054609024319E+01     0.35460111498833E+00
0.11152793409030E+01     0.35214483737946E+00
0.11250977793742E+01     0.34983393549919E+00
0.11349162178454E+01     0.34766572713852E+00
0.11447346563165E+01     0.34563511610031E+00
0.11545530947877E+01     0.34373459219933E+00
0.11643715332588E+01     0.34195405244827E+00
0.11741899717300E+01     0.34028181433678E+00
0.11840084102012E+01     0.33870503306389E+00
0.11938268486723E+01     0.33721113204956E+00
0.12036452871435E+01     0.33578822016716E+00
0.12134637256146E+01     0.33442628383636E+00
0.12232821640858E+01     0.33311703801155E+00
0.12331006025570E+01     0.33185428380966E+00
0.12429190410281E+01     0.33063361048698E+00
0.12527374794993E+01     0.32945278286934E+00
0.12625559179704E+01     0.32831075787544E+00
0.12723743564416E+01     0.32720911502838E+00
0.12821927949128E+01     0.32615089416504E+00
0.12920112333839E+01     0.32514190673828E+00
0.13018296718551E+01     0.32418972253799E+00
0.13116481103262E+01     0.32330554723740E+00
0.13214665487974E+01     0.32250136137009E+00
0.13312849872686E+01     0.32179307937622E+00
0.13411034257397E+01     0.32119718194008E+00
0.13509218642109E+01     0.32073330879211E+00
0.13607403026820E+01     0.32042050361633E+00
0.13705587411532E+01     0.32028010487556E+00
0.13803771796244E+01     0.32033196091652E+00
0.13901956180955E+01     0.32059508562088E+00
0.14000140565667E+01     0.32108524441719E+00
0.14098324950378E+01     0.32181257009506E+00
0.14196509335090E+01     0.32278013229370E+00
0.14294693719802E+01     0.32397633790970E+00
0.14392878104513E+01     0.32537618279457E+00
0.14491062489225E+01     0.32693988084793E+00
0.14589246873936E+01     0.32864257693291E+00
0.14687431258648E+01     0.00000000000000E+00
0.14785615643360E+01     0.00000000000000E+00
0.14883800028071E+01     0.00000000000000E+00
