0.23161987849867E+00     0.00000000000000E+00
0.24143831696983E+00     0.00000000000000E+00
0.25125675544099E+00     0.00000000000000E+00
0.26107519391215E+00     0.46529781684512E-04
0.27089363238331E+00     0.39980306610232E-04
0.28071207085447E+00     0.25291996280430E-04
0.29053050932563E+00     0.48406136556878E-05
0.30034894779679E+00     -.19803084796877E-04
0.31016738626795E+00     -.47532888856949E-04
0.31998582473911E+00     -.77614859037567E-04
0.32980426321027E+00     -.10949144052574E-03
0.33962270168143E+00     -.14280359027907E-03
0.34944114015259E+00     -.17724554345477E-03
0.35925957862375E+00     -.21263815870043E-03
0.36907801709491E+00     -.24880032287911E-03
0.37889645556607E+00     -.28563005616888E-03
0.38871489403723E+00     -.32301872852258E-03
0.39853333250839E+00     -.36090478533879E-03
0.40835177097955E+00     -.39920679409988E-03
0.41817020945071E+00     -.43788421317004E-03
0.42798864792187E+00     -.47688596532680E-03
0.43780708639303E+00     -.51618309225887E-03
0.44762552486418E+00     -.55572990095243E-03
0.45744396333534E+00     -.59550587320700E-03
0.46726240180650E+00     -.63547567697242E-03
0.47708084027766E+00     -.67562534241006E-03
0.48689927874882E+00     -.71592733729631E-03
0.49671771721998E+00     -.75637304689735E-03
0.50653615569114E+00     -.79694140003994E-03
0.51635459416230E+00     -.83763129077852E-03
0.52617303263346E+00     -.87842479115352E-03
0.53599147110462E+00     -.91931974748150E-03
0.54580990957578E+00     -.96029968699440E-03
0.55562834804694E+00     -.10013623395935E-02
0.56544678651810E+00     -.10424948995933E-02
0.57526522498926E+00     -.10836971923709E-02
0.58508366346042E+00     -.11249573435634E-02
0.59490210193158E+00     -.11662736069411E-02
0.60472054040274E+00     -.12076334096491E-02
0.61453897887390E+00     -.12490324443206E-02
0.62435741734506E+00     -.12904552277178E-02
0.63417585581622E+00     -.13318849960342E-02
0.64399429428738E+00     -.13733010273427E-02
0.65381273275854E+00     -.14146867906675E-02
0.66363117122970E+00     -.14560157433152E-02
0.67344960970086E+00     -.14972508652136E-02
0.68326804817202E+00     -.15383568825200E-02
0.69308648664318E+00     -.15792960766703E-02
0.70290492511434E+00     -.16200096579269E-02
0.71272336358550E+00     -.16604423290119E-02
0.72254180205666E+00     -.17005359986797E-02
0.73236024052782E+00     -.17401966033503E-02
0.74217867899898E+00     -.17793467268348E-02
0.75199711747014E+00     -.18178557511419E-02
0.76181555594130E+00     -.18556183204055E-02
0.77163399441246E+00     -.18924509640783E-02
0.78145243288362E+00     -.19282072316855E-02
0.79127087135478E+00     -.19626372959465E-02
0.80108930982593E+00     -.19955481402576E-02
0.81090774829709E+00     -.20266289357096E-02
0.82072618676825E+00     -.20555872470140E-02
0.83054462523941E+00     -.20821311045438E-02
0.84036306371057E+00     -.21059736609459E-02
0.85018150218173E+00     -.21268469281495E-02
0.85999994065289E+00     -.21445334423333E-02
0.86981837912405E+00     -.21588965319097E-02
0.87963681759521E+00     -.21699892822653E-02
0.88945525606637E+00     -.21779891103506E-02
0.89927369453753E+00     -.21830897312611E-02
0.90909213300869E+00     -.21855486556888E-02
0.91891057147985E+00     -.21859363187104E-02
0.92872900995101E+00     -.21848159376532E-02
0.93854744842217E+00     -.21828517783433E-02
0.94836588689333E+00     -.21806503646076E-02
0.95818432536449E+00     -.21786971483380E-02
0.96800276383565E+00     -.21774382330477E-02
0.97782120230681E+00     -.21773141343147E-02
0.98763964077797E+00     -.21785888820887E-02
0.99745807924913E+00     -.21814689971507E-02
0.10072765177203E+01     -.21861011628062E-02
0.10170949561914E+01     -.21925889886916E-02
0.10269133946626E+01     -.22009783424437E-02
0.10367318331338E+01     -.22113618906587E-02
0.10465502716049E+01     -.22236122749746E-02
0.10563687100761E+01     -.22376347333193E-02
0.10661871485472E+01     -.22532311268151E-02
0.10760055870184E+01     -.22701760753989E-02
0.10858240254896E+01     -.22881459444761E-02
0.10956424639607E+01     -.23067353758961E-02
0.11054609024319E+01     -.23252395913005E-02
0.11152793409030E+01     -.23428050335497E-02
0.11250977793742E+01     -.23583332076669E-02
0.11349162178454E+01     -.23708252701908E-02
0.11447346563165E+01     -.23792765568942E-02
0.11545530947877E+01     -.23824721574783E-02
0.11643715332588E+01     -.23794127628207E-02
0.11741899717300E+01     -.23696580901742E-02
0.11840084102012E+01     -.23528283927590E-02
0.11938268486723E+01     -.23289651144296E-02
0.12036452871435E+01     -.22983264643699E-02
0.12134637256146E+01     -.22614691406488E-02
0.12232821640858E+01     -.22189284209162E-02
0.12331006025570E+01     -.21713015157729E-02
0.12429190410281E+01     -.21192249841988E-02
0.12527374794993E+01     -.20631947554648E-02
0.12625559179704E+01     -.20035505294800E-02
0.12723743564416E+01     -.19408337539062E-02
0.12821927949128E+01     -.18752597970888E-02
0.12920112333839E+01     -.18071461236104E-02
0.13018296718551E+01     -.17367597902194E-02
0.13116481103262E+01     -.16643601702526E-02
0.13214665487974E+01     -.15899718273431E-02
0.13312849872686E+01     -.15137640293688E-02
0.13411034257397E+01     -.14357266481966E-02
0.13509218642109E+01     -.13558554928750E-02
0.13607403026820E+01     -.12738032964990E-02
0.13705587411532E+01     -.11894261697307E-02
0.13803771796244E+01     -.11021042009816E-02
0.13901956180955E+01     -.10112834861502E-02
0.14000140565667E+01     -.91592583339661E-03
0.14098324950378E+01     -.81494246842340E-03
0.14196509335090E+01     -.70660462370142E-03
0.14294693719802E+01     -.58883154997602E-03
0.14392878104513E+01     -.45848902664147E-03
0.14491062489225E+01     -.31142510124482E-03
0.14589246873936E+01     -.14142581494525E-03
0.14687431258648E+01     0.00000000000000E+00
0.14785615643360E+01     0.00000000000000E+00
0.14883800028071E+01     0.00000000000000E+00
