0.23161987849867E+00     0.00000000000000E+00
0.24143831696983E+00     0.00000000000000E+00
0.25125675544099E+00     0.00000000000000E+00
0.26107519391215E+00     0.23356682062149E+00
0.27089363238331E+00     0.23242962360382E+00
0.28071207085447E+00     0.23127774894238E+00
0.29053050932563E+00     0.23011578619480E+00
0.30034894779679E+00     0.22893384099007E+00
0.31016738626795E+00     0.22773410379887E+00
0.31998582473911E+00     0.22650776803493E+00
0.32980426321027E+00     0.22525264322758E+00
0.33962270168143E+00     0.22396160662174E+00
0.34944114015259E+00     0.22263005375862E+00
0.35925957862375E+00     0.22125278413296E+00
0.36907801709491E+00     0.21982410550117E+00
0.37889645556607E+00     0.21834243834019E+00
0.38871489403723E+00     0.21680130064487E+00
0.39853333250839E+00     0.21520100533962E+00
0.40835177097955E+00     0.21353742480278E+00
0.41817020945071E+00     0.21181239187717E+00
0.42798864792187E+00     0.21002273261547E+00
0.43780708639303E+00     0.20817080140114E+00
0.44762552486418E+00     0.20625562965870E+00
0.45744396333534E+00     0.20428009331226E+00
0.46726240180650E+00     0.20224443078041E+00
0.47708084027766E+00     0.20015142858028E+00
0.48689927874882E+00     0.19800229370594E+00
0.49671771721998E+00     0.19579973816872E+00
0.50653615569114E+00     0.19354555010796E+00
0.51635459416230E+00     0.19124230742455E+00
0.52617303263346E+00     0.18889211118221E+00
0.53599147110462E+00     0.18649739027023E+00
0.54580990957578E+00     0.18406021595001E+00
0.55562834804694E+00     0.18158273398876E+00
0.56544678651810E+00     0.17906679213047E+00
0.57526522498926E+00     0.17651417851448E+00
0.58508366346042E+00     0.17392632365227E+00
0.59490210193158E+00     0.17130452394485E+00
0.60472054040274E+00     0.16864967346191E+00
0.61453897887390E+00     0.16596245765686E+00
0.62435741734506E+00     0.16324310004711E+00
0.63417585581622E+00     0.16049148142338E+00
0.64399429428738E+00     0.15770718455315E+00
0.65381273275854E+00     0.15488943457603E+00
0.66363117122970E+00     0.15203709900379E+00
0.67344960970086E+00     0.14914858341217E+00
0.68326804817202E+00     0.14622204005718E+00
0.69308648664318E+00     0.14325533807278E+00
0.70290492511434E+00     0.14024585485458E+00
0.71272336358550E+00     0.13719075918198E+00
0.72254180205666E+00     0.13408678770065E+00
0.73236024052782E+00     0.13093024492264E+00
0.74217867899898E+00     0.12771703302860E+00
0.75199711747014E+00     0.12444239854813E+00
0.76181555594130E+00     0.12110101431608E+00
0.77163399441246E+00     0.11768677085638E+00
0.78145243288362E+00     0.11419288069010E+00
0.79127087135478E+00     0.11061190068722E+00
0.80108930982593E+00     0.10693594813347E+00
0.81090774829709E+00     0.10315689444542E+00
0.82072618676825E+00     0.99267482757568E-01
0.83054462523941E+00     0.95261223614216E-01
0.84036306371057E+00     0.91134048998356E-01
0.85018150218173E+00     0.86884297430515E-01
0.85999994065289E+00     0.82514420151711E-01
0.86981837912405E+00     0.78030675649643E-01
0.87963681759521E+00     0.73443554341793E-01
0.88945525606637E+00     0.68766526877880E-01
0.89927369453753E+00     0.64017042517662E-01
0.90909213300869E+00     0.59213738888502E-01
0.91891057147985E+00     0.54375745356083E-01
0.92872900995101E+00     0.49520082771778E-01
0.93854744842217E+00     0.44661641120911E-01
0.94836588689333E+00     0.39811175316572E-01
0.95818432536449E+00     0.34975584596395E-01
0.96800276383565E+00     0.30157146975398E-01
0.97782120230681E+00     0.25354435667396E-01
0.98763964077797E+00     0.20561652258039E-01
0.99745807924913E+00     0.15770817175508E-01
0.10072765177203E+01     0.10971922427416E-01
0.10170949561914E+01     0.61539486050606E-02
0.10269133946626E+01     0.13047771062702E-02
0.10367318331338E+01     -.35881730727851E-02
0.10465502716049E+01     -.85375094786286E-02
0.10563687100761E+01     -.13555595651269E-01
0.10661871485472E+01     -.18653769046068E-01
0.10760055870184E+01     -.23842049762607E-01
0.10858240254896E+01     -.29127929359674E-01
0.10956424639607E+01     -.34515883773565E-01
0.11054609024319E+01     -.40003992617130E-01
0.11152793409030E+01     -.45583583414555E-01
0.11250977793742E+01     -.51236841827631E-01
0.11349162178454E+01     -.56937787681818E-01
0.11447346563165E+01     -.62652036547661E-01
0.11545530947877E+01     -.68340212106705E-01
0.11643715332588E+01     -.73959395289421E-01
0.11741899717300E+01     -.79469747841358E-01
0.11840084102012E+01     -.84836408495903E-01
0.11938268486723E+01     -.90033799409866E-01
0.12036452871435E+01     -.95045603811741E-01
0.12134637256146E+01     -.99865898489952E-01
0.12232821640858E+01     -.10449560731649E+00
0.12331006025570E+01     -.10894152522087E+00
0.12429190410281E+01     -.11321321129799E+00
0.12527374794993E+01     -.11732307821512E+00
0.12625559179704E+01     -.12128287553787E+00
0.12723743564416E+01     -.12510782480240E+00
0.12821927949128E+01     -.12881308794022E+00
0.12920112333839E+01     -.13241775333881E+00
0.13018296718551E+01     -.13594183325768E+00
0.13116481103262E+01     -.13941106200218E+00
0.13214665487974E+01     -.14284984767437E+00
0.13312849872686E+01     -.14628861844540E+00
0.13411034257397E+01     -.14975614845753E+00
0.13509218642109E+01     -.15328525006771E+00
0.13607403026820E+01     -.15690492093563E+00
0.13705587411532E+01     -.16064678132534E+00
0.13803771796244E+01     -.16453774273396E+00
0.13901956180955E+01     -.16860179603100E+00
0.14000140565667E+01     -.17285688221455E+00
0.14098324950378E+01     -.17731142044067E+00
0.14196509335090E+01     -.18196387588978E+00
0.14294693719802E+01     -.18679229915142E+00
0.14392878104513E+01     -.19175946712494E+00
0.14491062489225E+01     -.19681192934513E+00
0.14589246873936E+01     -.20192371308804E+00
0.14687431258648E+01     0.00000000000000E+00
0.14785615643360E+01     0.00000000000000E+00
0.14883800028071E+01     0.00000000000000E+00
