0.23161987849867E+00     0.00000000000000E+00
0.24143831696983E+00     0.00000000000000E+00
0.25125675544099E+00     0.00000000000000E+00
0.26107519391215E+00     0.49622155273710E-08
0.27089363238331E+00     0.82739921580810E-08
0.28071207085447E+00     0.99026573607830E-08
0.29053050932563E+00     0.10912837744570E-07
0.30034894779679E+00     0.11611805739165E-07
0.31016738626795E+00     0.12130815463252E-07
0.31998582473911E+00     0.12536617077785E-07
0.32980426321027E+00     0.12867878318445E-07
0.33962270168143E+00     0.13151010058721E-07
0.34944114015259E+00     0.13408924637304E-07
0.35925957862375E+00     0.13657399655642E-07
0.36907801709491E+00     0.13911568785829E-07
0.37889645556607E+00     0.14185429719760E-07
0.38871489403723E+00     0.14488096944376E-07
0.39853333250839E+00     0.14825718430700E-07
0.40835177097955E+00     0.15196400582340E-07
0.41817020945071E+00     0.15597580116378E-07
0.42798864792187E+00     0.16023527393827E-07
0.43780708639303E+00     0.16464520413706E-07
0.44762552486418E+00     0.16908902722435E-07
0.45744396333534E+00     0.17343769087574E-07
0.46726240180650E+00     0.17758384984745E-07
0.47708084027766E+00     0.18143413882399E-07
0.48689927874882E+00     0.18489814124223E-07
0.49671771721998E+00     0.18787877920090E-07
0.50653615569114E+00     0.19031633158306E-07
0.51635459416230E+00     0.19223438840754E-07
0.52617303263346E+00     0.19371055870465E-07
0.53599147110462E+00     0.19482667923398E-07
0.54580990957578E+00     0.19563170639003E-07
0.55562834804694E+00     0.19618546787115E-07
0.56544678651810E+00     0.19658555672208E-07
0.57526522498926E+00     0.19692000918781E-07
0.58508366346042E+00     0.19726760669414E-07
0.59490210193158E+00     0.19770576287215E-07
0.60472054040274E+00     0.19832704367673E-07
0.61453897887390E+00     0.19919148996905E-07
0.62435741734506E+00     0.20031514225138E-07
0.63417585581622E+00     0.20171581738282E-07
0.64399429428738E+00     0.20339449235962E-07
0.65381273275854E+00     0.20532917588412E-07
0.66363117122970E+00     0.20747714657432E-07
0.67344960970086E+00     0.20979129544685E-07
0.68326804817202E+00     0.21222042789759E-07
0.69308648664318E+00     0.21473304911979E-07
0.70290492511434E+00     0.21732057930990E-07
0.71272336358550E+00     0.21996545029879E-07
0.72254180205666E+00     0.22264648791293E-07
0.73236024052782E+00     0.22532345766990E-07
0.74217867899898E+00     0.22794628407041E-07
0.75199711747014E+00     0.23048700725781E-07
0.76181555594130E+00     0.23296891527025E-07
0.77163399441246E+00     0.23540057014770E-07
0.78145243288362E+00     0.23776067337167E-07
0.79127087135478E+00     0.24001458598377E-07
0.80108930982593E+00     0.24213768767822E-07
0.81090774829709E+00     0.24413376209509E-07
0.82072618676825E+00     0.24602513803984E-07
0.83054462523941E+00     0.24783394891870E-07
0.84036306371057E+00     0.24957975242046E-07
0.85018150218173E+00     0.25127640412848E-07
0.85999994065289E+00     0.25292411720557E-07
0.86981837912405E+00     0.25451614149574E-07
0.87963681759521E+00     0.25604448339323E-07
0.88945525606637E+00     0.25750107823797E-07
0.89927369453753E+00     0.25888079235870E-07
0.90909213300869E+00     0.26018796006611E-07
0.91891057147985E+00     0.26143096576448E-07
0.92872900995101E+00     0.26261371743885E-07
0.93854744842217E+00     0.26373484729447E-07
0.94836588689333E+00     0.26478916836936E-07
0.95818432536449E+00     0.26576829625924E-07
0.96800276383565E+00     0.26666176822232E-07
0.97782120230681E+00     0.26745752279567E-07
0.98763964077797E+00     0.26814289455501E-07
0.99745807924913E+00     0.26870491609543E-07
0.10072765177203E+01     0.26913147266328E-07
0.10170949561914E+01     0.26941139097403E-07
0.10269133946626E+01     0.26953594911561E-07
0.10367318331338E+01     0.26949839693202E-07
0.10465502716049E+01     0.26929479091109E-07
0.10563687100761E+01     0.26892376325804E-07
0.10661871485472E+01     0.26838739231039E-07
0.10760055870184E+01     0.26769072292154E-07
0.10858240254896E+01     0.26684146448019E-07
0.10956424639607E+01     0.26584903167759E-07
0.11054609024319E+01     0.26472369185626E-07
0.11152793409030E+01     0.26347493076173E-07
0.11250977793742E+01     0.26210955184069E-07
0.11349162178454E+01     0.26062874525223E-07
0.11447346563165E+01     0.25902419764634E-07
0.11545530947877E+01     0.25727535657438E-07
0.11643715332588E+01     0.25536742498389E-07
0.11741899717300E+01     0.25330578523608E-07
0.11840084102012E+01     0.25110123758054E-07
0.11938268486723E+01     0.24876232629367E-07
0.12036452871435E+01     0.24626949368667E-07
0.12134637256146E+01     0.24356515027080E-07
0.12232821640858E+01     0.24057133174438E-07
0.12331006025570E+01     0.23723218944838E-07
0.12429190410281E+01     0.23360090750657E-07
0.12527374794993E+01     0.22975767066669E-07
0.12625559179704E+01     0.22566451818307E-07
0.12723743564416E+01     0.22133386679002E-07
0.12821927949128E+01     0.21694711804798E-07
0.12920112333839E+01     0.21262611227257E-07
0.13018296718551E+01     0.20845096315725E-07
0.13116481103262E+01     0.20462305627689E-07
0.13214665487974E+01     0.20144350187934E-07
0.13312849872686E+01     0.19913198201493E-07
0.13411034257397E+01     0.19770590498069E-07
0.13509218642109E+01     0.19691883679229E-07
0.13607403026820E+01     0.19614827095893E-07
0.13705587411532E+01     0.19458825661900E-07
0.13803771796244E+01     0.19134631656925E-07
0.13901956180955E+01     0.18534752399546E-07
0.14000140565667E+01     0.17613354330592E-07
0.14098324950378E+01     0.16460273144503E-07
0.14196509335090E+01     0.15253103669011E-07
0.14294693719802E+01     0.14203481057962E-07
0.14392878104513E+01     0.13326369341371E-07
0.14491062489225E+01     0.12073273047974E-07
0.14589246873936E+01     0.69867982510630E-08
0.14687431258648E+01     0.00000000000000E+00
0.14785615643360E+01     0.00000000000000E+00
0.14883800028071E+01     0.00000000000000E+00
