0.23161987849867E+00     0.00000000000000E+00
0.24143831696983E+00     0.00000000000000E+00
0.25125675544099E+00     0.00000000000000E+00
0.26107519391215E+00     0.78969852879141E-09
0.27089363238331E+00     0.13584562363889E-08
0.28071207085447E+00     0.16749897024937E-08
0.29053050932563E+00     0.18991566097526E-08
0.30034894779679E+00     0.20765171804271E-08
0.31016738626795E+00     0.22265078669648E-08
0.31998582473911E+00     0.23589095121679E-08
0.32980426321027E+00     0.24794439834608E-08
0.33962270168143E+00     0.25921060853307E-08
0.34944114015259E+00     0.27006972214139E-08
0.35925957862375E+00     0.28079494285294E-08
0.36907801709491E+00     0.29167137594044E-08
0.37889645556607E+00     0.30298823450181E-08
0.38871489403723E+00     0.31494196139903E-08
0.39853333250839E+00     0.32768290303409E-08
0.40835177097955E+00     0.34117977332215E-08
0.41817020945071E+00     0.35538816334224E-08
0.42798864792187E+00     0.37017577891874E-08
0.43780708639303E+00     0.38531502433159E-08
0.44762552486418E+00     0.40051304495137E-08
0.45744396333534E+00     0.41543954942824E-08
0.46726240180650E+00     0.42979859671277E-08
0.47708084027766E+00     0.44332426618610E-08
0.48689927874882E+00     0.45574899409928E-08
0.49671771721998E+00     0.46678816367773E-08
0.50653615569114E+00     0.47624602039775E-08
0.51635459416230E+00     0.48414019460097E-08
0.52617303263346E+00     0.49063157980811E-08
0.53599147110462E+00     0.49590251904874E-08
0.54580990957578E+00     0.50005910523510E-08
0.55562834804694E+00     0.50324158173964E-08
0.56544678651810E+00     0.50569206599960E-08
0.57526522498926E+00     0.50763291348233E-08
0.58508366346042E+00     0.50926516337313E-08
0.59490210193158E+00     0.51078732354881E-08
0.60472054040274E+00     0.51243618237606E-08
0.61453897887390E+00     0.51436259695947E-08
0.62435741734506E+00     0.51659996280762E-08
0.63417585581622E+00     0.51918229715398E-08
0.64399429428738E+00     0.52209592205088E-08
0.65381273275854E+00     0.52526418770071E-08
0.66363117122970E+00     0.52855368970484E-08
0.67344960970086E+00     0.53181725689910E-08
0.68326804817202E+00     0.53489577211963E-08
0.69308648664318E+00     0.53767892360668E-08
0.70290492511434E+00     0.54011146666255E-08
0.71272336358550E+00     0.54211324318487E-08
0.72254180205666E+00     0.54359268197857E-08
0.73236024052782E+00     0.54440985053361E-08
0.74217867899898E+00     0.54440132402078E-08
0.75199711747014E+00     0.54345670186251E-08
0.76181555594130E+00     0.54158371121105E-08
0.77163399441246E+00     0.53874780192587E-08
0.78145243288362E+00     0.53483995010595E-08
0.79127087135478E+00     0.52971897979148E-08
0.80108930982593E+00     0.52326645239020E-08
0.81090774829709E+00     0.51542490275835E-08
0.82072618676825E+00     0.50617647850970E-08
0.83054462523941E+00     0.49549995218001E-08
0.84036306371057E+00     0.48337440716750E-08
0.85018150218173E+00     0.46977444156937E-08
0.85999994065289E+00     0.45466781450898E-08
0.86981837912405E+00     0.43803209948123E-08
0.87963681759521E+00     0.41987164856039E-08
0.88945525606637E+00     0.40021572722537E-08
0.89927369453753E+00     0.37913094885766E-08
0.90909213300869E+00     0.35671510190127E-08
0.91891057147985E+00     0.33308267255450E-08
0.92872900995101E+00     0.30833717801215E-08
0.93854744842217E+00     0.28257143291910E-08
0.94836588689333E+00     0.25585800145222E-08
0.95818432536449E+00     0.22825215051370E-08
0.96800276383565E+00     0.19978874110649E-08
0.97782120230681E+00     0.17048976674872E-08
0.98763964077797E+00     0.14036516393645E-08
0.99745807924913E+00     0.10944153361336E-08
0.10072765177203E+01     0.77815914822921E-09
0.10170949561914E+01     0.45942932791476E-09
0.10269133946626E+01     0.18178290817072E-09
0.10367318331338E+01     0.30225869029898E-09
0.10465502716049E+01     0.63804211913876E-09
0.10563687100761E+01     0.10011547146860E-08
0.10661871485472E+01     0.13782870400547E-08
0.10760055870184E+01     0.17669238294715E-08
0.10858240254896E+01     0.21659820603759E-08
0.10956424639607E+01     0.25745774401287E-08
0.11054609024319E+01     0.29914959398525E-08
0.11152793409030E+01     0.34150673400291E-08
0.11250977793742E+01     0.38429330828649E-08
0.11349162178454E+01     0.42720582626998E-08
0.11447346563165E+01     0.46986232682400E-08
0.11545530947877E+01     0.51181734406214E-08
0.11643715332588E+01     0.55260618303521E-08
0.11741899717300E+01     0.59183573597466E-08
0.11840084102012E+01     0.62918217302865E-08
0.11938268486723E+01     0.66440599688633E-08
0.12036452871435E+01     0.69727512652662E-08
0.12134637256146E+01     0.72751724644604E-08
0.12232821640858E+01     0.75481922934273E-08
0.12331006025570E+01     0.77894339867157E-08
0.12429190410281E+01     0.80001978375321E-08
0.12527374794993E+01     0.81832798315418E-08
0.12625559179704E+01     0.83375208959069E-08
0.12723743564416E+01     0.84636786468195E-08
0.12821927949128E+01     0.85692208884325E-08
0.12920112333839E+01     0.86602476301323E-08
0.13018296718551E+01     0.87416465177625E-08
0.13116481103262E+01     0.88240827977870E-08
0.13214665487974E+01     0.89233607170058E-08
0.13312849872686E+01     0.90531164786967E-08
0.13411034257397E+01     0.92183363165077E-08
0.13509218642109E+01     0.94115364390746E-08
0.13607403026820E+01     0.96053911491367E-08
0.13705587411532E+01     0.97604679893948E-08
0.13803771796244E+01     0.98286774274925E-08
0.13901956180955E+01     0.97476506866201E-08
0.14000140565667E+01     0.94823171536973E-08
0.14098324950378E+01     0.90693319521051E-08
0.14196509335090E+01     0.85988407505511E-08
0.14294693719802E+01     0.81892208569911E-08
0.14392878104513E+01     0.78538775483139E-08
0.14491062489225E+01     0.72679027240952E-08
0.14589246873936E+01     0.42928114396545E-08
0.14687431258648E+01     0.00000000000000E+00
0.14785615643360E+01     0.00000000000000E+00
0.14883800028071E+01     0.00000000000000E+00
