0.23161987849867E+00     0.00000000000000E+00
0.24143831696983E+00     0.00000000000000E+00
0.25125675544099E+00     0.00000000000000E+00
0.26107519391215E+00     0.27777680754662E+00
0.27089363238331E+00     0.23813256621361E+00
0.28071207085447E+00     0.15028980374336E+00
0.29053050932563E+00     0.28852865099907E-01
0.30034894779679E+00     -.12072691321373E+00
0.31016738626795E+00     -.30478549003601E+00
0.31998582473911E+00     -.53942763805389E+00
0.32980426321027E+00     -.87216275930405E+00
0.33962270168143E+00     -.13249815702438E+01
0.34944114015259E+00     -.19872547388077E+01
0.35925957862375E+00     -.29194958209991E+01
0.36907801709491E+00     -.41650009155273E+01
0.37889645556607E+00     -.58355631828308E+01
0.38871489403723E+00     -.80205106735229E+01
0.39853333250839E+00     -.10747178077698E+02
0.40835177097955E+00     -.14087782859802E+02
0.41817020945071E+00     -.18125762939453E+02
0.42798864792187E+00     -.22938076019287E+02
0.43780708639303E+00     -.28528951644897E+02
0.44762552486418E+00     -.34940296173096E+02
0.45744396333534E+00     -.42206092834473E+02
0.46726240180650E+00     -.50349929809570E+02
0.47708084027766E+00     -.59385845184326E+02
0.48689927874882E+00     -.69318557739258E+02
0.49671771721998E+00     -.80138633728027E+02
0.50653615569114E+00     -.91833671569824E+02
0.51635459416230E+00     -.10437305450439E+03
0.52617303263346E+00     -.11772360229492E+03
0.53599147110462E+00     -.13184336853027E+03
0.54580990957578E+00     -.14667155456543E+03
0.55562834804694E+00     -.16214627075195E+03
0.56544678651810E+00     -.17819935607910E+03
0.57526522498926E+00     -.19475057983398E+03
0.58508366346042E+00     -.21171757507324E+03
0.59490210193158E+00     -.22901208496094E+03
0.60472054040274E+00     -.24653991699219E+03
0.61453897887390E+00     -.26420507812500E+03
0.62435741734506E+00     -.28185403442383E+03
0.63417585581622E+00     -.29938269042969E+03
0.64399429428738E+00     -.31671618652344E+03
0.65381273275854E+00     -.33374856567383E+03
0.66363117122970E+00     -.35029580688477E+03
0.67344960970086E+00     -.36622747802734E+03
0.68326804817202E+00     -.38150610351563E+03
0.69308648664318E+00     -.39596389770508E+03
0.70290492511434E+00     -.40941629028320E+03
0.71272336358550E+00     -.42190551757813E+03
0.72254180205666E+00     -.43318032836914E+03
0.73236024052782E+00     -.44328167724609E+03
0.74217867899898E+00     -.45213015747070E+03
0.75199711747014E+00     -.45969635009766E+03
0.76181555594130E+00     -.46605035400391E+03
0.77163399441246E+00     -.47120236206055E+03
0.78145243288362E+00     -.47526138305664E+03
0.79127087135478E+00     -.47830084228516E+03
0.80108930982593E+00     -.48034051513672E+03
0.81090774829709E+00     -.48140429687500E+03
0.82072618676825E+00     -.48130587768555E+03
0.83054462523941E+00     -.47977212524414E+03
0.84036306371057E+00     -.47644079589844E+03
0.85018150218173E+00     -.47069995117188E+03
0.85999994065289E+00     -.46174694824219E+03
0.86981837912405E+00     -.44902090454102E+03
0.87963681759521E+00     -.43204129028320E+03
0.88945525606637E+00     -.41036553955078E+03
0.89927369453753E+00     -.38361126708984E+03
0.90909213300869E+00     -.35242074584961E+03
0.91891057147985E+00     -.31732611083984E+03
0.92872900995101E+00     -.27949819946289E+03
0.93854744842217E+00     -.24002304077148E+03
0.94836588689333E+00     -.20029991149902E+03
0.95818432536449E+00     -.16171688842773E+03
0.96800276383565E+00     -.12540303802490E+03
0.97782120230681E+00     -.92641334533691E+02
0.98763964077797E+00     -.64376365661621E+02
0.99745807924913E+00     -.41221721649170E+02
0.10072765177203E+01     -.23667907714844E+02
0.10170949561914E+01     -.12157006263733E+02
0.10269133946626E+01     -.70903401374817E+01
0.10367318331338E+01     -.88066072463989E+01
0.10465502716049E+01     -.17554939270020E+02
0.10563687100761E+01     -.33548202514648E+02
0.10661871485472E+01     -.56862987518311E+02
0.10760055870184E+01     -.87450660705566E+02
0.10858240254896E+01     -.12508518981934E+03
0.10956424639607E+01     -.16897236633301E+03
0.11054609024319E+01     -.21751026916504E+03
0.11152793409030E+01     -.26894418334961E+03
0.11250977793742E+01     -.32080938720703E+03
0.11349162178454E+01     -.37056552124023E+03
0.11447346563165E+01     -.41564196777344E+03
0.11545530947877E+01     -.45391381835938E+03
0.11643715332588E+01     -.48439318847656E+03
0.11741899717300E+01     -.50705856323242E+03
0.11840084102012E+01     -.52235369873047E+03
0.11938268486723E+01     -.53197882080078E+03
0.12036452871435E+01     -.53734002685547E+03
0.12134637256146E+01     -.53954138183594E+03
0.12232821640858E+01     -.53930773925781E+03
0.12331006025570E+01     -.53668041992188E+03
0.12429190410281E+01     -.53128613281250E+03
0.12527374794993E+01     -.52268774414063E+03
0.12625559179704E+01     -.51032528686523E+03
0.12723743564416E+01     -.49387469482422E+03
0.12821927949128E+01     -.47336059570313E+03
0.12920112333839E+01     -.44889608764648E+03
0.13018296718551E+01     -.42068264770508E+03
0.13116481103262E+01     -.38932299804688E+03
0.13214665487974E+01     -.35529666137695E+03
0.13312849872686E+01     -.31909997558594E+03
0.13411034257397E+01     -.28146231079102E+03
0.13509218642109E+01     -.24313397216797E+03
0.13607403026820E+01     -.20483926391602E+03
0.13705587411532E+01     -.16739724731445E+03
0.13803771796244E+01     -.13173159790039E+03
0.13901956180955E+01     -.98754379272461E+02
0.14000140565667E+01     -.69405326843262E+02
0.14098324950378E+01     -.44654483795166E+02
0.14196509335090E+01     -.25307775497437E+02
0.14294693719802E+01     -.12027005195618E+02
0.14392878104513E+01     -.47859244346619E+01
0.14491062489225E+01     -.19633001089096E+01
0.14589246873936E+01     -.84351330995560E+00
0.14687431258648E+01     0.00000000000000E+00
0.14785615643360E+01     0.00000000000000E+00
0.14883800028071E+01     0.00000000000000E+00
