0.23161987849867E+00     0.00000000000000E+00
0.24143831696983E+00     0.00000000000000E+00
0.25125675544099E+00     0.00000000000000E+00
0.26107519391215E+00     0.00000000000000E+00
0.27089363238331E+00     0.00000000000000E+00
0.28071207085447E+00     0.00000000000000E+00
0.29053050932563E+00     0.00000000000000E+00
0.30034894779679E+00     0.00000000000000E+00
0.31016738626795E+00     0.00000000000000E+00
0.31998582473911E+00     0.00000000000000E+00
0.32980426321027E+00     0.00000000000000E+00
0.33962270168143E+00     0.00000000000000E+00
0.34944114015259E+00     0.00000000000000E+00
0.35925957862375E+00     0.00000000000000E+00
0.36907801709491E+00     0.00000000000000E+00
0.37889645556607E+00     0.00000000000000E+00
0.38871489403723E+00     0.00000000000000E+00
0.39853333250839E+00     0.00000000000000E+00
0.40835177097955E+00     0.00000000000000E+00
0.41817020945071E+00     0.00000000000000E+00
0.42798864792187E+00     0.00000000000000E+00
0.43780708639303E+00     0.00000000000000E+00
0.44762552486418E+00     0.00000000000000E+00
0.45744396333534E+00     0.00000000000000E+00
0.46726240180650E+00     0.00000000000000E+00
0.47708084027766E+00     0.00000000000000E+00
0.48689927874882E+00     0.00000000000000E+00
0.49671771721998E+00     0.00000000000000E+00
0.50653615569114E+00     0.00000000000000E+00
0.51635459416230E+00     0.00000000000000E+00
0.52617303263346E+00     0.00000000000000E+00
0.53599147110462E+00     0.00000000000000E+00
0.54580990957578E+00     0.00000000000000E+00
0.55562834804694E+00     0.00000000000000E+00
0.56544678651810E+00     0.00000000000000E+00
0.57526522498926E+00     0.00000000000000E+00
0.58508366346042E+00     0.00000000000000E+00
0.59490210193158E+00     0.00000000000000E+00
0.60472054040274E+00     0.00000000000000E+00
0.61453897887390E+00     0.00000000000000E+00
0.62435741734506E+00     0.00000000000000E+00
0.63417585581622E+00     0.00000000000000E+00
0.64399429428738E+00     0.00000000000000E+00
0.65381273275854E+00     0.00000000000000E+00
0.66363117122970E+00     0.00000000000000E+00
0.67344960970086E+00     0.00000000000000E+00
0.68326804817202E+00     0.00000000000000E+00
0.69308648664318E+00     0.00000000000000E+00
0.70290492511434E+00     0.00000000000000E+00
0.71272336358550E+00     0.00000000000000E+00
0.72254180205666E+00     0.00000000000000E+00
0.73236024052782E+00     0.00000000000000E+00
0.74217867899898E+00     0.00000000000000E+00
0.75199711747014E+00     0.00000000000000E+00
0.76181555594130E+00     0.00000000000000E+00
0.77163399441246E+00     0.00000000000000E+00
0.78145243288362E+00     0.00000000000000E+00
0.79127087135478E+00     0.00000000000000E+00
0.80108930982593E+00     0.00000000000000E+00
0.81090774829709E+00     0.00000000000000E+00
0.82072618676825E+00     0.00000000000000E+00
0.83054462523941E+00     0.00000000000000E+00
0.84036306371057E+00     0.00000000000000E+00
0.85018150218173E+00     0.00000000000000E+00
0.85999994065289E+00     0.00000000000000E+00
0.86981837912405E+00     0.00000000000000E+00
0.87963681759521E+00     0.00000000000000E+00
0.88945525606637E+00     0.00000000000000E+00
0.89927369453753E+00     0.00000000000000E+00
0.90909213300869E+00     0.00000000000000E+00
0.91891057147985E+00     0.00000000000000E+00
0.92872900995101E+00     0.00000000000000E+00
0.93854744842217E+00     0.00000000000000E+00
0.94836588689333E+00     0.00000000000000E+00
0.95818432536449E+00     0.00000000000000E+00
0.96800276383565E+00     0.00000000000000E+00
0.97782120230681E+00     0.00000000000000E+00
0.98763964077797E+00     0.00000000000000E+00
0.99745807924913E+00     0.00000000000000E+00
0.10072765177203E+01     0.00000000000000E+00
0.10170949561914E+01     0.00000000000000E+00
0.10269133946626E+01     0.00000000000000E+00
0.10367318331338E+01     0.00000000000000E+00
0.10465502716049E+01     0.00000000000000E+00
0.10563687100761E+01     0.00000000000000E+00
0.10661871485472E+01     0.00000000000000E+00
0.10760055870184E+01     0.00000000000000E+00
0.10858240254896E+01     0.00000000000000E+00
0.10956424639607E+01     0.00000000000000E+00
0.11054609024319E+01     0.00000000000000E+00
0.11152793409030E+01     0.00000000000000E+00
0.11250977793742E+01     0.00000000000000E+00
0.11349162178454E+01     0.00000000000000E+00
0.11447346563165E+01     0.00000000000000E+00
0.11545530947877E+01     0.00000000000000E+00
0.11643715332588E+01     0.00000000000000E+00
0.11741899717300E+01     0.00000000000000E+00
0.11840084102012E+01     0.00000000000000E+00
0.11938268486723E+01     0.00000000000000E+00
0.12036452871435E+01     0.00000000000000E+00
0.12134637256146E+01     0.00000000000000E+00
0.12232821640858E+01     0.00000000000000E+00
0.12331006025570E+01     0.00000000000000E+00
0.12429190410281E+01     0.00000000000000E+00
0.12527374794993E+01     0.00000000000000E+00
0.12625559179704E+01     0.00000000000000E+00
0.12723743564416E+01     0.00000000000000E+00
0.12821927949128E+01     0.00000000000000E+00
0.12920112333839E+01     0.00000000000000E+00
0.13018296718551E+01     0.00000000000000E+00
0.13116481103262E+01     0.00000000000000E+00
0.13214665487974E+01     0.00000000000000E+00
0.13312849872686E+01     0.00000000000000E+00
0.13411034257397E+01     0.00000000000000E+00
0.13509218642109E+01     0.00000000000000E+00
0.13607403026820E+01     0.00000000000000E+00
0.13705587411532E+01     0.00000000000000E+00
0.13803771796244E+01     0.00000000000000E+00
0.13901956180955E+01     0.00000000000000E+00
0.14000140565667E+01     0.00000000000000E+00
0.14098324950378E+01     0.00000000000000E+00
0.14196509335090E+01     0.00000000000000E+00
0.14294693719802E+01     0.00000000000000E+00
0.14392878104513E+01     0.00000000000000E+00
0.14491062489225E+01     0.00000000000000E+00
0.14589246873936E+01     0.00000000000000E+00
0.14687431258648E+01     0.00000000000000E+00
0.14785615643360E+01     0.00000000000000E+00
0.14883800028071E+01     0.00000000000000E+00
