0.23161987849867E+00     0.00000000000000E+00
0.24143831696983E+00     0.00000000000000E+00
0.25125675544099E+00     0.00000000000000E+00
0.26107519391215E+00     0.41698475251906E-03
0.27089363238331E+00     0.52324766293168E-02
0.28071207085447E+00     0.91408053413033E-02
0.29053050932563E+00     0.12457132339478E-01
0.30034894779679E+00     0.14526430517435E-01
0.31016738626795E+00     0.16105273738503E-01
0.31998582473911E+00     0.16456639394164E-01
0.32980426321027E+00     0.16484180465341E-01
0.33962270168143E+00     0.15578230842948E-01
0.34944114015259E+00     0.14528314583004E-01
0.35925957862375E+00     0.12956134974957E-01
0.36907801709491E+00     0.11388506740332E-01
0.37889645556607E+00     0.96772918477654E-02
0.38871489403723E+00     0.80629549920559E-02
0.39853333250839E+00     0.65632411278784E-02
0.40835177097955E+00     0.51958016119897E-02
0.41817020945071E+00     0.40624784305692E-02
0.42798864792187E+00     0.30556840356439E-02
0.43780708639303E+00     0.22956703323871E-02
0.44762552486418E+00     0.16352154780179E-02
0.45744396333534E+00     0.11759119806811E-02
0.46726240180650E+00     0.78461627708748E-03
0.47708084027766E+00     0.53205725271255E-03
0.48689927874882E+00     0.32085043494590E-03
0.49671771721998E+00     0.19349114154465E-03
0.50653615569114E+00     0.88871769548859E-04
0.51635459416230E+00     0.29373830329860E-04
0.52617303263346E+00     -.18644863303052E-04
0.53599147110462E+00     -.44917484046891E-04
0.54580990957578E+00     -.65730411733966E-04
0.55562834804694E+00     -.77212549513206E-04
0.56544678651810E+00     -.86113868746907E-04
0.57526522498926E+00     -.91570334916469E-04
0.58508366346042E+00     -.95669594884384E-04
0.59490210193158E+00     -.98818432888947E-04
0.60472054040274E+00     -.10105279943673E-03
0.61453897887390E+00     -.10326337360311E-03
0.62435741734506E+00     -.10466288222233E-03
0.63417585581622E+00     -.10629800817696E-03
0.64399429428738E+00     -.10707406181609E-03
0.65381273275854E+00     -.10808267688844E-03
0.66363117122970E+00     -.10811901302077E-03
0.67344960970086E+00     -.10825118079083E-03
0.68326804817202E+00     -.10723952436820E-03
0.69308648664318E+00     -.10610557364998E-03
0.70290492511434E+00     -.10360805754317E-03
0.71272336358550E+00     -.10066708637169E-03
0.72254180205666E+00     -.96103620307986E-04
0.73236024052782E+00     -.90672161604743E-04
0.74217867899898E+00     -.83303290011827E-04
0.75199711747014E+00     -.74544761446305E-04
0.76181555594130E+00     -.63500141550321E-04
0.77163399441246E+00     -.50487931730459E-04
0.78145243288362E+00     -.34833534300560E-04
0.79127087135478E+00     -.16663507267367E-04
0.80108930982593E+00     0.44623270696320E-05
0.81090774829709E+00     0.28485410439316E-04
0.82072618676825E+00     0.55689310102025E-04
0.83054462523941E+00     0.85841653344687E-04
0.84036306371057E+00     0.11916563380510E-03
0.85018150218173E+00     0.15500160225201E-03
0.85999994065289E+00     0.19372956012376E-03
0.86981837912405E+00     0.23396196775138E-03
0.87963681759521E+00     0.27647960814647E-03
0.88945525606637E+00     0.31890414538793E-03
0.89927369453753E+00     0.36274472950026E-03
0.90909213300869E+00     0.40462039760314E-03
0.91891057147985E+00     0.44703789171763E-03
0.92872900995101E+00     0.48544537276030E-03
0.93854744842217E+00     0.52353739738464E-03
0.94836588689333E+00     0.55572815472260E-03
0.95818432536449E+00     0.58696791529655E-03
0.96800276383565E+00     0.61069347430021E-03
0.97782120230681E+00     0.63305342337117E-03
0.98763964077797E+00     0.64656534232199E-03
0.99745807924913E+00     0.65849605016410E-03
0.10072765177203E+01     0.66048331791535E-03
0.10170949561914E+01     0.66082365810871E-03
0.10269133946626E+01     0.65041147172451E-03
0.10367318331338E+01     0.63844764372334E-03
0.10465502716049E+01     0.61532238032669E-03
0.10563687100761E+01     0.59092522133142E-03
0.10661871485472E+01     0.55553339188918E-03
0.10760055870184E+01     0.51936547970399E-03
0.10858240254896E+01     0.47311783418991E-03
0.10956424639607E+01     0.42682766797952E-03
0.11054609024319E+01     0.37220233934931E-03
0.11152793409030E+01     0.31851578387432E-03
0.11250977793742E+01     0.25901981280185E-03
0.11349162178454E+01     0.20169696654193E-03
0.11447346563165E+01     0.14141231076792E-03
0.11545530947877E+01     0.84514547779690E-04
0.11643715332588E+01     0.27172505724593E-04
0.11741899717300E+01     -.25864545023069E-04
0.11840084102012E+01     -.78456250776071E-04
0.11938268486723E+01     -.12666854308918E-03
0.12036452871435E+01     -.17617736011744E-03
0.12134637256146E+01     -.22235210053623E-03
0.12232821640858E+01     -.27501440490596E-03
0.12331006025570E+01     -.32646453473717E-03
0.12429190410281E+01     -.39285892853513E-03
0.12527374794993E+01     -.46084984205663E-03
0.12625559179704E+01     -.55384723236784E-03
0.12723743564416E+01     -.65113458549604E-03
0.12821927949128E+01     -.78161607962102E-03
0.12920112333839E+01     -.91765791876242E-03
0.13018296718551E+01     -.10875692823902E-02
0.13116481103262E+01     -.12615947052836E-02
0.13214665487974E+01     -.14569713966921E-02
0.13312849872686E+01     -.16510365530849E-02
0.13411034257397E+01     -.18376372754574E-02
0.13509218642109E+01     -.20140451379120E-02
0.13607403026820E+01     -.21408777683973E-02
0.13705587411532E+01     -.22469975519925E-02
0.13803771796244E+01     -.22594814654440E-02
0.13901956180955E+01     -.22431400138885E-02
0.14000140565667E+01     -.21031652577221E-02
0.14098324950378E+01     -.19324789755046E-02
0.14196509335090E+01     -.16373841790482E-02
0.14294693719802E+01     -.13183675473556E-02
0.14392878104513E+01     -.90907741105184E-03
0.14491062489225E+01     -.49054186092690E-03
0.14589246873936E+01     -.43635416659527E-04
0.14687431258648E+01     0.00000000000000E+00
0.14785615643360E+01     0.00000000000000E+00
0.14883800028071E+01     0.00000000000000E+00
