0.23161987849867E+00     0.00000000000000E+00
0.24143831696983E+00     0.00000000000000E+00
0.25125675544099E+00     0.00000000000000E+00
0.26107519391215E+00     0.48072231584229E-03
0.27089363238331E+00     0.53314706310630E-02
0.28071207085447E+00     0.95700528472662E-02
0.29053050932563E+00     0.12645529583097E-01
0.30034894779679E+00     0.15149693936110E-01
0.31016738626795E+00     0.16323277726769E-01
0.31998582473911E+00     0.17069062218070E-01
0.32980426321027E+00     0.16671987250447E-01
0.33962270168143E+00     0.16035765409470E-01
0.34944114015259E+00     0.14652770012617E-01
0.35925957862375E+00     0.13207401148975E-01
0.36907801709491E+00     0.11446281336248E-01
0.37889645556607E+00     0.97485380247235E-02
0.38871489403723E+00     0.80706998705864E-02
0.39853333250839E+00     0.65197329968214E-02
0.40835177097955E+00     0.51766270771623E-02
0.41817020945071E+00     0.39711361750960E-02
0.42798864792187E+00     0.30289851129055E-02
0.43780708639303E+00     0.22034570574760E-02
0.44762552486418E+00     0.16124610556290E-02
0.45744396333534E+00     0.11054214555770E-02
0.46726240180650E+00     0.76995324343443E-03
0.47708084027766E+00     0.48766648978926E-03
0.48689927874882E+00     0.31387130729854E-03
0.49671771721998E+00     0.17028841830324E-03
0.50653615569114E+00     0.87352011178155E-04
0.51635459416230E+00     0.20034882254549E-04
0.52617303263346E+00     -.17018050129991E-04
0.53599147110462E+00     -.46575714804931E-04
0.54580990957578E+00     -.62666491430718E-04
0.55562834804694E+00     -.75282419857103E-04
0.56544678651810E+00     -.82665217632893E-04
0.57526522498926E+00     -.88352622697130E-04
0.58508366346042E+00     -.92418995336629E-04
0.59490210193158E+00     -.95480150775984E-04
0.60472054040274E+00     -.98328702733852E-04
0.61453897887390E+00     -.10038370965049E-03
0.62435741734506E+00     -.10268996265950E-03
0.63417585581622E+00     -.10420897888253E-03
0.64399429428738E+00     -.10605871648295E-03
0.65381273275854E+00     -.10704527085181E-03
0.66363117122970E+00     -.10828852828126E-03
0.67344960970086E+00     -.10853186540771E-03
0.68326804817202E+00     -.10885229130508E-03
0.69308648664318E+00     -.10799781011883E-03
0.70290492511434E+00     -.10694385127863E-03
0.71272336358550E+00     -.10447997192387E-03
0.72254180205666E+00     -.10143428517040E-03
0.73236024052782E+00     -.96690178907011E-04
0.74217867899898E+00     -.90849476691801E-04
0.75199711747014E+00     -.82972757809330E-04
0.76181555594130E+00     -.73381292168051E-04
0.77163399441246E+00     -.61386155721266E-04
0.78145243288362E+00     -.47017005272210E-04
0.79127087135478E+00     -.29879460271331E-04
0.80108930982593E+00     -.97883576017921E-05
0.81090774829709E+00     0.13362709069042E-04
0.82072618676825E+00     0.39823582483223E-04
0.83054462523941E+00     0.69481931859627E-04
0.84036306371057E+00     0.10234265209874E-03
0.85018150218173E+00     0.13829318049829E-03
0.85999994065289E+00     0.17676119750831E-03
0.86981837912405E+00     0.21790705795866E-03
0.87963681759521E+00     0.26022663223557E-03
0.88945525606637E+00     0.30446273740381E-03
0.89927369453753E+00     0.34805337782018E-03
0.90909213300869E+00     0.39269981789403E-03
0.91891057147985E+00     0.43453878606670E-03
0.92872900995101E+00     0.47650921624154E-03
0.93854744842217E+00     0.51353208255023E-03
0.94836588689333E+00     0.54990674834698E-03
0.95818432536449E+00     0.57944259606302E-03
0.96800276383565E+00     0.60781167121604E-03
0.97782120230681E+00     0.62769738724455E-03
0.98763964077797E+00     0.64608396496624E-03
0.99745807924913E+00     0.65464514773339E-03
0.10072765177203E+01     0.66156120738015E-03
0.10170949561914E+01     0.65759860444814E-03
0.10269133946626E+01     0.65200292738155E-03
0.10367318331338E+01     0.63484889687970E-03
0.10465502716049E+01     0.61624939553440E-03
0.10563687100761E+01     0.58594881556928E-03
0.10661871485472E+01     0.55459735449404E-03
0.10760055870184E+01     0.51213637925684E-03
0.10858240254896E+01     0.46925860806368E-03
0.10956424639607E+01     0.41674231761135E-03
0.11054609024319E+01     0.36470885970630E-03
0.11152793409030E+01     0.30540383886546E-03
0.11250977793742E+01     0.24773372570053E-03
0.11349162178454E+01     0.18579371680971E-03
0.11447346563165E+01     0.12675407924689E-03
0.11545530947877E+01     0.66522807173897E-04
0.11643715332588E+01     0.10387449947302E-04
0.11741899717300E+01     -.44916952901986E-04
0.11840084102012E+01     -.95595452876296E-04
0.11938268486723E+01     -.14560649287887E-03
0.12036452871435E+01     -.19151424930897E-03
0.12134637256146E+01     -.24022915749811E-03
0.12232821640858E+01     -.28651725733653E-03
0.12331006025570E+01     -.34274914651178E-03
0.12429190410281E+01     -.39919043774717E-03
0.12527374794993E+01     -.47573220217600E-03
0.12625559179704E+01     -.55541330948472E-03
0.12723743564416E+01     -.66580757265911E-03
0.12821927949128E+01     -.78164396109059E-03
0.12920112333839E+01     -.93439029296860E-03
0.13018296718551E+01     -.10927413823083E-02
0.13116481103262E+01     -.12835613451898E-02
0.13214665487974E+01     -.14764332445338E-02
0.13312849872686E+01     -.16810143133625E-02
0.13411034257397E+01     -.18799821846187E-02
0.13509218642109E+01     -.20530654583126E-02
0.13607403026820E+01     -.22096214815974E-02
0.13705587411532E+01     -.22929718252271E-02
0.13803771796244E+01     -.23492111358792E-02
0.13901956180955E+01     -.22901841439307E-02
0.14000140565667E+01     -.21980281453580E-02
0.14098324950378E+01     -.19720117561519E-02
0.14196509335090E+01     -.17153583467007E-02
0.14294693719802E+01     -.13421032344922E-02
0.14392878104513E+01     -.95023598987609E-03
0.14491062489225E+01     -.49456109991297E-03
0.14589246873936E+01     -.40421564335702E-04
0.14687431258648E+01     0.00000000000000E+00
0.14785615643360E+01     0.00000000000000E+00
0.14883800028071E+01     0.00000000000000E+00
