0.23161987849867E+00     0.59383133177926E+19
0.24143831696983E+00     0.59383133177926E+19
0.25125675544099E+00     0.59383133177926E+19
0.26107519391215E+00     0.60784576196248E+19
0.27089363238331E+00     0.76137810220349E+19
0.28071207085447E+00     0.92258151516917E+19
0.29053050932563E+00     0.10915699652397E+20
0.30034894779679E+00     0.12658962144097E+20
0.31016738626795E+00     0.14442242461001E+20
0.31998582473911E+00     0.16255672486250E+20
0.32980426321027E+00     0.18089229071845E+20
0.33962270168143E+00     0.19924434924882E+20
0.34944114015259E+00     0.21725124908900E+20
0.35925957862375E+00     0.23456822737299E+20
0.36907801709491E+00     0.25072539681153E+20
0.37889645556607E+00     0.26519114353260E+20
0.38871489403723E+00     0.27756990723298E+20
0.39853333250839E+00     0.28758302768574E+20
0.40835177097955E+00     0.29530960375738E+20
0.41817020945071E+00     0.30090838293671E+20
0.42798864792187E+00     0.30469129667254E+20
0.43780708639303E+00     0.30713467539225E+20
0.44762552486418E+00     0.30876307410322E+20
0.45744396333534E+00     0.31010911822818E+20
0.46726240180650E+00     0.31158563040288E+20
0.47708084027766E+00     0.31352695012312E+20
0.48689927874882E+00     0.31624080870326E+20
0.49671771721998E+00     0.32005547633490E+20
0.50653615569114E+00     0.32519144907987E+20
0.51635459416230E+00     0.33161462008747E+20
0.52617303263346E+00     0.33912318499356E+20
0.53599147110462E+00     0.34750647737023E+20
0.54580990957578E+00     0.35666400185472E+20
0.55562834804694E+00     0.36646144210658E+20
0.56544678651810E+00     0.37660269964444E+20
0.57526522498926E+00     0.38679614000416E+20
0.58508366346042E+00     0.39675661584018E+20
0.59490210193158E+00     0.40617921058789E+20
0.60472054040274E+00     0.41467166247898E+20
0.61453897887390E+00     0.42195342012648E+20
0.62435741734506E+00     0.42793700638530E+20
0.63417585581622E+00     0.43254286059406E+20
0.64399429428738E+00     0.43577604050623E+20
0.65381273275854E+00     0.43775617298692E+20
0.66363117122970E+00     0.43870324832262E+20
0.67344960970086E+00     0.43886069838772E+20
0.68326804817202E+00     0.43848431356730E+20
0.69308648664318E+00     0.43774530981204E+20
0.70290492511434E+00     0.43670785462054E+20
0.71272336358550E+00     0.43546738560208E+20
0.72254180205666E+00     0.43412387035387E+20
0.73236024052782E+00     0.43284179581542E+20
0.74217867899898E+00     0.43181300477554E+20
0.75199711747014E+00     0.43114546927608E+20
0.76181555594130E+00     0.43074691830125E+20
0.77163399441246E+00     0.43056782984731E+20
0.78145243288362E+00     0.43066894093660E+20
0.79127087135478E+00     0.43115791574771E+20
0.80108930982593E+00     0.43210657438015E+20
0.81090774829709E+00     0.43348602166836E+20
0.82072618676825E+00     0.43519545438630E+20
0.83054462523941E+00     0.43713059485118E+20
0.84036306371057E+00     0.43919301478210E+20
0.85018150218173E+00     0.44129945915859E+20
0.85999994065289E+00     0.44340801459741E+20
0.86981837912405E+00     0.44550108891251E+20
0.87963681759521E+00     0.44756377272622E+20
0.88945525606637E+00     0.44958093675854E+20
0.89927369453753E+00     0.45153085465970E+20
0.90909213300869E+00     0.45336484005483E+20
0.91891057147985E+00     0.45501978097649E+20
0.92872900995101E+00     0.45645200482284E+20
0.93854744842217E+00     0.45764176436502E+20
0.94836588689333E+00     0.45858866377886E+20
0.95818432536449E+00     0.45930787632482E+20
0.96800276383565E+00     0.45982530649685E+20
0.97782120230681E+00     0.46017420352658E+20
0.98763964077797E+00     0.46039120314144E+20
0.99745807924913E+00     0.46051285310793E+20
0.10072765177203E+01     0.46057205081397E+20
0.10170949561914E+01     0.46059593220653E+20
0.10269133946626E+01     0.46060279315909E+20
0.10367318331338E+01     0.46060059413583E+20
0.10465502716049E+01     0.46058599262141E+20
0.10563687100761E+01     0.46054315564839E+20
0.10661871485472E+01     0.46044257232469E+20
0.10760055870184E+01     0.46024232926704E+20
0.10858240254896E+01     0.45988947399545E+20
0.10956424639607E+01     0.45932379725319E+20
0.11054609024319E+01     0.45848346250631E+20
0.11152793409030E+01     0.45731318631017E+20
0.11250977793742E+01     0.45577488158199E+20
0.11349162178454E+01     0.45386212717384E+20
0.11447346563165E+01     0.45161811190248E+20
0.11545530947877E+01     0.44914205569719E+20
0.11643715332588E+01     0.44651620202774E+20
0.11741899717300E+01     0.44377472371551E+20
0.11840084102012E+01     0.44094757145724E+20
0.11938268486723E+01     0.43808017707340E+20
0.12036452871435E+01     0.43532475695372E+20
0.12134637256146E+01     0.43295460570843E+20
0.12232821640858E+01     0.43130401885281E+20
0.12331006025570E+01     0.43060490537940E+20
0.12429190410281E+01     0.43069400980172E+20
0.12527374794993E+01     0.43134461282211E+20
0.12625559179704E+01     0.43276667718101E+20
0.12723743564416E+01     0.43487285767471E+20
0.12821927949128E+01     0.43694350195260E+20
0.12920112333839E+01     0.43842718294312E+20
0.13018296718551E+01     0.43883993960819E+20
0.13116481103262E+01     0.43706642735259E+20
0.13214665487974E+01     0.43153724725929E+20
0.13312849872686E+01     0.42109140301030E+20
0.13411034257397E+01     0.40556603494332E+20
0.13509218642109E+01     0.38606179817820E+20
0.13607403026820E+01     0.36496003698862E+20
0.13705587411532E+01     0.34482026051241E+20
0.13803771796244E+01     0.32783016703537E+20
0.13901956180955E+01     0.31645424590044E+20
0.14000140565667E+01     0.31091585189971E+20
0.14098324950378E+01     0.30695730217646E+20
0.14196509335090E+01     0.29573524669872E+20
0.14294693719802E+01     0.26489834358612E+20
0.14392878104513E+01     0.20984054071779E+20
0.14491062489225E+01     0.14050827316629E+20
0.14589246873936E+01     0.66848135433316E+19
0.14687431258648E+01     0.59383133177926E+19
0.14785615643360E+01     0.59383133177926E+19
0.14883800028071E+01     0.59383133177926E+19
