0.10716201844600E+01     0.00000000000000E+00
0.10814386204856E+01     0.00000000000000E+00
0.10912570565112E+01     0.00000000000000E+00
0.11010754925368E+01     0.19574850797653E+01
0.11108939285624E+01     0.19406517744064E+01
0.11207123645880E+01     0.19241394996643E+01
0.11305308006136E+01     0.19079396724701E+01
0.11403492366393E+01     0.18920443058014E+01
0.11501676726649E+01     0.18764455318451E+01
0.11599861086905E+01     0.18611353635788E+01
0.11698045447161E+01     0.18461061716080E+01
0.11796229807417E+01     0.18313499689102E+01
0.11894414167673E+01     0.18168594837189E+01
0.11992598527929E+01     0.18026268482208E+01
0.12090782888185E+01     0.17886447906494E+01
0.12188967248442E+01     0.17749060392380E+01
0.12287151608698E+01     0.17614034414291E+01
0.12385335968954E+01     0.17481299638748E+01
0.12483520329210E+01     0.17350703477859E+01
0.12581704689466E+01     0.17222473621368E+01
0.12679889049722E+01     0.17096233367920E+01
0.12778073409978E+01     0.16971739530563E+01
0.12876257770234E+01     0.16848976612091E+01
0.12974442130490E+01     0.16728130578995E+01
0.13072626490747E+01     0.16609253883362E+01
0.13170810851003E+01     0.16492378711700E+01
0.13268995211259E+01     0.16377527713776E+01
0.13367179571515E+01     0.16264719963074E+01
0.13465363931771E+01     0.16153969764709E+01
0.13563548292027E+01     0.16045277118683E+01
0.13661732652283E+01     0.15938626527786E+01
0.13759917012539E+01     0.15833979845047E+01
0.13858101372796E+01     0.15731273889542E+01
0.13956285733052E+01     0.15630408525467E+01
0.14054470093308E+01     0.15531255006790E+01
0.14152654453564E+01     0.15433764457703E+01
0.14250838813820E+01     0.15337822437286E+01
0.14349023174076E+01     0.15243480205536E+01
0.14447207534332E+01     0.15150703191757E+01
0.14545391894588E+01     0.15059454441071E+01
0.14643576254844E+01     0.14969695806503E+01
0.14741760615101E+01     0.14881386756897E+01
0.14839944975357E+01     0.14794489145279E+01
0.14938129335613E+01     0.14708957672119E+01
0.15036313695869E+01     0.14624749422073E+01
0.15134498056125E+01     0.14541819095612E+01
0.15232682416381E+01     0.14460116624832E+01
0.15330866776637E+01     0.14379589557648E+01
0.15429051136893E+01     0.14300184249878E+01
0.15527235497150E+01     0.14221842288971E+01
0.15625419857406E+01     0.14144506454468E+01
0.15723604217662E+01     0.14068114757538E+01
0.15821788577918E+01     0.13992600440979E+01
0.15919972938174E+01     0.13917900323868E+01
0.16018157298430E+01     0.13843944072723E+01
0.16116341658686E+01     0.13770663738251E+01
0.16214526018942E+01     0.13697988986969E+01
0.16312710379199E+01     0.13625851869583E+01
0.16410894739455E+01     0.13554179668427E+01
0.16509079099711E+01     0.13482910394669E+01
0.16607263459967E+01     0.13411974906921E+01
0.16705447820223E+01     0.13341317176819E+01
0.16803632180479E+01     0.13270877599716E+01
0.16901816540735E+01     0.13200608491898E+01
0.17000000900991E+01     0.13130463361740E+01
0.17098185261247E+01     0.13060412406921E+01
0.17196369621504E+01     0.12990421056747E+01
0.17294553981760E+01     0.12920476198196E+01
0.17392738342016E+01     0.12850565910339E+01
0.17490922702272E+01     0.12780693769455E+01
0.17589107062528E+01     0.12710865736008E+01
0.17687291422784E+01     0.12641108036041E+01
0.17785475783040E+01     0.12571440935135E+01
0.17883660143296E+01     0.12501908540726E+01
0.17981844503553E+01     0.12432546615601E+01
0.18080028863809E+01     0.12363408803940E+01
0.18178213224065E+01     0.12294540405273E+01
0.18276397584321E+01     0.12226004600525E+01
0.18374581944577E+01     0.12157847881317E+01
0.18472766304833E+01     0.12090133428574E+01
0.18570950665089E+01     0.12022908926010E+01
0.18669135025345E+01     0.11956226825714E+01
0.18767319385602E+01     0.11890130043030E+01
0.18865503745858E+01     0.11824661493301E+01
0.18963688106114E+01     0.11759853363037E+01
0.19061872466370E+01     0.11695734262466E+01
0.19160056826626E+01     0.11632325649261E+01
0.19258241186882E+01     0.11569643020630E+01
0.19356425547138E+01     0.11507693529129E+01
0.19454609907394E+01     0.11446480751038E+01
0.19552794267650E+01     0.11386002302170E+01
0.19650978627907E+01     0.11326251029968E+01
0.19749162988163E+01     0.11267213821411E+01
0.19847347348419E+01     0.11208875179291E+01
0.19945531708675E+01     0.11151218414307E+01
0.20043716068931E+01     0.11094220876694E+01
0.20141900429187E+01     0.11037861108780E+01
0.20240084789443E+01     0.10982115268707E+01
0.20338269149699E+01     0.10926960706711E+01
0.20436453509956E+01     0.10872370004654E+01
0.20534637870212E+01     0.10818320512772E+01
0.20632822230468E+01     0.10764784812927E+01
0.20731006590724E+01     0.10711740255356E+01
0.20829190950980E+01     0.10659161806107E+01
0.20927375311236E+01     0.10607026815414E+01
0.21025559671492E+01     0.10555562973022E+01
0.21123744031748E+01     0.10504784584045E+01
0.21221928392005E+01     0.10454227924347E+01
0.21320112752261E+01     0.10403591394424E+01
0.21418297112517E+01     0.10352774858475E+01
0.21516481472773E+01     0.10301831960678E+01
0.21614665833029E+01     0.10250967741013E+01
0.21712850193285E+01     0.10200464725494E+01
0.21811034553541E+01     0.10150643587112E+01
0.21909218913797E+01     0.10101721286774E+01
0.22007403274054E+01     0.10053633451462E+01
0.22105587634310E+01     0.10018304586411E+01
0.22203771994566E+01     0.99662524461746E+00
0.22301956354822E+01     0.99148339033127E+00
0.22400140715078E+01     0.98640835285187E+00
0.22498325075334E+01     0.98139882087708E+00
0.22596509435590E+01     0.97645342350006E+00
0.22694693795846E+01     0.97157287597656E+00
0.22792878156102E+01     0.96675604581833E+00
0.22891062516359E+01     0.96200430393219E+00
0.22989246876615E+01     0.95731592178345E+00
0.23087431236871E+01     0.00000000000000E+00
0.23185615597127E+01     0.00000000000000E+00
0.23283799957383E+01     0.00000000000000E+00
