0.10716201844600E+01     0.00000000000000E+00
0.10814386204856E+01     0.00000000000000E+00
0.10912570565112E+01     0.00000000000000E+00
0.11010754925368E+01     0.48867201485336E-06
0.11108939285624E+01     0.11052416084567E-05
0.11207123645880E+01     0.26345917376602E-05
0.11305308006136E+01     0.59117960518051E-05
0.11403492366393E+01     0.12021591828670E-04
0.11501676726649E+01     0.22311574866762E-04
0.11599861086905E+01     0.38392696296796E-04
0.11698045447161E+01     0.62137449276634E-04
0.11796229807417E+01     0.95672185125295E-04
0.11894414167673E+01     0.14136634126771E-03
0.11992598527929E+01     0.20181237778161E-03
0.12090782888185E+01     0.27980405138806E-03
0.12188967248442E+01     0.37830407381989E-03
0.12287151608698E+01     0.50042418297380E-03
0.12385335968954E+01     0.64947624923661E-03
0.12483520329210E+01     0.83902647020295E-03
0.12581704689466E+01     0.10375861311331E-02
0.12679889049722E+01     0.12856903485954E-02
0.12778073409978E+01     0.16089089913294E-02
0.12876257770234E+01     0.20068751182407E-02
0.12974442130490E+01     0.24551011156291E-02
0.13072626490747E+01     0.29449453577399E-02
0.13170810851003E+01     0.34701456315815E-02
0.13268995211259E+01     0.40250462479889E-02
0.13367179571515E+01     0.46045067720115E-02
0.13465363931771E+01     0.52041988819838E-02
0.13563548292027E+01     0.58211227878928E-02
0.13661732652283E+01     0.64542349427938E-02
0.13759917012539E+01     0.71052485145628E-02
0.13858101372796E+01     0.77793453820050E-02
0.13956285733052E+01     0.84856143221259E-02
0.14054470093308E+01     0.92364531010389E-02
0.14152654453564E+01     0.10044093243778E-01
0.14250838813820E+01     0.10901719331741E-01
0.14349023174076E+01     0.11806062422693E-01
0.14447207534332E+01     0.12757835909724E-01
0.14545391894588E+01     0.13757683336735E-01
0.14643576254844E+01     0.14806040562689E-01
0.14741760615101E+01     0.15903258696198E-01
0.14839944975357E+01     0.17049437388778E-01
0.14938129335613E+01     0.18244581297040E-01
0.15036313695869E+01     0.19488394260406E-01
0.15134498056125E+01     0.20780479535460E-01
0.15232682416381E+01     0.22120086476207E-01
0.15330866776637E+01     0.23506363853812E-01
0.15429051136893E+01     0.24938033893704E-01
0.15527235497150E+01     0.26413699612021E-01
0.15625419857406E+01     0.27931470423937E-01
0.15723604217662E+01     0.29489329084754E-01
0.15821788577918E+01     0.31084686517715E-01
0.15919972938174E+01     0.32714780420065E-01
0.16018157298430E+01     0.34376189112663E-01
0.16116341658686E+01     0.36065299063921E-01
0.16214526018942E+01     0.37777703255415E-01
0.16312710379199E+01     0.39508774876595E-01
0.16410894739455E+01     0.41252978146076E-01
0.16509079099711E+01     0.43004512786865E-01
0.16607263459967E+01     0.44756561517715E-01
0.16705447820223E+01     0.46502020210028E-01
0.16803632180479E+01     0.48232667148113E-01
0.16901816540735E+01     0.49939993768930E-01
0.17000000900991E+01     0.51614336669445E-01
0.17098185261247E+01     0.53245816379786E-01
0.17196369621504E+01     0.54823439568281E-01
0.17294553981760E+01     0.56336134672165E-01
0.17392738342016E+01     0.57771816849709E-01
0.17490922702272E+01     0.59118624776602E-01
0.17589107062528E+01     0.60363933444023E-01
0.17687291422784E+01     0.61495717614889E-01
0.17785475783040E+01     0.62501542270184E-01
0.17883660143296E+01     0.63370019197464E-01
0.17981844503553E+01     0.64089804887772E-01
0.18080028863809E+01     0.64651116728783E-01
0.18178213224065E+01     0.65044708549976E-01
0.18276397584321E+01     0.65263405442238E-01
0.18374581944577E+01     0.65301008522511E-01
0.18472766304833E+01     0.65153785049915E-01
0.18570950665089E+01     0.64819239079952E-01
0.18669135025345E+01     0.64297623932362E-01
0.18767319385602E+01     0.63590563833714E-01
0.18865503745858E+01     0.62702424824238E-01
0.18963688106114E+01     0.61638880521059E-01
0.19061872466370E+01     0.60408122837543E-01
0.19160056826626E+01     0.59019390493631E-01
0.19258241186882E+01     0.57484053075314E-01
0.19356425547138E+01     0.55814135819674E-01
0.19454609907394E+01     0.54023232311010E-01
0.19552794267650E+01     0.52125133574009E-01
0.19650978627907E+01     0.50134662538767E-01
0.19749162988163E+01     0.48066359013319E-01
0.19847347348419E+01     0.45935239642859E-01
0.19945531708675E+01     0.43755672872067E-01
0.20043716068931E+01     0.41542030870914E-01
0.20141900429187E+01     0.39307765662670E-01
0.20240084789443E+01     0.37065982818604E-01
0.20338269149699E+01     0.34828692674637E-01
0.20436453509956E+01     0.32607354223728E-01
0.20534637870212E+01     0.30412303283811E-01
0.20632822230468E+01     0.28253175318241E-01
0.20731006590724E+01     0.26138536632061E-01
0.20829190950980E+01     0.24076245725155E-01
0.20927375311236E+01     0.22073170170188E-01
0.21025559671492E+01     0.20088555291295E-01
0.21123744031748E+01     0.18121713772416E-01
0.21221928392005E+01     0.16260392963886E-01
0.21320112752261E+01     0.14563972130418E-01
0.21418297112517E+01     0.13055251911283E-01
0.21516481472773E+01     0.11723238974810E-01
0.21614665833029E+01     0.10529566556215E-01
0.21712850193285E+01     0.94160381704569E-02
0.21811034553541E+01     0.83181979134679E-02
0.21909218913797E+01     0.71864370256662E-02
0.22007403274054E+01     0.60280738398433E-02
0.22105587634310E+01     0.41027623228729E-03
0.22203771994566E+01     0.30558026628569E-03
0.22301956354822E+01     0.21499210561160E-03
0.22400140715078E+01     0.14124599692877E-03
0.22498325075334E+01     0.85163621406537E-04
0.22596509435590E+01     0.45906748709967E-04
0.22694693795846E+01     0.21240350179141E-04
0.22792878156102E+01     0.79366500358447E-05
0.22891062516359E+01     0.22641497707809E-05
0.22989246876615E+01     0.57141267006955E-06
0.23087431236871E+01     0.00000000000000E+00
0.23185615597127E+01     0.00000000000000E+00
0.23283799957383E+01     0.00000000000000E+00
