0.10716201844600E+01     0.00000000000000E+00
0.10814386204856E+01     0.00000000000000E+00
0.10912570565112E+01     0.00000000000000E+00
0.11010754925368E+01     0.19339355230331E+01
0.11108939285624E+01     0.19168477058411E+01
0.11207123645880E+01     0.19000654220581E+01
0.11305308006136E+01     0.18835830688477E+01
0.11403492366393E+01     0.18673944473267E+01
0.11501676726649E+01     0.18514933586121E+01
0.11599861086905E+01     0.18358732461929E+01
0.11698045447161E+01     0.18205271959305E+01
0.11796229807417E+01     0.18054485321045E+01
0.11894414167673E+01     0.17906303405762E+01
0.11992598527929E+01     0.17760658264160E+01
0.12090782888185E+01     0.17617483139038E+01
0.12188967248442E+01     0.17476711273193E+01
0.12287151608698E+01     0.17338280677795E+01
0.12385335968954E+01     0.17202129364014E+01
0.12483520329210E+01     0.17068111896515E+01
0.12581704689466E+01     0.16936472654343E+01
0.12679889049722E+01     0.16806844472885E+01
0.12778073409978E+01     0.16678937673569E+01
0.12876257770234E+01     0.16552685499191E+01
0.12974442130490E+01     0.16428283452988E+01
0.13072626490747E+01     0.16305798292160E+01
0.13170810851003E+01     0.16185266971588E+01
0.13268995211259E+01     0.16066722869873E+01
0.13367179571515E+01     0.15950199365616E+01
0.13465363931771E+01     0.15835726261139E+01
0.13563548292027E+01     0.15723335742950E+01
0.13661732652283E+01     0.15613059997559E+01
0.13759917012539E+01     0.15504938364029E+01
0.13858101372796E+01     0.15399018526077E+01
0.13956285733052E+01     0.15295362472534E+01
0.14054470093308E+01     0.15194067955017E+01
0.14152654453564E+01     0.15095267295837E+01
0.14250838813820E+01     0.14998728036880E+01
0.14349023174076E+01     0.14904363155365E+01
0.14447207534332E+01     0.14812188148499E+01
0.14545391894588E+01     0.14722219705582E+01
0.14643576254844E+01     0.14634469747543E+01
0.14741760615101E+01     0.14548946619034E+01
0.14839944975357E+01     0.14465658664703E+01
0.14938129335613E+01     0.14384603500366E+01
0.15036313695869E+01     0.14305775165558E+01
0.15134498056125E+01     0.14229159355164E+01
0.15232682416381E+01     0.14154731035233E+01
0.15330866776637E+01     0.14082454442978E+01
0.15429051136893E+01     0.14012280702591E+01
0.15527235497150E+01     0.13944149017334E+01
0.15625419857406E+01     0.13877980709076E+01
0.15723604217662E+01     0.13813685178757E+01
0.15821788577918E+01     0.13751146793365E+01
0.15919972938174E+01     0.13690239191055E+01
0.16018157298430E+01     0.13630813360214E+01
0.16116341658686E+01     0.13572703599930E+01
0.16214526018942E+01     0.13515723943710E+01
0.16312710379199E+01     0.13459674119949E+01
0.16410894739455E+01     0.13404334783554E+01
0.16509079099711E+01     0.13349477052689E+01
0.16607263459967E+01     0.13294852972031E+01
0.16705447820223E+01     0.13240218162537E+01
0.16803632180479E+01     0.13185309171677E+01
0.16901816540735E+01     0.13129879236221E+01
0.17000000900991E+01     0.13073669672012E+01
0.17098185261247E+01     0.13016444444656E+01
0.17196369621504E+01     0.12957971096039E+01
0.17294553981760E+01     0.12898046970367E+01
0.17392738342016E+01     0.12836484909058E+01
0.17490922702272E+01     0.12773135900497E+01
0.17589107062528E+01     0.12707872390747E+01
0.17687291422784E+01     0.12640619277954E+01
0.17785475783040E+01     0.12571325302124E+01
0.17883660143296E+01     0.12499994039536E+01
0.17981844503553E+01     0.12426656484604E+01
0.18080028863809E+01     0.12351397275925E+01
0.18178213224065E+01     0.12274327278137E+01
0.18276397584321E+01     0.12195607423782E+01
0.18374581944577E+01     0.12115417718887E+01
0.18472766304833E+01     0.12033978700638E+01
0.18570950665089E+01     0.11951521635056E+01
0.18669135025345E+01     0.11868305206299E+01
0.18767319385602E+01     0.11784588098526E+01
0.18865503745858E+01     0.11700646877289E+01
0.18963688106114E+01     0.11616744995117E+01
0.19061872466370E+01     0.11533148288727E+01
0.19160056826626E+01     0.11450105905533E+01
0.19258241186882E+01     0.11367855072021E+01
0.19356425547138E+01     0.11286607980728E+01
0.19454609907394E+01     0.11206563711166E+01
0.19552794267650E+01     0.11127887964249E+01
0.19650978627907E+01     0.11050727367401E+01
0.19749162988163E+01     0.10975197553635E+01
0.19847347348419E+01     0.10901390314102E+01
0.19945531708675E+01     0.10829372406006E+01
0.20043716068931E+01     0.10759186744690E+01
0.20141900429187E+01     0.10690851211548E+01
0.20240084789443E+01     0.10624366998672E+01
0.20338269149699E+01     0.10559713840485E+01
0.20436453509956E+01     0.10496857166290E+01
0.20534637870212E+01     0.10435746908188E+01
0.20632822230468E+01     0.10376322269440E+01
0.20731006590724E+01     0.10318516492844E+01
0.20829190950980E+01     0.10262250900269E+01
0.20927375311236E+01     0.10207444429398E+01
0.21025559671492E+01     0.10154490470886E+01
0.21123744031748E+01     0.10103433132172E+01
0.21221928392005E+01     0.10053514242172E+01
0.21320112752261E+01     0.10004221200943E+01
0.21418297112517E+01     0.99553030729294E+00
0.21516481472773E+01     0.99067282676697E+00
0.21614665833029E+01     0.98586308956146E+00
0.21712850193285E+01     0.98112499713898E+00
0.21811034553541E+01     0.97648483514786E+00
0.21909218913797E+01     0.97196131944656E+00
0.22007403274054E+01     0.96755045652390E+00
0.22105587634310E+01     0.96459192037582E+00
0.22203771994566E+01     0.96002000570297E+00
0.22301956354822E+01     0.95553570985794E+00
0.22400140715078E+01     0.95113492012024E+00
0.22498325075334E+01     0.94681382179260E+00
0.22596509435590E+01     0.94256877899170E+00
0.22694693795846E+01     0.93839645385742E+00
0.22792878156102E+01     0.93429279327393E+00
0.22891062516359E+01     0.93025243282318E+00
0.22989246876615E+01     0.92626768350601E+00
0.23087431236871E+01     0.00000000000000E+00
0.23185615597127E+01     0.00000000000000E+00
0.23283799957383E+01     0.00000000000000E+00
