0.10716201844600E+01     0.00000000000000E+00
0.10814386204856E+01     0.00000000000000E+00
0.10912570565112E+01     0.00000000000000E+00
0.11010754925368E+01     -.14253194927620E-14
0.11108939285624E+01     -.54489031279850E-15
0.11207123645880E+01     -.11174824940298E-15
0.11305308006136E+01     0.22155548310266E-15
0.11403492366393E+01     0.43929577099221E-15
0.11501676726649E+01     0.65331857686005E-15
0.11599861086905E+01     0.64778872226390E-15
0.11698045447161E+01     0.85646889428671E-15
0.11796229807417E+01     0.99089694054335E-15
0.11894414167673E+01     0.11231055487199E-14
0.11992598527929E+01     0.11139105825610E-14
0.12090782888185E+01     0.13810812912675E-14
0.12188967248442E+01     0.15069520812954E-14
0.12287151608698E+01     0.16308111680735E-14
0.12385335968954E+01     0.18875301254856E-14
0.12483520329210E+01     0.18726846025356E-14
0.12581704689466E+01     0.18580705313383E-14
0.12679889049722E+01     0.18436828296963E-14
0.12778073409978E+01     0.20908758428253E-14
0.12876257770234E+01     0.20749325651756E-14
0.12974442130490E+01     0.23166342637076E-14
0.13072626490747E+01     0.22992347246633E-14
0.13170810851003E+01     0.25356606784833E-14
0.13268995211259E+01     0.25168980516687E-14
0.13367179571515E+01     0.27482519722005E-14
0.13465363931771E+01     0.29762321605034E-14
0.13563548292027E+01     0.29546876657318E-14
0.13661732652283E+01     0.29334527615023E-14
0.13759917012539E+01     0.29125210950680E-14
0.13858101372796E+01     0.33738669071525E-14
0.13956285733052E+01     0.38287214822457E-14
0.14054470093308E+01     0.38019742993538E-14
0.14152654453564E+01     0.42475475109274E-14
0.14250838813820E+01     0.46869814276994E-14
0.14349023174076E+01     0.46549102192175E-14
0.14447207534332E+01     0.41609477094331E-14
0.14545391894588E+01     0.41328605204186E-14
0.14643576254844E+01     0.45612775031621E-14
0.14741760615101E+01     0.49839880249399E-14
0.14839944975357E+01     0.49510126087868E-14
0.14938129335613E+01     0.53656047432817E-14
0.15036313695869E+01     0.57747822196613E-14
0.15134498056125E+01     0.66199830346507E-14
0.15232682416381E+01     0.65773129028998E-14
0.15330866776637E+01     0.60995105111996E-14
0.15429051136893E+01     0.69265090116690E-14
0.15527235497150E+01     0.64525407146045E-14
0.15625419857406E+01     0.72669285885551E-14
0.15723604217662E+01     0.72215504924719E-14
0.15821788577918E+01     0.71767365203315E-14
0.15919972938174E+01     0.75520322553044E-14
0.16018157298430E+01     0.75057410577040E-14
0.16116341658686E+01     0.82889051796365E-14
0.16214526018942E+01     0.74148417169694E-14
0.16312710379199E+01     0.81891255454829E-14
0.16410894739455E+01     0.81401306187149E-14
0.16509079099711E+01     0.89008907191925E-14
0.16607263459967E+01     0.80438797238195E-14
0.16705447820223E+01     0.87962626684488E-14
0.16803632180479E+01     0.87448664032753E-14
0.16901816540735E+01     0.86940664492967E-14
0.17000000900991E+01     0.86438534891505E-14
0.17098185261247E+01     0.78129243322894E-14
0.17196369621504E+01     0.85451470457410E-14
0.17294553981760E+01     0.84966349277529E-14
0.17392738342016E+01     0.84486699930488E-14
0.17490922702272E+01     0.84012437712990E-14
0.17589107062528E+01     0.83543477921743E-14
0.17687291422784E+01     0.83079710442462E-14
0.17785475783040E+01     0.82621075982842E-14
0.17883660143296E+01     0.82167472898929E-14
0.17981844503553E+01     0.89147803654615E-14
0.18080028863809E+01     0.88663681973612E-14
0.18178213224065E+01     0.80836055690457E-14
0.18276397584321E+01     0.80401790368730E-14
0.18374581944577E+01     0.79972166787553E-14
0.18472766304833E+01     0.79547108713962E-14
0.18570950665089E+01     0.71933222724717E-14
0.18669135025345E+01     0.78710401098334E-14
0.18767319385602E+01     0.71180557718116E-14
0.18865503745858E+01     0.70810103623470E-14
0.18963688106114E+01     0.70443486588074E-14
0.19061872466370E+01     0.70080643084459E-14
0.19160056826626E+01     0.62749369638066E-14
0.19258241186882E+01     0.62429453764217E-14
0.19356425547138E+01     0.62112782026557E-14
0.19454609907394E+01     0.58366016487672E-14
0.19552794267650E+01     0.58072930382428E-14
0.19650978627907E+01     0.50984801978709E-14
0.19749162988163E+01     0.54113415578181E-14
0.19847347348419E+01     0.50480359977301E-14
0.19945531708675E+01     0.53580653030182E-14
0.20043716068931E+01     0.49985802850388E-14
0.20141900429187E+01     0.46425998658786E-14
0.20240084789443E+01     0.39600670697281E-14
0.20338269149699E+01     0.32841248251821E-14
0.20436453509956E+01     0.35951813696770E-14
0.20534637870212E+01     0.35779912595289E-14
0.20632822230468E+01     0.35609650502562E-14
0.20731006590724E+01     0.32219089846568E-14
0.20829190950980E+01     0.32067214721543E-14
0.20927375311236E+01     0.28725089527056E-14
0.21025559671492E+01     0.25414177496675E-14
0.21123744031748E+01     0.25296052399434E-14
0.21221928392005E+01     0.25179017857112E-14
0.21320112752261E+01     0.23496621959034E-14
0.21418297112517E+01     0.20270387812390E-14
0.21516481472773E+01     0.20177889696967E-14
0.21614665833029E+01     0.18541138286835E-14
0.21712850193285E+01     0.16919187718664E-14
0.21811034553541E+01     0.13780656422170E-14
0.21909218913797E+01     0.13718899249986E-14
0.22007403274054E+01     0.10622650779428E-14
0.22105587634310E+01     0.98200785915751E-15
0.22203771994566E+01     0.82725536321062E-15
0.22301956354822E+01     0.74873943240665E-15
0.22400140715078E+01     0.52182025874929E-15
0.22498325075334E+01     0.44532259570038E-15
0.22596509435590E+01     0.29559173458129E-15
0.22694693795846E+01     0.18394556588335E-15
0.22792878156102E+01     0.91576596515484E-16
0.22891062516359E+01     0.36473523258901E-16
0.22989246876615E+01     -.45397185757431E-17
0.23087431236871E+01     0.00000000000000E+00
0.23185615597127E+01     0.00000000000000E+00
0.23283799957383E+01     0.00000000000000E+00
