0.10716201844600E+01     0.00000000000000E+00
0.10814386204856E+01     0.00000000000000E+00
0.10912570565112E+01     0.00000000000000E+00
0.11010754925368E+01     0.30272313952446E+00
0.11108939285624E+01     0.30302545428276E+00
0.11207123645880E+01     0.30342045426369E+00
0.11305308006136E+01     0.30388873815536E+00
0.11403492366393E+01     0.30441653728485E+00
0.11501676726649E+01     0.30499157309532E+00
0.11599861086905E+01     0.30560514330864E+00
0.11698045447161E+01     0.30624926090240E+00
0.11796229807417E+01     0.30691787600517E+00
0.11894414167673E+01     0.30760562419891E+00
0.11992598527929E+01     0.30830770730972E+00
0.12090782888185E+01     0.30901974439621E+00
0.12188967248442E+01     0.30973705649376E+00
0.12287151608698E+01     0.31045517325401E+00
0.12385335968954E+01     0.31116855144501E+00
0.12483520329210E+01     0.31187260150909E+00
0.12581704689466E+01     0.31256169080734E+00
0.12679889049722E+01     0.31322786211967E+00
0.12778073409978E+01     0.31389439105988E+00
0.12876257770234E+01     0.31458902359009E+00
0.12974442130490E+01     0.31530666351318E+00
0.13072626490747E+01     0.31604254245758E+00
0.13170810851003E+01     0.31679177284241E+00
0.13268995211259E+01     0.31755027174950E+00
0.13367179571515E+01     0.31831178069115E+00
0.13465363931771E+01     0.31906899809837E+00
0.13563548292027E+01     0.31980669498444E+00
0.13661732652283E+01     0.32050231099129E+00
0.13759917012539E+01     0.32111987471581E+00
0.13858101372796E+01     0.32160851359367E+00
0.13956285733052E+01     0.32189330458641E+00
0.14054470093308E+01     0.32187244296074E+00
0.14152654453564E+01     0.32146516442299E+00
0.14250838813820E+01     0.32073283195496E+00
0.14349023174076E+01     0.31974425911903E+00
0.14447207534332E+01     0.31847876310349E+00
0.14545391894588E+01     0.31691318750381E+00
0.14643576254844E+01     0.31502541899681E+00
0.14741760615101E+01     0.31279093027115E+00
0.14839944975357E+01     0.31018739938736E+00
0.14938129335613E+01     0.30719047784805E+00
0.15036313695869E+01     0.30377781391144E+00
0.15134498056125E+01     0.29992508888245E+00
0.15232682416381E+01     0.29561075568199E+00
0.15330866776637E+01     0.29081058502197E+00
0.15429051136893E+01     0.28550386428833E+00
0.15527235497150E+01     0.27966910600662E+00
0.15625419857406E+01     0.27328908443451E+00
0.15723604217662E+01     0.26634472608566E+00
0.15821788577918E+01     0.25882133841515E+00
0.15919972938174E+01     0.25070485472679E+00
0.16018157298430E+01     0.24198634922504E+00
0.16116341658686E+01     0.23265661299229E+00
0.16214526018942E+01     0.22271345555782E+00
0.16312710379199E+01     0.21215544641018E+00
0.16410894739455E+01     0.20098769664764E+00
0.16509079099711E+01     0.18921768665314E+00
0.16607263459967E+01     0.17686055600643E+00
0.16705447820223E+01     0.16393283009529E+00
0.16803632180479E+01     0.15045912563801E+00
0.16901816540735E+01     0.13646762073040E+00
0.17000000900991E+01     0.12199398875237E+00
0.17098185261247E+01     0.10707726329565E+00
0.17196369621504E+01     0.91762639582157E-01
0.17294553981760E+01     0.76099172234535E-01
0.17392738342016E+01     0.60141816735268E-01
0.17490922702272E+01     0.43949082493782E-01
0.17589107062528E+01     0.27584925293922E-01
0.17687291422784E+01     0.11114335618913E-01
0.17785475783040E+01     -.53958264179528E-02
0.17883660143296E+01     -.21877925843000E-01
0.17981844503553E+01     -.38263708353043E-01
0.18080028863809E+01     -.54484367370605E-01
0.18178213224065E+01     -.70471830666065E-01
0.18276397584321E+01     -.86159288883209E-01
0.18374581944577E+01     -.10148503631353E+00
0.18472766304833E+01     -.11639060080051E+00
0.18570950665089E+01     -.13082264363766E+00
0.18669135025345E+01     -.14473068714142E+00
0.18767319385602E+01     -.15807154774666E+00
0.18865503745858E+01     -.17080597579479E+00
0.18963688106114E+01     -.18290357291698E+00
0.19061872466370E+01     -.19433695077896E+00
0.19160056826626E+01     -.20508743822575E+00
0.19258241186882E+01     -.21513991057873E+00
0.19356425547138E+01     -.22448764741421E+00
0.19454609907394E+01     -.23312747478485E+00
0.19552794267650E+01     -.24106347560883E+00
0.19650978627907E+01     -.24830178916454E+00
0.19749162988163E+01     -.25485596060753E+00
0.19847347348419E+01     -.26074063777924E+00
0.19945531708675E+01     -.26597672700882E+00
0.20043716068931E+01     -.27058514952660E+00
0.20141900429187E+01     -.27459186315536E+00
0.20240084789443E+01     -.27802273631096E+00
0.20338269149699E+01     -.28090760111809E+00
0.20436453509956E+01     -.28327420353889E+00
0.20534637870212E+01     -.28515344858170E+00
0.20632822230468E+01     -.28657498955727E+00
0.20731006590724E+01     -.28756922483444E+00
0.20829190950980E+01     -.28816565871239E+00
0.20927375311236E+01     -.28839379549026E+00
0.21025559671492E+01     -.28820562362671E+00
0.21123744031748E+01     -.28759571909904E+00
0.21221928392005E+01     -.28666570782661E+00
0.21320112752261E+01     -.28548696637154E+00
0.21418297112517E+01     -.28411060571671E+00
0.21516481472773E+01     -.28256812691689E+00
0.21614665833029E+01     -.28088676929474E+00
0.21712850193285E+01     -.27908539772034E+00
0.21811034553541E+01     -.27718773484230E+00
0.21909218913797E+01     -.27520683407784E+00
0.22007403274054E+01     -.27313274145126E+00
0.22105587634310E+01     -.27060443162918E+00
0.22203771994566E+01     -.26762560009956E+00
0.22301956354822E+01     -.26455774903297E+00
0.22400140715078E+01     -.26142638921738E+00
0.22498325075334E+01     -.25823885202408E+00
0.22596509435590E+01     -.25500059127808E+00
0.22694693795846E+01     -.25172585248947E+00
0.22792878156102E+01     -.24842347204685E+00
0.22891062516359E+01     -.24511757493019E+00
0.22989246876615E+01     -.24183030426502E+00
0.23087431236871E+01     0.00000000000000E+00
0.23185615597127E+01     0.00000000000000E+00
0.23283799957383E+01     0.00000000000000E+00
