0.10716201844600E+01     0.00000000000000E+00
0.10814386204856E+01     0.00000000000000E+00
0.10912570565112E+01     0.00000000000000E+00
0.11010754925368E+01     0.20629921875000E+05
0.11108939285624E+01     0.18828607421875E+05
0.11207123645880E+01     0.23292074218750E+05
0.11305308006136E+01     0.29282748046875E+05
0.11403492366393E+01     0.36267570312500E+05
0.11501676726649E+01     0.43833199218750E+05
0.11599861086905E+01     0.51809812500000E+05
0.11698045447161E+01     0.60094140625000E+05
0.11796229807417E+01     0.68623242187500E+05
0.11894414167673E+01     0.77353703125000E+05
0.11992598527929E+01     0.86252992187500E+05
0.12090782888185E+01     0.95295382812500E+05
0.12188967248442E+01     0.10445903125000E+06
0.12287151608698E+01     0.11372555468750E+06
0.12385335968954E+01     0.12308189062500E+06
0.12483520329210E+01     0.13283807812500E+06
0.12581704689466E+01     0.14189039062500E+06
0.12679889049722E+01     0.15140095312500E+06
0.12778073409978E+01     0.16165876562500E+06
0.12876257770234E+01     0.17230067187500E+06
0.12974442130490E+01     0.18274193750000E+06
0.13072626490747E+01     0.19287559375000E+06
0.13170810851003E+01     0.20267648437500E+06
0.13268995211259E+01     0.21214262500000E+06
0.13367179571515E+01     0.22128275000000E+06
0.13465363931771E+01     0.23011329687500E+06
0.13563548292027E+01     0.23865889062500E+06
0.13661732652283E+01     0.24695353125000E+06
0.13759917012539E+01     0.25504306250000E+06
0.13858101372796E+01     0.26298600000000E+06
0.13956285733052E+01     0.27085259375000E+06
0.14054470093308E+01     0.27871696875000E+06
0.14152654453564E+01     0.28663559375000E+06
0.14250838813820E+01     0.29454800000000E+06
0.14349023174076E+01     0.30242593750000E+06
0.14447207534332E+01     0.31026481250000E+06
0.14545391894588E+01     0.31806006250000E+06
0.14643576254844E+01     0.32580609375000E+06
0.14741760615101E+01     0.33349750000000E+06
0.14839944975357E+01     0.34112768750000E+06
0.14938129335613E+01     0.34869037500000E+06
0.15036313695869E+01     0.35617803125000E+06
0.15134498056125E+01     0.36358346875000E+06
0.15232682416381E+01     0.37089818750000E+06
0.15330866776637E+01     0.37811406250000E+06
0.15429051136893E+01     0.38522153125000E+06
0.15527235497150E+01     0.39221150000000E+06
0.15625419857406E+01     0.39907334375000E+06
0.15723604217662E+01     0.40579703125000E+06
0.15821788577918E+01     0.41237071875000E+06
0.15919972938174E+01     0.41878334375000E+06
0.16018157298430E+01     0.42502193750000E+06
0.16116341658686E+01     0.43107437500000E+06
0.16214526018942E+01     0.43692646875000E+06
0.16312710379199E+01     0.44256506250000E+06
0.16410894739455E+01     0.44797484375000E+06
0.16509079099711E+01     0.45314159375000E+06
0.16607263459967E+01     0.45804903125000E+06
0.16705447820223E+01     0.46268212500000E+06
0.16803632180479E+01     0.46702371875000E+06
0.16901816540735E+01     0.47105821875000E+06
0.17000000900991E+01     0.47476796875000E+06
0.17098185261247E+01     0.47813728125000E+06
0.17196369621504E+01     0.48114853125000E+06
0.17294553981760E+01     0.48378637500000E+06
0.17392738342016E+01     0.48603387500000E+06
0.17490922702272E+01     0.48787675000000E+06
0.17589107062528E+01     0.48929943750000E+06
0.17687291422784E+01     0.49028968750000E+06
0.17785475783040E+01     0.49083409375000E+06
0.17883660143296E+01     0.49092296875000E+06
0.17981844503553E+01     0.49054590625000E+06
0.18080028863809E+01     0.48969656250000E+06
0.18178213224065E+01     0.48836806250000E+06
0.18276397584321E+01     0.48655803125000E+06
0.18374581944577E+01     0.48426381250000E+06
0.18472766304833E+01     0.48148712500000E+06
0.18570950665089E+01     0.47822962500000E+06
0.18669135025345E+01     0.47449718750000E+06
0.18767319385602E+01     0.47029565625000E+06
0.18865503745858E+01     0.46563487500000E+06
0.18963688106114E+01     0.46052446875000E+06
0.19061872466370E+01     0.45497765625000E+06
0.19160056826626E+01     0.44900715625000E+06
0.19258241186882E+01     0.44262881250000E+06
0.19356425547138E+01     0.43585778125000E+06
0.19454609907394E+01     0.42871162500000E+06
0.19552794267650E+01     0.42120693750000E+06
0.19650978627907E+01     0.41336209375000E+06
0.19749162988163E+01     0.40519421875000E+06
0.19847347348419E+01     0.39672175000000E+06
0.19945531708675E+01     0.38796150000000E+06
0.20043716068931E+01     0.37893100000000E+06
0.20141900429187E+01     0.36964612500000E+06
0.20240084789443E+01     0.36012287500000E+06
0.20338269149699E+01     0.35037550000000E+06
0.20436453509956E+01     0.34041800000000E+06
0.20534637870212E+01     0.33026253125000E+06
0.20632822230468E+01     0.31992075000000E+06
0.20731006590724E+01     0.30940228125000E+06
0.20829190950980E+01     0.29871621875000E+06
0.20927375311236E+01     0.28786946875000E+06
0.21025559671492E+01     0.27674150000000E+06
0.21123744031748E+01     0.26529825000000E+06
0.21221928392005E+01     0.25376448437500E+06
0.21320112752261E+01     0.24233484375000E+06
0.21418297112517E+01     0.23112937500000E+06
0.21516481472773E+01     0.22016896875000E+06
0.21614665833029E+01     0.20936404687500E+06
0.21712850193285E+01     0.19851217187500E+06
0.21811034553541E+01     0.18732848437500E+06
0.21909218913797E+01     0.17551268750000E+06
0.22007403274054E+01     0.16295073437500E+06
0.22105587634310E+01     0.91239601562500E+05
0.22203771994566E+01     0.82006914062500E+05
0.22301956354822E+01     0.72459742187500E+05
0.22400140715078E+01     0.62700214843750E+05
0.22498325075334E+01     0.52835484375000E+05
0.22596509435590E+01     0.43000050781250E+05
0.22694693795846E+01     0.33389226562500E+05
0.22792878156102E+01     0.24364447265625E+05
0.22891062516359E+01     0.16890695312500E+05
0.22989246876615E+01     0.15099523437500E+05
0.23087431236871E+01     0.00000000000000E+00
0.23185615597127E+01     0.00000000000000E+00
0.23283799957383E+01     0.00000000000000E+00
