0.10716201844600E+01     0.00000000000000E+00
0.10814386204856E+01     0.00000000000000E+00
0.10912570565112E+01     0.00000000000000E+00
0.11010754925368E+01     0.31903969726563E+04
0.11108939285624E+01     0.29400158691406E+04
0.11207123645880E+01     0.36729621582031E+04
0.11305308006136E+01     0.46640351562500E+04
0.11403492366393E+01     0.58351953125000E+04
0.11501676726649E+01     0.71245112304688E+04
0.11599861086905E+01     0.85073574218750E+04
0.11698045447161E+01     0.99689746093750E+04
0.11796229807417E+01     0.11500641601563E+05
0.11894414167673E+01     0.13096462890625E+05
0.11992598527929E+01     0.14752061523438E+05
0.12090782888185E+01     0.16463947265625E+05
0.12188967248442E+01     0.18229041015625E+05
0.12287151608698E+01     0.20044634765625E+05
0.12385335968954E+01     0.21908677734375E+05
0.12483520329210E+01     0.23877164062500E+05
0.12581704689466E+01     0.25750947265625E+05
0.12679889049722E+01     0.27738855468750E+05
0.12778073409978E+01     0.29898986328125E+05
0.12876257770234E+01     0.32170441406250E+05
0.12974442130490E+01     0.34444824218750E+05
0.13072626490747E+01     0.36700558593750E+05
0.13170810851003E+01     0.38930855468750E+05
0.13268995211259E+01     0.41133160156250E+05
0.13367179571515E+01     0.43306562500000E+05
0.13465363931771E+01     0.45451378906250E+05
0.13563548292027E+01     0.47568335937500E+05
0.13661732652283E+01     0.49658718750000E+05
0.13759917012539E+01     0.51723824218750E+05
0.13858101372796E+01     0.53764585937500E+05
0.13956285733052E+01     0.55779503906250E+05
0.14054470093308E+01     0.57761792968750E+05
0.14152654453564E+01     0.59702457031250E+05
0.14250838813820E+01     0.61593625000000E+05
0.14349023174076E+01     0.63436273437500E+05
0.14447207534332E+01     0.65219914062500E+05
0.14545391894588E+01     0.66932992187500E+05
0.14643576254844E+01     0.68563320312500E+05
0.14741760615101E+01     0.70097625000000E+05
0.14839944975357E+01     0.71522257812500E+05
0.14938129335613E+01     0.72822539062500E+05
0.15036313695869E+01     0.73983476562500E+05
0.15134498056125E+01     0.74989117187500E+05
0.15232682416381E+01     0.75823382812500E+05
0.15330866776637E+01     0.76469203125000E+05
0.15429051136893E+01     0.76909664062500E+05
0.15527235497150E+01     0.77127453125000E+05
0.15625419857406E+01     0.77105828125000E+05
0.15723604217662E+01     0.76827562500000E+05
0.15821788577918E+01     0.76276265625000E+05
0.15919972938174E+01     0.75435960937500E+05
0.16018157298430E+01     0.74292054687500E+05
0.16116341658686E+01     0.72830406250000E+05
0.16214526018942E+01     0.71039187500000E+05
0.16312710379199E+01     0.68907687500000E+05
0.16410894739455E+01     0.66427796875000E+05
0.16509079099711E+01     0.63593398437500E+05
0.16607263459967E+01     0.60401843750000E+05
0.16705447820223E+01     0.56852550781250E+05
0.16803632180479E+01     0.52949007812500E+05
0.16901816540735E+01     0.48697898437500E+05
0.17000000900991E+01     0.44110273437500E+05
0.17098185261247E+01     0.39200621093750E+05
0.17196369621504E+01     0.33987707031250E+05
0.17294553981760E+01     0.28494105468750E+05
0.17392738342016E+01     0.22746828125000E+05
0.17490922702272E+01     0.16776658203125E+05
0.17589107062528E+01     0.10618701171875E+05
0.17687291422784E+01     0.43107329101563E+04
0.17785475783040E+01     0.21067238769531E+04
0.17883660143296E+01     0.85909892578125E+04
0.17981844503553E+01     0.15097555664063E+05
0.18080028863809E+01     0.21580460937500E+05
0.18178213224065E+01     0.27993068359375E+05
0.18276397584321E+01     0.34288792968750E+05
0.18374581944577E+01     0.40422886718750E+05
0.18472766304833E+01     0.46352320312500E+05
0.18570950665089E+01     0.52036710937500E+05
0.18669135025345E+01     0.57438105468750E+05
0.18767319385602E+01     0.62522753906250E+05
0.18865503745858E+01     0.67260468750000E+05
0.18963688106114E+01     0.71626382812500E+05
0.19061872466370E+01     0.75599328125000E+05
0.19160056826626E+01     0.79163640625000E+05
0.19258241186882E+01     0.82307750000000E+05
0.19356425547138E+01     0.85025453125000E+05
0.19454609907394E+01     0.87314578125000E+05
0.19552794267650E+01     0.89177570312500E+05
0.19650978627907E+01     0.90620054687500E+05
0.19749162988163E+01     0.91651906250000E+05
0.19847347348419E+01     0.92285343750000E+05
0.19945531708675E+01     0.92535835937500E+05
0.20043716068931E+01     0.92420281250000E+05
0.20141900429187E+01     0.91957867187500E+05
0.20240084789443E+01     0.91168546875000E+05
0.20338269149699E+01     0.90073664062500E+05
0.20436453509956E+01     0.88694218750000E+05
0.20534637870212E+01     0.87051867187500E+05
0.20632822230468E+01     0.85167781250000E+05
0.20731006590724E+01     0.83062671875000E+05
0.20829190950980E+01     0.80756593750000E+05
0.20927375311236E+01     0.78268656250000E+05
0.21025559671492E+01     0.75560585937500E+05
0.21123744031748E+01     0.72632281250000E+05
0.21221928392005E+01     0.69584835937500E+05
0.21320112752261E+01     0.66499570312500E+05
0.21418297112517E+01     0.63428703125000E+05
0.21516481472773E+01     0.60389972656250E+05
0.21614665833029E+01     0.57367847656250E+05
0.21712850193285E+01     0.54313062500000E+05
0.21811034553541E+01     0.51154550781250E+05
0.21909218913797E+01     0.47815902343750E+05
0.22007403274054E+01     0.44269746093750E+05
0.22105587634310E+01     0.24644730468750E+05
0.22203771994566E+01     0.22021466796875E+05
0.22301956354822E+01     0.19334451171875E+05
0.22400140715078E+01     0.16617347656250E+05
0.22498325075334E+01     0.13902782226563E+05
0.22596509435590E+01     0.11229453125000E+05
0.22694693795846E+01     0.86508496093750E+04
0.22792878156102E+01     0.62608359375000E+04
0.22891062516359E+01     0.43037294921875E+04
0.22989246876615E+01     0.38143337402344E+04
0.23087431236871E+01     0.00000000000000E+00
0.23185615597127E+01     0.00000000000000E+00
0.23283799957383E+01     0.00000000000000E+00
