   0.10716201844599720E+01
   0.10814386204855839E+01
   0.10912570565111959E+01
   0.11010754925368078E+01
   0.11108939285624198E+01
   0.11207123645880317E+01
   0.11305308006136436E+01
   0.11403492366392556E+01
   0.11501676726648675E+01
   0.11599861086904795E+01
   0.11698045447160914E+01
   0.11796229807417034E+01
   0.11894414167673153E+01
   0.11992598527929272E+01
   0.12090782888185392E+01
   0.12188967248441511E+01
   0.12287151608697631E+01
   0.12385335968953750E+01
   0.12483520329209870E+01
   0.12581704689465989E+01
   0.12679889049722108E+01
   0.12778073409978228E+01
   0.12876257770234347E+01
   0.12974442130490467E+01
   0.13072626490746586E+01
   0.13170810851002706E+01
   0.13268995211258825E+01
   0.13367179571514944E+01
   0.13465363931771064E+01
   0.13563548292027183E+01
   0.13661732652283303E+01
   0.13759917012539422E+01
   0.13858101372795542E+01
   0.13956285733051661E+01
   0.14054470093307780E+01
   0.14152654453563900E+01
   0.14250838813820019E+01
   0.14349023174076139E+01
   0.14447207534332258E+01
   0.14545391894588378E+01
   0.14643576254844497E+01
   0.14741760615100616E+01
   0.14839944975356736E+01
   0.14938129335612855E+01
   0.15036313695868975E+01
   0.15134498056125094E+01
   0.15232682416381214E+01
   0.15330866776637333E+01
   0.15429051136893452E+01
   0.15527235497149572E+01
   0.15625419857405691E+01
   0.15723604217661811E+01
   0.15821788577917930E+01
   0.15919972938174050E+01
   0.16018157298430169E+01
   0.16116341658686288E+01
   0.16214526018942408E+01
   0.16312710379198527E+01
   0.16410894739454647E+01
   0.16509079099710766E+01
   0.16607263459966886E+01
   0.16705447820223005E+01
   0.16803632180479124E+01
   0.16901816540735244E+01
   0.17000000900991363E+01
   0.17098185261247483E+01
   0.17196369621503602E+01
   0.17294553981759722E+01
   0.17392738342015841E+01
   0.17490922702271960E+01
   0.17589107062528080E+01
   0.17687291422784199E+01
   0.17785475783040319E+01
   0.17883660143296438E+01
   0.17981844503552558E+01
   0.18080028863808677E+01
   0.18178213224064796E+01
   0.18276397584320916E+01
   0.18374581944577035E+01
   0.18472766304833155E+01
   0.18570950665089274E+01
   0.18669135025345394E+01
   0.18767319385601513E+01
   0.18865503745857632E+01
   0.18963688106113752E+01
   0.19061872466369871E+01
   0.19160056826625991E+01
   0.19258241186882110E+01
   0.19356425547138230E+01
   0.19454609907394349E+01
   0.19552794267650468E+01
   0.19650978627906588E+01
   0.19749162988162707E+01
   0.19847347348418827E+01
   0.19945531708674946E+01
   0.20043716068931068E+01
   0.20141900429187189E+01
   0.20240084789443311E+01
   0.20338269149699433E+01
   0.20436453509955554E+01
   0.20534637870211676E+01
   0.20632822230467798E+01
   0.20731006590723919E+01
   0.20829190950980041E+01
   0.20927375311236163E+01
   0.21025559671492284E+01
   0.21123744031748406E+01
   0.21221928392004528E+01
   0.21320112752260649E+01
   0.21418297112516771E+01
   0.21516481472772893E+01
   0.21614665833029014E+01
   0.21712850193285136E+01
   0.21811034553541258E+01
   0.21909218913797379E+01
   0.22007403274053501E+01
   0.22105587634309622E+01
   0.22203771994565744E+01
   0.22301956354821866E+01
   0.22400140715077987E+01
   0.22498325075334109E+01
   0.22596509435590231E+01
   0.22694693795846352E+01
   0.22792878156102474E+01
   0.22891062516358596E+01
   0.22989246876614717E+01
   0.23087431236870839E+01
   0.23185615597126961E+01
   0.23283799957383082E+01
