0.10716201844600E+01     0.00000000000000E+00
0.10814386204856E+01     0.00000000000000E+00
0.10912570565112E+01     0.00000000000000E+00
0.11010754925368E+01     0.37524931640625E+04
0.11108939285624E+01     0.44752353515625E+04
0.11207123645880E+01     0.88538173828125E+04
0.11305308006136E+01     0.14531361328125E+05
0.11403492366393E+01     0.21275164062500E+05
0.11501676726649E+01     0.28898863281250E+05
0.11599861086905E+01     0.37218976562500E+05
0.11698045447161E+01     0.46162207031250E+05
0.11796229807417E+01     0.55588015625000E+05
0.11894414167673E+01     0.65486617187500E+05
0.11992598527929E+01     0.75787257812500E+05
0.12090782888185E+01     0.86521812500000E+05
0.12188967248442E+01     0.97661773437500E+05
0.12287151608698E+01     0.10928197656250E+06
0.12385335968954E+01     0.12128654687500E+06
0.12483520329210E+01     0.13398695312500E+06
0.12581704689466E+01     0.14727009375000E+06
0.12679889049722E+01     0.16073609375000E+06
0.12778073409978E+01     0.16888323437500E+06
0.12876257770234E+01     0.17775573437500E+06
0.12974442130490E+01     0.18782654687500E+06
0.13072626490747E+01     0.19882132812500E+06
0.13170810851003E+01     0.21074685937500E+06
0.13268995211259E+01     0.22375770312500E+06
0.13367179571515E+01     0.23796995312500E+06
0.13465363931771E+01     0.25375675000000E+06
0.13563548292027E+01     0.27177568750000E+06
0.13661732652283E+01     0.29273525000000E+06
0.13759917012539E+01     0.31764646875000E+06
0.13858101372796E+01     0.34788190625000E+06
0.13956285733052E+01     0.38529087500000E+06
0.14054470093308E+01     0.43232437500000E+06
0.14152654453564E+01     0.48249312500000E+06
0.14250838813820E+01     0.51993809375000E+06
0.14349023174076E+01     0.55937468750000E+06
0.14447207534332E+01     0.60093212500000E+06
0.14545391894588E+01     0.64464368750000E+06
0.14643576254844E+01     0.69060350000000E+06
0.14741760615101E+01     0.73876712500000E+06
0.14839944975357E+01     0.78910787500000E+06
0.14938129335613E+01     0.84160375000000E+06
0.15036313695869E+01     0.89620881250000E+06
0.15134498056125E+01     0.95286087500000E+06
0.15232682416381E+01     0.10114676875000E+07
0.15330866776637E+01     0.10720671250000E+07
0.15429051136893E+01     0.11343865000000E+07
0.15527235497150E+01     0.11982551250000E+07
0.15625419857406E+01     0.12634620000000E+07
0.15723604217662E+01     0.13299158750000E+07
0.15821788577918E+01     0.13973273750000E+07
0.15919972938174E+01     0.14652798750000E+07
0.16018157298430E+01     0.15336460000000E+07
0.16116341658686E+01     0.16019712500000E+07
0.16214526018942E+01     0.16698846250000E+07
0.16312710379199E+01     0.17370082500000E+07
0.16410894739455E+01     0.18029486250000E+07
0.16509079099711E+01     0.18671078750000E+07
0.16607263459967E+01     0.19291568750000E+07
0.16705447820223E+01     0.19886376250000E+07
0.16803632180479E+01     0.20449448750000E+07
0.16901816540735E+01     0.20976125000000E+07
0.17000000900991E+01     0.21461297500000E+07
0.17098185261247E+01     0.21900405000000E+07
0.17196369621504E+01     0.22290317500000E+07
0.17294553981760E+01     0.22624857500000E+07
0.17392738342016E+01     0.22901505000000E+07
0.17490922702272E+01     0.23114472500000E+07
0.17589107062528E+01     0.23262015000000E+07
0.17687291422784E+01     0.23342967500000E+07
0.17785475783040E+01     0.23355997500000E+07
0.17883660143296E+01     0.23300635000000E+07
0.17981844503553E+01     0.23176000000000E+07
0.18080028863809E+01     0.22982132500000E+07
0.18178213224065E+01     0.22718997500000E+07
0.18276397584321E+01     0.22389477500000E+07
0.18374581944577E+01     0.21997832500000E+07
0.18472766304833E+01     0.21547450000000E+07
0.18570950665089E+01     0.21041207500000E+07
0.18669135025345E+01     0.20484110000000E+07
0.18767319385602E+01     0.19880925000000E+07
0.18865503745858E+01     0.19237331250000E+07
0.18963688106114E+01     0.18560125000000E+07
0.19061872466370E+01     0.17852660000000E+07
0.19160056826626E+01     0.17123057500000E+07
0.19258241186882E+01     0.16374852500000E+07
0.19356425547138E+01     0.15616256250000E+07
0.19454609907394E+01     0.14851213750000E+07
0.19552794267650E+01     0.14084891250000E+07
0.19650978627907E+01     0.13322450000000E+07
0.19749162988163E+01     0.12568402500000E+07
0.19847347348419E+01     0.11826872500000E+07
0.19945531708675E+01     0.11101370000000E+07
0.20043716068931E+01     0.10395009375000E+07
0.20141900429187E+01     0.97103462500000E+06
0.20240084789443E+01     0.90507137500000E+06
0.20338269149699E+01     0.84170162500000E+06
0.20436453509956E+01     0.78102425000000E+06
0.20534637870212E+01     0.72321575000000E+06
0.20632822230468E+01     0.66832818750000E+06
0.20731006590724E+01     0.61629112500000E+06
0.20829190950980E+01     0.56726143750000E+06
0.20927375311236E+01     0.52052078125000E+06
0.21025559671492E+01     0.46384281250000E+06
0.21123744031748E+01     0.41667806250000E+06
0.21221928392005E+01     0.37769853125000E+06
0.21320112752261E+01     0.34467690625000E+06
0.21418297112517E+01     0.31606140625000E+06
0.21516481472773E+01     0.29086446875000E+06
0.21614665833029E+01     0.26826012500000E+06
0.21712850193285E+01     0.24788667187500E+06
0.21811034553541E+01     0.22918778125000E+06
0.21909218913797E+01     0.21149587500000E+06
0.22007403274054E+01     0.17520906250000E+06
0.22105587634310E+01     0.10867072656250E+06
0.22203771994566E+01     0.10940668750000E+06
0.22301956354822E+01     0.91732773437500E+05
0.22400140715078E+01     0.74662281250000E+05
0.22498325075334E+01     0.58386933593750E+05
0.22596509435590E+01     0.43157644531250E+05
0.22694693795846E+01     0.29287757812500E+05
0.22792878156102E+01     0.17231935546875E+05
0.22891062516359E+01     0.77279638671875E+04
0.22989246876615E+01     0.26549392089844E+04
0.23087431236871E+01     0.00000000000000E+00
0.23185615597127E+01     0.00000000000000E+00
0.23283799957383E+01     0.00000000000000E+00
