0.10716201844600E+01     0.00000000000000E+00
0.10814386204856E+01     0.00000000000000E+00
0.10912570565112E+01     0.00000000000000E+00
0.11010754925368E+01     0.18021639404297E+04
0.11108939285624E+01     0.44450805664063E+04
0.11207123645880E+01     0.87852958984375E+04
0.11305308006136E+01     0.14417724609375E+05
0.11403492366393E+01     0.21113845703125E+05
0.11501676726649E+01     0.28691998046875E+05
0.11599861086905E+01     0.36972632812500E+05
0.11698045447161E+01     0.45886925781250E+05
0.11796229807417E+01     0.55297078125000E+05
0.11894414167673E+01     0.65196808593750E+05
0.11992598527929E+01     0.75517093750000E+05
0.12090782888185E+01     0.86291953125000E+05
0.12188967248442E+01     0.97493257812500E+05
0.12287151608698E+01     0.10919750000000E+06
0.12385335968954E+01     0.12137051562500E+06
0.12483520329210E+01     0.13411006250000E+06
0.12581704689466E+01     0.14746256250000E+06
0.12679889049722E+01     0.16142953125000E+06
0.12778073409978E+01     0.17020343750000E+06
0.12876257770234E+01     0.17956528125000E+06
0.12974442130490E+01     0.18988931250000E+06
0.13072626490747E+01     0.20101514062500E+06
0.13170810851003E+01     0.21297070312500E+06
0.13268995211259E+01     0.22591909375000E+06
0.13367179571515E+01     0.23997956250000E+06
0.13465363931771E+01     0.25553162500000E+06
0.13563548292027E+01     0.27324321875000E+06
0.13661732652283E+01     0.29383162500000E+06
0.13759917012539E+01     0.31831862500000E+06
0.13858101372796E+01     0.34808593750000E+06
0.13956285733052E+01     0.38498078125000E+06
0.14054470093308E+01     0.43144928125000E+06
0.14152654453564E+01     0.48113821875000E+06
0.14250838813820E+01     0.51802665625000E+06
0.14349023174076E+01     0.55694931250000E+06
0.14447207534332E+01     0.59794818750000E+06
0.14545391894588E+01     0.64105912500000E+06
0.14643576254844E+01     0.68638181250000E+06
0.14741760615101E+01     0.73387593750000E+06
0.14839944975357E+01     0.78352068750000E+06
0.14938129335613E+01     0.83530243750000E+06
0.15036313695869E+01     0.88918475000000E+06
0.15134498056125E+01     0.94511687500000E+06
0.15232682416381E+01     0.10030191250000E+07
0.15330866776637E+01     0.10629471250000E+07
0.15429051136893E+01     0.11246396250000E+07
0.15527235497150E+01     0.11879420000000E+07
0.15625419857406E+01     0.12526586250000E+07
0.15723604217662E+01     0.13187175000000E+07
0.15821788577918E+01     0.13858432500000E+07
0.15919972938174E+01     0.14536305000000E+07
0.16018157298430E+01     0.15219668750000E+07
0.16116341658686E+01     0.15904046250000E+07
0.16214526018942E+01     0.16585777500000E+07
0.16312710379199E+01     0.17261097500000E+07
0.16410894739455E+01     0.17926031250000E+07
0.16509079099711E+01     0.18574496250000E+07
0.16607263459967E+01     0.19203062500000E+07
0.16705447820223E+01     0.19806955000000E+07
0.16803632180479E+01     0.20379861250000E+07
0.16901816540735E+01     0.20916830000000E+07
0.17000000900991E+01     0.21412420000000E+07
0.17098185261247E+01     0.21861730000000E+07
0.17196369621504E+01     0.22261275000000E+07
0.17294553981760E+01     0.22604515000000E+07
0.17392738342016E+01     0.22888625000000E+07
0.17490922702272E+01     0.23107527500000E+07
0.17589107062528E+01     0.23259262500000E+07
0.17687291422784E+01     0.23342517500000E+07
0.17785475783040E+01     0.23355895000000E+07
0.17883660143296E+01     0.23298945000000E+07
0.17981844503553E+01     0.23170897500000E+07
0.18080028863809E+01     0.22971982500000E+07
0.18178213224065E+01     0.22702437500000E+07
0.18276397584321E+01     0.22365477500000E+07
0.18374581944577E+01     0.21965732500000E+07
0.18472766304833E+01     0.21507002500000E+07
0.18570950665089E+01     0.20992562500000E+07
0.18669135025345E+01     0.20427817500000E+07
0.18767319385602E+01     0.19817892500000E+07
0.18865503745858E+01     0.19168787500000E+07
0.18963688106114E+01     0.18487561250000E+07
0.19061872466370E+01     0.17777733750000E+07
0.19160056826626E+01     0.17047560000000E+07
0.19258241186882E+01     0.16300581250000E+07
0.19356425547138E+01     0.15545021250000E+07
0.19454609907394E+01     0.14784702500000E+07
0.19552794267650E+01     0.14024630000000E+07
0.19650978627907E+01     0.13269780000000E+07
0.19749162988163E+01     0.12524432500000E+07
0.19847347348419E+01     0.11792461250000E+07
0.19945531708675E+01     0.11077110000000E+07
0.20043716068931E+01     0.10381230000000E+07
0.20141900429187E+01     0.97071181250000E+06
0.20240084789443E+01     0.90579050000000E+06
0.20338269149699E+01     0.84342518750000E+06
0.20436453509956E+01     0.78369537500000E+06
0.20534637870212E+01     0.72676393750000E+06
0.20632822230468E+01     0.67267012500000E+06
0.20731006590724E+01     0.62133081250000E+06
0.20829190950980E+01     0.57290181250000E+06
0.20927375311236E+01     0.52718037500000E+06
0.21025559671492E+01     0.47161284375000E+06
0.21123744031748E+01     0.42509415625000E+06
0.21221928392005E+01     0.38560546875000E+06
0.21320112752261E+01     0.35142009375000E+06
0.21418297112517E+01     0.32148631250000E+06
0.21516481472773E+01     0.29522987500000E+06
0.21614665833029E+01     0.27210893750000E+06
0.21712850193285E+01     0.25189829687500E+06
0.21811034553541E+01     0.23396139062500E+06
0.21909218913797E+01     0.21725387500000E+06
0.22007403274054E+01     0.19651485937500E+06
0.22105587634310E+01     0.12466864062500E+06
0.22203771994566E+01     0.10718602343750E+06
0.22301956354822E+01     0.89893062500000E+05
0.22400140715078E+01     0.73155382812500E+05
0.22498325075334E+01     0.57179386718750E+05
0.22596509435590E+01     0.42229031250000E+05
0.22694693795846E+01     0.28622898437500E+05
0.22792878156102E+01     0.16809873046875E+05
0.22891062516359E+01     0.75110961914063E+04
0.22989246876615E+01     0.21351691894531E+04
0.23087431236871E+01     0.00000000000000E+00
0.23185615597127E+01     0.00000000000000E+00
0.23283799957383E+01     0.00000000000000E+00
