0.10716201844600E+01     0.00000000000000E+00
0.10814386204856E+01     0.00000000000000E+00
0.10912570565112E+01     0.00000000000000E+00
0.11010754925368E+01     0.16978316650391E+04
0.11108939285624E+01     0.44826723632813E+04
0.11207123645880E+01     0.86157802734375E+04
0.11305308006136E+01     0.14404246093750E+05
0.11403492366393E+01     0.20680429687500E+05
0.11501676726649E+01     0.28468820312500E+05
0.11599861086905E+01     0.36176257812500E+05
0.11698045447161E+01     0.45321000000000E+05
0.11796229807417E+01     0.54095468750000E+05
0.11894414167673E+01     0.64218898437500E+05
0.11992598527929E+01     0.73929523437500E+05
0.12090782888185E+01     0.84914843750000E+05
0.12188967248442E+01     0.95605171875000E+05
0.12287151608698E+01     0.10752075781250E+06
0.12385335968954E+01     0.11939658593750E+06
0.12483520329210E+01     0.13227984375000E+06
0.12581704689466E+01     0.14539834375000E+06
0.12679889049722E+01     0.15996687500000E+06
0.12778073409978E+01     0.16973754687500E+06
0.12876257770234E+01     0.18020678125000E+06
0.12974442130490E+01     0.19134556250000E+06
0.13072626490747E+01     0.20314265625000E+06
0.13170810851003E+01     0.21572495312500E+06
0.13268995211259E+01     0.22881314062500E+06
0.13367179571515E+01     0.24315293750000E+06
0.13465363931771E+01     0.25814971875000E+06
0.13563548292027E+01     0.27577196875000E+06
0.13661732652283E+01     0.29518540625000E+06
0.13759917012539E+01     0.31948787500000E+06
0.13858101372796E+01     0.34786346875000E+06
0.13956285733052E+01     0.38500287500000E+06
0.14054470093308E+01     0.43033215625000E+06
0.14152654453564E+01     0.48088687500000E+06
0.14250838813820E+01     0.51664390625000E+06
0.14349023174076E+01     0.55665068750000E+06
0.14447207534332E+01     0.59632950000000E+06
0.14545391894588E+01     0.64071368750000E+06
0.14643576254844E+01     0.68452625000000E+06
0.14741760615101E+01     0.73348275000000E+06
0.14839944975357E+01     0.78141887500000E+06
0.14938129335613E+01     0.83485875000000E+06
0.15036313695869E+01     0.88681881250000E+06
0.15134498056125E+01     0.94461837500000E+06
0.15232682416381E+01     0.10003656250000E+07
0.15330866776637E+01     0.10623887500000E+07
0.15429051136893E+01     0.11216746250000E+07
0.15527235497150E+01     0.11873195000000E+07
0.15625419857406E+01     0.12493627500000E+07
0.15723604217662E+01     0.13180273750000E+07
0.15821788577918E+01     0.13822048750000E+07
0.15919972938174E+01     0.14528713750000E+07
0.16018157298430E+01     0.15179842500000E+07
0.16116341658686E+01     0.15895772500000E+07
0.16214526018942E+01     0.16542597500000E+07
0.16312710379199E+01     0.17252168750000E+07
0.16410894739455E+01     0.17879692500000E+07
0.16509079099711E+01     0.18564960000000E+07
0.16607263459967E+01     0.19153856250000E+07
0.16705447820223E+01     0.19796880000000E+07
0.16803632180479E+01     0.20328168750000E+07
0.16901816540735E+01     0.20906300000000E+07
0.17000000900991E+01     0.21358702500000E+07
0.17098185261247E+01     0.21850845000000E+07
0.17196369621504E+01     0.22206060000000E+07
0.17294553981760E+01     0.22593387500000E+07
0.17392738342016E+01     0.22832495000000E+07
0.17490922702272E+01     0.23096277500000E+07
0.17589107062528E+01     0.23202840000000E+07
0.17687291422784E+01     0.23331270000000E+07
0.17785475783040E+01     0.23299812500000E+07
0.17883660143296E+01     0.23287827500000E+07
0.17981844503553E+01     0.23115795000000E+07
0.18080028863809E+01     0.22961125000000E+07
0.18178213224065E+01     0.22648932500000E+07
0.18276397584321E+01     0.22355000000000E+07
0.18374581944577E+01     0.21914400000000E+07
0.18472766304833E+01     0.21497015000000E+07
0.18570950665089E+01     0.20943922500000E+07
0.18669135025345E+01     0.20418416250000E+07
0.18767319385602E+01     0.19772398750000E+07
0.18865503745858E+01     0.19160056250000E+07
0.18963688106114E+01     0.18445582500000E+07
0.19061872466370E+01     0.17769737500000E+07
0.19160056826626E+01     0.17009380000000E+07
0.19258241186882E+01     0.16293368750000E+07
0.19356425547138E+01     0.15510837500000E+07
0.19454609907394E+01     0.14778302500000E+07
0.19552794267650E+01     0.13994551250000E+07
0.19650978627907E+01     0.13264206250000E+07
0.19749162988163E+01     0.12498475000000E+07
0.19847347348419E+01     0.11787706250000E+07
0.19945531708675E+01     0.11055180000000E+07
0.20043716068931E+01     0.10377261250000E+07
0.20141900429187E+01     0.96889806250000E+06
0.20240084789443E+01     0.90546575000000E+06
0.20338269149699E+01     0.84194681250000E+06
0.20436453509956E+01     0.78343150000000E+06
0.20534637870212E+01     0.72554862500000E+06
0.20632822230468E+01     0.67244912500000E+06
0.20731006590724E+01     0.62026850000000E+06
0.20829190950980E+01     0.57269712500000E+06
0.20927375311236E+01     0.52611756250000E+06
0.21025559671492E+01     0.47152743750000E+06
0.21123744031748E+01     0.42460584375000E+06
0.21221928392005E+01     0.38719218750000E+06
0.21320112752261E+01     0.35273146875000E+06
0.21418297112517E+01     0.32475384375000E+06
0.21516481472773E+01     0.29642050000000E+06
0.21614665833029E+01     0.27411518750000E+06
0.21712850193285E+01     0.24979293750000E+06
0.21811034553541E+01     0.23254821875000E+06
0.21909218913797E+01     0.21120657812500E+06
0.22007403274054E+01     0.19342878125000E+06
0.22105587634310E+01     0.11434866406250E+06
0.22203771994566E+01     0.97697929687500E+05
0.22301956354822E+01     0.78078281250000E+05
0.22400140715078E+01     0.66252601562500E+05
0.22498325075334E+01     0.48603070312500E+05
0.22596509435590E+01     0.38143339843750E+05
0.22694693795846E+01     0.23703935546875E+05
0.22792878156102E+01     0.15156943359375E+05
0.22891062516359E+01     0.59790795898438E+04
0.22989246876615E+01     0.21470139160156E+04
0.23087431236871E+01     0.00000000000000E+00
0.23185615597127E+01     0.00000000000000E+00
0.23283799957383E+01     0.00000000000000E+00
