0.10716201844600E+01     0.00000000000000E+00
0.10814386204856E+01     0.00000000000000E+00
0.10912570565112E+01     0.00000000000000E+00
0.11010754925368E+01     0.12751521484375E+05
0.11108939285624E+01     0.54230175781250E+03
0.11207123645880E+01     0.11315738525391E+04
0.11305308006136E+01     0.18690279541016E+04
0.11403492366393E+01     0.27123159179688E+04
0.11501676726649E+01     0.36200786132813E+04
0.11599861086905E+01     0.45564941406250E+04
0.11698045447161E+01     0.54920654296875E+04
0.11796229807417E+01     0.64026552734375E+04
0.11894414167673E+01     0.72709921875000E+04
0.11992598527929E+01     0.80854965820313E+04
0.12090782888185E+01     0.88411396484375E+04
0.12188967248442E+01     0.95381308593750E+04
0.12287151608698E+01     0.10178474609375E+05
0.12385335968954E+01     0.10417232421875E+05
0.12483520329210E+01     0.11466982421875E+05
0.12581704689466E+01     0.12432610351563E+05
0.12679889049722E+01     0.11129558593750E+05
0.12778073409978E+01     0.87384843750000E+04
0.12876257770234E+01     0.72204506835938E+04
0.12974442130490E+01     0.71142114257813E+04
0.13072626490747E+01     0.77716284179688E+04
0.13170810851003E+01     0.90688164062500E+04
0.13268995211259E+01     0.10964757812500E+05
0.13367179571515E+01     0.13443575195313E+05
0.13465363931771E+01     0.16501107421875E+05
0.13563548292027E+01     0.20143925781250E+05
0.13661732652283E+01     0.24395218750000E+05
0.13759917012539E+01     0.29302720703125E+05
0.13858101372796E+01     0.34962992187500E+05
0.13956285733052E+01     0.41576710937500E+05
0.14054470093308E+01     0.49420445312500E+05
0.14152654453564E+01     0.57168035156250E+05
0.14250838813820E+01     0.63909003906250E+05
0.14349023174076E+01     0.70632000000000E+05
0.14447207534332E+01     0.77751914062500E+05
0.14545391894588E+01     0.85250085937500E+05
0.14643576254844E+01     0.93100546875000E+05
0.14741760615101E+01     0.10126808593750E+06
0.14839944975357E+01     0.10970946875000E+06
0.14938129335613E+01     0.11836926562500E+06
0.15036313695869E+01     0.12718251562500E+06
0.15134498056125E+01     0.13607095312500E+06
0.15232682416381E+01     0.14494553125000E+06
0.15330866776637E+01     0.15370214062500E+06
0.15429051136893E+01     0.16222854687500E+06
0.15527235497150E+01     0.17039918750000E+06
0.15625419857406E+01     0.17808003125000E+06
0.15723604217662E+01     0.18512110937500E+06
0.15821788577918E+01     0.19137115625000E+06
0.15919972938174E+01     0.19667320312500E+06
0.16018157298430E+01     0.20086446875000E+06
0.16116341658686E+01     0.20378414062500E+06
0.16214526018942E+01     0.20527859375000E+06
0.16312710379199E+01     0.20519868750000E+06
0.16410894739455E+01     0.20341467187500E+06
0.16509079099711E+01     0.19980550000000E+06
0.16607263459967E+01     0.19428543750000E+06
0.16705447820223E+01     0.18678751562500E+06
0.16803632180479E+01     0.17728006250000E+06
0.16901816540735E+01     0.16576595312500E+06
0.17000000900991E+01     0.15229223437500E+06
0.17098185261247E+01     0.13694100000000E+06
0.17196369621504E+01     0.11983940625000E+06
0.17294553981760E+01     0.10116142968750E+06
0.17392738342016E+01     0.81114164062500E+05
0.17490922702272E+01     0.59937933593750E+05
0.17589107062528E+01     0.37919812500000E+05
0.17687291422784E+01     0.15367764648438E+05
0.17785475783040E+01     -.73973105468750E+04
0.17883660143296E+01     -.30046031250000E+05
0.17981844503553E+01     -.52247976562500E+05
0.18080028863809E+01     -.73673562500000E+05
0.18178213224065E+01     -.94005921875000E+05
0.18276397584321E+01     -.11296092968750E+06
0.18374581944577E+01     -.13029176562500E+06
0.18472766304833E+01     -.14577906250000E+06
0.18570950665089E+01     -.15925746875000E+06
0.18669135025345E+01     -.17060000000000E+06
0.18767319385602E+01     -.17973287500000E+06
0.18865503745858E+01     -.18662714062500E+06
0.18963688106114E+01     -.19130592187500E+06
0.19061872466370E+01     -.19382487500000E+06
0.19160056826626E+01     -.19428904687500E+06
0.19258241186882E+01     -.19283056250000E+06
0.19356425547138E+01     -.18961056250000E+06
0.19454609907394E+01     -.18480979687500E+06
0.19552794267650E+01     -.17862906250000E+06
0.19650978627907E+01     -.17127076562500E+06
0.19749162988163E+01     -.16294573437500E+06
0.19847347348419E+01     -.15385840625000E+06
0.19945531708675E+01     -.14421023437500E+06
0.20043716068931E+01     -.13418814062500E+06
0.20141900429187E+01     -.12396913281250E+06
0.20240084789443E+01     -.11371268750000E+06
0.20338269149699E+01     -.10356130468750E+06
0.20436453509956E+01     -.93635890625000E+05
0.20534637870212E+01     -.84044421875000E+05
0.20632822230468E+01     -.74872687500000E+05
0.20731006590724E+01     -.66188750000000E+05
0.20829190950980E+01     -.58046347656250E+05
0.20927375311236E+01     -.48549500000000E+05
0.21025559671492E+01     -.37172871093750E+05
0.21123744031748E+01     -.28582833984375E+05
0.21221928392005E+01     -.25066210937500E+05
0.21320112752261E+01     -.24587248046875E+05
0.21418297112517E+01     -.25208058593750E+05
0.21516481472773E+01     -.25365435546875E+05
0.21614665833029E+01     -.23961337890625E+05
0.21712850193285E+01     -.20467666015625E+05
0.21811034553541E+01     -.15082184570313E+05
0.21909218913797E+01     -.90291054687500E+04
0.22007403274054E+01     0.51217914062500E+05
0.22105587634310E+01     0.42071425781250E+05
0.22203771994566E+01     -.22930302734375E+05
0.22301956354822E+01     -.19109205078125E+05
0.22400140715078E+01     -.15556420898438E+05
0.22498325075334E+01     -.12246938476563E+05
0.22596509435590E+01     -.91672822265625E+04
0.22694693795846E+01     -.63385014648438E+04
0.22792878156102E+01     -.38391491699219E+04
0.22891062516359E+01     -.18240991210938E+04
0.22989246876615E+01     -.23317065429688E+04
0.23087431236871E+01     0.00000000000000E+00
0.23185615597127E+01     0.00000000000000E+00
0.23283799957383E+01     0.00000000000000E+00
