0.10716201844600E+01     0.00000000000000E+00
0.10814386204856E+01     0.00000000000000E+00
0.10912570565112E+01     0.00000000000000E+00
0.11010754925368E+01     0.43848758650711E-05
0.11108939285624E+01     0.71649815254204E-05
0.11207123645880E+01     0.13522742847272E-04
0.11305308006136E+01     0.24857385142241E-04
0.11403492366393E+01     0.42358489736216E-04
0.11501676726649E+01     0.66947519371752E-04
0.11599861086905E+01     0.99272598163225E-04
0.11698045447161E+01     0.13970375584904E-03
0.11796229807417E+01     0.18832492060028E-03
0.11894414167673E+01     0.24492977536283E-03
0.11992598527929E+01     0.30901381978765E-03
0.12090782888185E+01     0.37977230385877E-03
0.12188967248442E+01     0.45609299559146E-03
0.12287151608698E+01     0.53655117517337E-03
0.12385335968954E+01     0.61935815028846E-03
0.12483520329210E+01     0.69732742849737E-03
0.12581704689466E+01     0.78546733129770E-03
0.12679889049722E+01     0.86252228356898E-03
0.12778073409978E+01     0.90532033937052E-03
0.12876257770234E+01     0.90109865413979E-03
0.12974442130490E+01     0.86042948532850E-03
0.13072626490747E+01     0.78802189091221E-03
0.13170810851003E+01     0.68965496029705E-03
0.13268995211259E+01     0.57308300165460E-03
0.13367179571515E+01     0.44781161705032E-03
0.13465363931771E+01     0.32434429158457E-03
0.13563548292027E+01     0.21300320804585E-03
0.13661732652283E+01     0.12242674711160E-03
0.13759917012539E+01     0.57909928727895E-04
0.13858101372796E+01     0.19968114429503E-04
0.13956285733052E+01     0.37296726986824E-05
0.14054470093308E+01     0.11659369647532E-06
0.14152654453564E+01     0.00000000000000E+00
0.14250838813820E+01     0.00000000000000E+00
0.14349023174076E+01     0.00000000000000E+00
0.14447207534332E+01     0.00000000000000E+00
0.14545391894588E+01     0.00000000000000E+00
0.14643576254844E+01     0.00000000000000E+00
0.14741760615101E+01     0.00000000000000E+00
0.14839944975357E+01     0.00000000000000E+00
0.14938129335613E+01     0.00000000000000E+00
0.15036313695869E+01     0.00000000000000E+00
0.15134498056125E+01     0.00000000000000E+00
0.15232682416381E+01     0.00000000000000E+00
0.15330866776637E+01     0.00000000000000E+00
0.15429051136893E+01     0.00000000000000E+00
0.15527235497150E+01     0.00000000000000E+00
0.15625419857406E+01     0.00000000000000E+00
0.15723604217662E+01     0.00000000000000E+00
0.15821788577918E+01     0.00000000000000E+00
0.15919972938174E+01     0.00000000000000E+00
0.16018157298430E+01     0.00000000000000E+00
0.16116341658686E+01     0.00000000000000E+00
0.16214526018942E+01     0.00000000000000E+00
0.16312710379199E+01     0.00000000000000E+00
0.16410894739455E+01     0.00000000000000E+00
0.16509079099711E+01     0.00000000000000E+00
0.16607263459967E+01     0.00000000000000E+00
0.16705447820223E+01     0.00000000000000E+00
0.16803632180479E+01     0.00000000000000E+00
0.16901816540735E+01     0.00000000000000E+00
0.17000000900991E+01     0.00000000000000E+00
0.17098185261247E+01     0.00000000000000E+00
0.17196369621504E+01     0.00000000000000E+00
0.17294553981760E+01     0.00000000000000E+00
0.17392738342016E+01     0.00000000000000E+00
0.17490922702272E+01     0.00000000000000E+00
0.17589107062528E+01     0.00000000000000E+00
0.17687291422784E+01     0.00000000000000E+00
0.17785475783040E+01     0.00000000000000E+00
0.17883660143296E+01     0.00000000000000E+00
0.17981844503553E+01     0.00000000000000E+00
0.18080028863809E+01     0.00000000000000E+00
0.18178213224065E+01     0.00000000000000E+00
0.18276397584321E+01     0.00000000000000E+00
0.18374581944577E+01     0.00000000000000E+00
0.18472766304833E+01     0.00000000000000E+00
0.18570950665089E+01     0.00000000000000E+00
0.18669135025345E+01     0.00000000000000E+00
0.18767319385602E+01     0.00000000000000E+00
0.18865503745858E+01     0.00000000000000E+00
0.18963688106114E+01     0.00000000000000E+00
0.19061872466370E+01     0.00000000000000E+00
0.19160056826626E+01     0.00000000000000E+00
0.19258241186882E+01     0.00000000000000E+00
0.19356425547138E+01     0.00000000000000E+00
0.19454609907394E+01     0.00000000000000E+00
0.19552794267650E+01     0.00000000000000E+00
0.19650978627907E+01     0.00000000000000E+00
0.19749162988163E+01     0.00000000000000E+00
0.19847347348419E+01     0.00000000000000E+00
0.19945531708675E+01     0.00000000000000E+00
0.20043716068931E+01     0.00000000000000E+00
0.20141900429187E+01     0.00000000000000E+00
0.20240084789443E+01     0.00000000000000E+00
0.20338269149699E+01     0.00000000000000E+00
0.20436453509956E+01     0.00000000000000E+00
0.20534637870212E+01     0.00000000000000E+00
0.20632822230468E+01     0.00000000000000E+00
0.20731006590724E+01     0.00000000000000E+00
0.20829190950980E+01     0.00000000000000E+00
0.20927375311236E+01     0.00000000000000E+00
0.21025559671492E+01     0.11945542155445E-05
0.21123744031748E+01     0.17685191778583E-04
0.21221928392005E+01     0.73090624937322E-04
0.21320112752261E+01     0.17947556625586E-03
0.21418297112517E+01     0.32751480466686E-03
0.21516481472773E+01     0.48858794616535E-03
0.21614665833029E+01     0.62529213028029E-03
0.21712850193285E+01     0.70512940874323E-03
0.21811034553541E+01     0.71098125772551E-03
0.21909218913797E+01     0.64427213510498E-03
0.22007403274054E+01     0.52968179807067E-03
0.22105587634310E+01     0.18373859347776E-02
0.22203771994566E+01     0.14210859080777E-02
0.22301956354822E+01     0.10516275651753E-02
0.22400140715078E+01     0.73755189077929E-03
0.22498325075334E+01     0.48335301107727E-03
0.22596509435590E+01     0.28972211293876E-03
0.22694693795846E+01     0.15362967678811E-03
0.22792878156102E+01     0.68639783421531E-04
0.22891062516359E+01     0.25001289031934E-04
0.22989246876615E+01     0.99689978014794E-05
0.23087431236871E+01     0.00000000000000E+00
0.23185615597127E+01     0.00000000000000E+00
0.23283799957383E+01     0.00000000000000E+00
