0.10716201844600E+01     0.00000000000000E+00
0.10814386204856E+01     0.00000000000000E+00
0.10912570565112E+01     0.00000000000000E+00
0.11010754925368E+01     0.31258039474487E+01
0.11108939285624E+01     0.26100289821625E+01
0.11207123645880E+01     0.22809407711029E+01
0.11305308006136E+01     0.20261881351471E+01
0.11403492366393E+01     0.18192653656006E+01
0.11501676726649E+01     0.16456912755966E+01
0.11599861086905E+01     0.14967461824417E+01
0.11698045447161E+01     0.13667924404144E+01
0.11796229807417E+01     0.12519919872284E+01
0.11894414167673E+01     0.11496151685715E+01
0.11992598527929E+01     0.10576584339142E+01
0.12090782888185E+01     0.97460305690765E+00
0.12188967248442E+01     0.89926958084106E+00
0.12287151608698E+01     0.83070147037506E+00
0.12385335968954E+01     0.76801490783691E+00
0.12483520329210E+01     0.70163106918335E+00
0.12581704689466E+01     0.66083115339279E+00
0.12679889049722E+01     0.61291247606277E+00
0.12778073409978E+01     0.55197513103485E+00
0.12876257770234E+01     0.48721075057983E+00
0.12974442130490E+01     0.43079948425293E+00
0.13072626490747E+01     0.38327613472939E+00
0.13170810851003E+01     0.34366995096207E+00
0.13268995211259E+01     0.31089460849762E+00
0.13367179571515E+01     0.28400802612305E+00
0.13465363931771E+01     0.26226821541786E+00
0.13563548292027E+01     0.24514564871788E+00
0.13661732652283E+01     0.23233154416084E+00
0.13759917012539E+01     0.22374324500561E+00
0.13858101372796E+01     0.21952252089977E+00
0.13956285733052E+01     0.22000698745251E+00
0.14054470093308E+01     0.22565695643425E+00
0.14152654453564E+01     0.23662650585175E+00
0.14250838813820E+01     0.24917891621590E+00
0.14349023174076E+01     0.26209506392479E+00
0.14447207534332E+01     0.27536815404892E+00
0.14545391894588E+01     0.28899022936821E+00
0.14643576254844E+01     0.30295020341873E+00
0.14741760615101E+01     0.31723564863205E+00
0.14839944975357E+01     0.33183059096336E+00
0.14938129335613E+01     0.34671744704247E+00
0.15036313695869E+01     0.36187458038330E+00
0.15134498056125E+01     0.37727868556976E+00
0.15232682416381E+01     0.39290183782578E+00
0.15330866776637E+01     0.40871450304985E+00
0.15429051136893E+01     0.42468196153641E+00
0.15527235497150E+01     0.44076794385910E+00
0.15625419857406E+01     0.45693069696426E+00
0.15723604217662E+01     0.47312730550766E+00
0.15821788577918E+01     0.48930895328522E+00
0.15919972938174E+01     0.50542610883713E+00
0.16018157298430E+01     0.52142351865768E+00
0.16116341658686E+01     0.53724569082260E+00
0.16214526018942E+01     0.55283159017563E+00
0.16312710379199E+01     0.56812107563019E+00
0.16410894739455E+01     0.58304876089096E+00
0.16509079099711E+01     0.59755146503448E+00
0.16607263459967E+01     0.61156111955643E+00
0.16705447820223E+01     0.62501370906830E+00
0.16803632180479E+01     0.63784098625183E+00
0.16901816540735E+01     0.64998012781143E+00
0.17000000900991E+01     0.66136533021927E+00
0.17098185261247E+01     0.67193800210953E+00
0.17196369621504E+01     0.68163734674454E+00
0.17294553981760E+01     0.69041138887405E+00
0.17392738342016E+01     0.69820708036423E+00
0.17490922702272E+01     0.70498132705688E+00
0.17589107062528E+01     0.71069109439850E+00
0.17687291422784E+01     0.71530461311340E+00
0.17785475783040E+01     0.71879047155380E+00
0.17883660143296E+01     0.72112911939621E+00
0.17981844503553E+01     0.72230178117752E+00
0.18080028863809E+01     0.72230178117752E+00
0.18178213224065E+01     0.72112327814102E+00
0.18276397584321E+01     0.71877276897430E+00
0.18374581944577E+01     0.71525716781616E+00
0.18472766304833E+01     0.71059507131577E+00
0.18570950665089E+01     0.70480513572693E+00
0.18669135025345E+01     0.69791680574417E+00
0.18767319385602E+01     0.68995910882950E+00
0.18865503745858E+01     0.68097072839737E+00
0.18963688106114E+01     0.67098957300186E+00
0.19061872466370E+01     0.66006153821945E+00
0.19160056826626E+01     0.64823144674301E+00
0.19258241186882E+01     0.63555085659027E+00
0.19356425547138E+01     0.62206959724426E+00
0.19454609907394E+01     0.60784304141998E+00
0.19552794267650E+01     0.59292417764664E+00
0.19650978627907E+01     0.57737052440643E+00
0.19749162988163E+01     0.56123691797256E+00
0.19847347348419E+01     0.54458135366440E+00
0.19945531708675E+01     0.52745908498764E+00
0.20043716068931E+01     0.50992745161057E+00
0.20141900429187E+01     0.49204099178314E+00
0.20240084789443E+01     0.47385543584824E+00
0.20338269149699E+01     0.45542353391647E+00
0.20436453509956E+01     0.43679863214493E+00
0.20534637870212E+01     0.41803112626076E+00
0.20632822230468E+01     0.39917153120041E+00
0.20731006590724E+01     0.38026744127274E+00
0.20829190950980E+01     0.36136621236801E+00
0.20927375311236E+01     0.34251239895821E+00
0.21025559671492E+01     0.31938299536705E+00
0.21123744031748E+01     0.28712439537048E+00
0.21221928392005E+01     0.24729685485363E+00
0.21320112752261E+01     0.20144684612751E+00
0.21418297112517E+01     0.15102176368237E+00
0.21516481472773E+01     0.97578875720501E-01
0.21614665833029E+01     0.43234616518021E-01
0.21712850193285E+01     0.88995089754462E-02
0.21811034553541E+01     0.54577175527811E-01
0.21909218913797E+01     0.88845111429691E-01
0.22007403274054E+01     0.10962136089802E+00
0.22105587634310E+01     0.15253393650055E+01
0.22203771994566E+01     0.15601491928101E+01
0.22301956354822E+01     0.16214468479156E+01
0.22400140715078E+01     0.17130911350250E+01
0.22498325075334E+01     0.18414766788483E+01
0.22596509435590E+01     0.20168695449829E+01
0.22694693795846E+01     0.22564017772675E+01
0.22792878156102E+01     0.25909743309021E+01
0.22891062516359E+01     0.30849366188049E+01
0.22989246876615E+01     0.41052665710449E+01
0.23087431236871E+01     0.00000000000000E+00
0.23185615597127E+01     0.00000000000000E+00
0.23283799957383E+01     0.00000000000000E+00
