0.10716201844600E+01     0.00000000000000E+00
0.10814386204856E+01     0.00000000000000E+00
0.10912570565112E+01     0.00000000000000E+00
0.11010754925368E+01     0.74503135681152E+00
0.11108939285624E+01     0.16561994552612E+01
0.11207123645880E+01     0.38810260295868E+01
0.11305308006136E+01     0.85626621246338E+01
0.11403492366393E+01     0.17123191833496E+02
0.11501676726649E+01     0.31258077621460E+02
0.11599861086905E+01     0.52913280487061E+02
0.11698045447161E+01     0.84261054992676E+02
0.11796229807417E+01     0.12766990661621E+03
0.11894414167673E+01     0.18567303466797E+03
0.11992598527929E+01     0.26092736816406E+03
0.12090782888185E+01     0.35617410278320E+03
0.12188967248442E+01     0.47418945312500E+03
0.12287151608698E+01     0.61775476074219E+03
0.12385335968954E+01     0.78971575927734E+03
0.12483520329210E+01     0.10050090332031E+04
0.12581704689466E+01     0.12245466308594E+04
0.12679889049722E+01     0.14951934814453E+04
0.12778073409978E+01     0.18439295654297E+04
0.12876257770234E+01     0.22668747558594E+04
0.12974442130490E+01     0.27335332031250E+04
0.13072626490747E+01     0.32324934082031E+04
0.13170810851003E+01     0.37555576171875E+04
0.13268995211259E+01     0.42956381835938E+04
0.13367179571515E+01     0.48465917968750E+04
0.13465363931771E+01     0.54034677734375E+04
0.13563548292027E+01     0.59629521484375E+04
0.13661732652283E+01     0.65238906250000E+04
0.13759917012539E+01     0.70879331054688E+04
0.13858101372796E+01     0.76600390625000E+04
0.13956285733052E+01     0.82486718750000E+04
0.14054470093308E+01     0.88649951171875E+04
0.14152654453564E+01     0.95195097656250E+04
0.14250838813820E+01     0.10204284179688E+05
0.14349023174076E+01     0.10915244140625E+05
0.14447207534332E+01     0.11652060546875E+05
0.14545391894588E+01     0.12414347656250E+05
0.14643576254844E+01     0.13201552734375E+05
0.14741760615101E+01     0.14013064453125E+05
0.14839944975357E+01     0.14848074218750E+05
0.14938129335613E+01     0.15705718750000E+05
0.15036313695869E+01     0.16584908203125E+05
0.15134498056125E+01     0.17484496093750E+05
0.15232682416381E+01     0.18403082031250E+05
0.15330866776637E+01     0.19339203125000E+05
0.15429051136893E+01     0.20291099609375E+05
0.15527235497150E+01     0.21256955078125E+05
0.15625419857406E+01     0.22234611328125E+05
0.15723604217662E+01     0.23221849609375E+05
0.15821788577918E+01     0.24216062500000E+05
0.15919972938174E+01     0.25214572265625E+05
0.16018157298430E+01     0.26214257812500E+05
0.16116341658686E+01     0.27211935546875E+05
0.16214526018942E+01     0.28203910156250E+05
0.16312710379199E+01     0.29186429687500E+05
0.16410894739455E+01     0.30155179687500E+05
0.16509079099711E+01     0.31105804687500E+05
0.16607263459967E+01     0.32033349609375E+05
0.16705447820223E+01     0.32932859375000E+05
0.16803632180479E+01     0.33798753906250E+05
0.16901816540735E+01     0.34625539062500E+05
0.17000000900991E+01     0.35407121093750E+05
0.17098185261247E+01     0.36137609375000E+05
0.17196369621504E+01     0.36810597656250E+05
0.17294553981760E+01     0.37420039062500E+05
0.17392738342016E+01     0.37959515625000E+05
0.17490922702272E+01     0.38423183593750E+05
0.17589107062528E+01     0.38805023437500E+05
0.17687291422784E+01     0.39099867187500E+05
0.17785475783040E+01     0.39302574218750E+05
0.17883660143296E+01     0.39409109375000E+05
0.17981844503553E+01     0.39415699218750E+05
0.18080028863809E+01     0.39319921875000E+05
0.18178213224065E+01     0.39119808593750E+05
0.18276397584321E+01     0.38814945312500E+05
0.18374581944577E+01     0.38405503906250E+05
0.18472766304833E+01     0.37893261718750E+05
0.18570950665089E+01     0.37280621093750E+05
0.18669135025345E+01     0.36571550781250E+05
0.18767319385602E+01     0.35770582031250E+05
0.18865503745858E+01     0.34883648437500E+05
0.18963688106114E+01     0.33917097656250E+05
0.19061872466370E+01     0.32878382812500E+05
0.19160056826626E+01     0.31775175781250E+05
0.19258241186882E+01     0.30615927734375E+05
0.19356425547138E+01     0.29409042968750E+05
0.19454609907394E+01     0.28163373046875E+05
0.19552794267650E+01     0.26887468750000E+05
0.19650978627907E+01     0.25590017578125E+05
0.19749162988163E+01     0.24279203125000E+05
0.19847347348419E+01     0.22963082031250E+05
0.19945531708675E+01     0.21649064453125E+05
0.20043716068931E+01     0.20344238281250E+05
0.20141900429187E+01     0.19054974609375E+05
0.20240084789443E+01     0.17787201171875E+05
0.20338269149699E+01     0.16546117187500E+05
0.20436453509956E+01     0.15336425781250E+05
0.20534637870212E+01     0.14162147460938E+05
0.20632822230468E+01     0.13026810546875E+05
0.20731006590724E+01     0.11933325195313E+05
0.20829190950980E+01     0.10884162109375E+05
0.20927375311236E+01     0.98812568359375E+04
0.21025559671492E+01     0.89057744140625E+04
0.21123744031748E+01     0.79567124023438E+04
0.21221928392005E+01     0.70709062500000E+04
0.21320112752261E+01     0.62720078125000E+04
0.21418297112517E+01     0.55674833984375E+04
0.21516481472773E+01     0.49503583984375E+04
0.21614665833029E+01     0.44025097656250E+04
0.21712850193285E+01     0.38982375488281E+04
0.21811034553541E+01     0.34101740722656E+04
0.21909218913797E+01     0.29178603515625E+04
0.22007403274054E+01     0.24242912597656E+04
0.22105587634310E+01     0.16384190368652E+03
0.22203771994566E+01     0.12076725006104E+03
0.22301956354822E+01     0.84091773986816E+02
0.22400140715078E+01     0.54682674407959E+02
0.22498325075334E+01     0.32636634826660E+02
0.22596509435590E+01     0.17415651321411E+02
0.22694693795846E+01     0.79776053428650E+01
0.22792878156102E+01     0.29514207839966E+01
0.22891062516359E+01     0.83371818065643E+00
0.22989246876615E+01     0.20836298167706E+00
0.23087431236871E+01     0.00000000000000E+00
0.23185615597127E+01     0.00000000000000E+00
0.23283799957383E+01     0.00000000000000E+00
