0.10716201844600E+01     0.00000000000000E+00
0.10814386204856E+01     -.14573133084923E-02
0.10912570565112E+01     -.29125192668289E-02
0.11010754925368E+01     0.34422360477038E-03
0.11108939285624E+01     0.36328632850200E-02
0.11207123645880E+01     0.69545670412481E-02
0.11305308006136E+01     0.10310323908925E-01
0.11403492366393E+01     0.13700923882425E-01
0.11501676726649E+01     0.17127089202404E-01
0.11599861086905E+01     0.20589370280504E-01
0.11698045447161E+01     0.24088315665722E-01
0.11796229807417E+01     0.27624314650893E-01
0.11894414167673E+01     0.31197793781757E-01
0.11992598527929E+01     0.34809030592442E-01
0.12090782888185E+01     0.38458351045847E-01
0.12188967248442E+01     0.42145937681198E-01
0.12287151608698E+01     0.45872006565332E-01
0.12385335968954E+01     0.49636639654636E-01
0.12483520329210E+01     0.53439915180206E-01
0.12581704689466E+01     0.57281799614429E-01
0.12679889049722E+01     0.61162229627371E-01
0.12778073409978E+01     0.65080963075161E-01
0.12876257770234E+01     0.69038510322571E-01
0.12974442130490E+01     0.73035329580307E-01
0.13072626490747E+01     0.77071815729141E-01
0.13170810851003E+01     0.81148318946362E-01
0.13268995211259E+01     0.85265114903450E-01
0.13367179571515E+01     0.89422456920147E-01
0.13465363931771E+01     0.93620464205742E-01
0.13563548292027E+01     0.97859203815460E-01
0.13661732652283E+01     0.10213837772608E+00
0.13759917012539E+01     0.10645743459463E+00
0.13858101372796E+01     0.11081509292126E+00
0.13956285733052E+01     0.11520936340094E+00
0.14054470093308E+01     0.11963682621717E+00
0.14152654453564E+01     0.12409258633852E+00
0.14250838813820E+01     0.12857079505920E+00
0.14349023174076E+01     0.13306804001331E+00
0.14447207534332E+01     0.13758023083210E+00
0.14545391894588E+01     0.14210321009159E+00
0.14643576254844E+01     0.14663209021091E+00
0.14741760615101E+01     0.15116189420223E+00
0.14839944975357E+01     0.15568682551384E+00
0.14938129335613E+01     0.16020107269287E+00
0.15036313695869E+01     0.16469788551331E+00
0.15134498056125E+01     0.16917060315609E+00
0.15232682416381E+01     0.17361149191856E+00
0.15330866776637E+01     0.17801296710968E+00
0.15429051136893E+01     0.18236635625362E+00
0.15527235497150E+01     0.18666312098503E+00
0.15625419857406E+01     0.19089363515377E+00
0.15723604217662E+01     0.19504857063293E+00
0.15821788577918E+01     0.19911736249924E+00
0.15919972938174E+01     0.20308989286423E+00
0.16018157298430E+01     0.20695486664772E+00
0.16116341658686E+01     0.21070149540901E+00
0.16214526018942E+01     0.21431785821915E+00
0.16312710379199E+01     0.21779274940491E+00
0.16410894739455E+01     0.22111384570599E+00
0.16509079099711E+01     0.22426974773407E+00
0.16607263459967E+01     0.22724802792072E+00
0.16705447820223E+01     0.23003743588924E+00
0.16803632180479E+01     0.23262572288513E+00
0.16901816540735E+01     0.23500214517117E+00
0.17000000900991E+01     0.23715506494045E+00
0.17098185261247E+01     0.23907463252544E+00
0.17196369621504E+01     0.24075023829937E+00
0.17294553981760E+01     0.24217329919338E+00
0.17392738342016E+01     0.24333465099335E+00
0.17490922702272E+01     0.24422737956047E+00
0.17589107062528E+01     0.24484415352345E+00
0.17687291422784E+01     0.24518014490604E+00
0.17785475783040E+01     0.24523018300533E+00
0.17883660143296E+01     0.24499168992043E+00
0.17981844503553E+01     0.24446187913418E+00
0.18080028863809E+01     0.24364057183266E+00
0.18178213224065E+01     0.24252748489380E+00
0.18276397584321E+01     0.24112498760223E+00
0.18374581944577E+01     0.23943530023098E+00
0.18472766304833E+01     0.23746322095394E+00
0.18570950665089E+01     0.23521326482296E+00
0.18669135025345E+01     0.23269243538380E+00
0.18767319385602E+01     0.22990739345551E+00
0.18865503745858E+01     0.22686700522900E+00
0.18963688106114E+01     0.22357971966267E+00
0.19061872466370E+01     0.22005590796471E+00
0.19160056826626E+01     0.21630539000034E+00
0.19258241186882E+01     0.21233962476254E+00
0.19356425547138E+01     0.20816940069199E+00
0.19454609907394E+01     0.20380684733391E+00
0.19552794267650E+01     0.19926328957081E+00
0.19650978627907E+01     0.19455108046532E+00
0.19749162988163E+01     0.18968172371387E+00
0.19847347348419E+01     0.18466746807098E+00
0.19945531708675E+01     0.17951962351799E+00
0.20043716068931E+01     0.17425000667572E+00
0.20141900429187E+01     0.16886951029301E+00
0.20240084789443E+01     0.16338925063610E+00
0.20338269149699E+01     0.15781943500042E+00
0.20436453509956E+01     0.15217036008835E+00
0.20534637870212E+01     0.14645141363144E+00
0.20632822230468E+01     0.14067195355892E+00
0.20731006590724E+01     0.13484042882919E+00
0.20829190950980E+01     0.12896522879601E+00
0.20927375311236E+01     0.12305387109518E+00
0.21025559671492E+01     0.11711373925209E+00
0.21123744031748E+01     0.11115454882383E+00
0.21221928392005E+01     0.10518414527178E+00
0.21320112752261E+01     0.99208265542984E-01
0.21418297112517E+01     0.93231938779354E-01
0.21516481472773E+01     0.87258905172348E-01
0.21614665833029E+01     0.81292971968651E-01
0.21712850193285E+01     0.75336821377277E-01
0.21811034553541E+01     0.69393537938595E-01
0.21909218913797E+01     0.63464857637882E-01
0.22007403274054E+01     0.57553358376026E-01
0.22105587634310E+01     0.51661245524883E-01
0.22203771994566E+01     0.45806836336851E-01
0.22301956354822E+01     0.39992429316044E-01
0.22400140715078E+01     0.34220777451992E-01
0.22498325075334E+01     0.28493102639914E-01
0.22596509435590E+01     0.22811869159341E-01
0.22694693795846E+01     0.17178094014525E-01
0.22792878156102E+01     0.11593635194004E-01
0.22891062516359E+01     0.60591362416744E-02
0.22989246876615E+01     0.57538331020623E-03
0.23087431236871E+01     -.48579759895802E-02
0.23185615597127E+01     -.24324140977114E-02
0.23283799957383E+01     0.00000000000000E+00
