0.10716201844600E+01     0.00000000000000E+00
0.10814386204856E+01     -.14595610555261E-02
0.10912570565112E+01     -.29146862216294E-02
0.11010754925368E+01     0.33972191158682E-03
0.11108939285624E+01     0.36260469350964E-02
0.11207123645880E+01     0.69454321637750E-02
0.11305308006136E+01     0.10298820212483E-01
0.11403492366393E+01     0.13687044382095E-01
0.11501676726649E+01     0.17110755667090E-01
0.11599861086905E+01     0.20570579916239E-01
0.11698045447161E+01     0.24066973477602E-01
0.11796229807417E+01     0.27600415050983E-01
0.11894414167673E+01     0.31171236187220E-01
0.11992598527929E+01     0.34779805690050E-01
0.12090782888185E+01     0.38426350802183E-01
0.12188967248442E+01     0.42111136019230E-01
0.12287151608698E+01     0.45834295451641E-01
0.12385335968954E+01     0.49595981836319E-01
0.12483520329210E+01     0.53396213799715E-01
0.12581704689466E+01     0.57234991341829E-01
0.12679889049722E+01     0.61112198978663E-01
0.12778073409978E+01     0.65027639269829E-01
0.12876257770234E+01     0.68981781601906E-01
0.12974442130490E+01     0.72975084185600E-01
0.13072626490747E+01     0.77007934451103E-01
0.13170810851003E+01     0.81080660223961E-01
0.13268995211259E+01     0.85193574428558E-01
0.13367179571515E+01     0.89346863329411E-01
0.13465363931771E+01     0.93540705740452E-01
0.13563548292027E+01     0.97775071859360E-01
0.13661732652283E+01     0.10204978287220E+00
0.13759917012539E+01     0.10636414587498E+00
0.13858101372796E+01     0.11071704328060E+00
0.13956285733052E+01     0.11510631442070E+00
0.14054470093308E+01     0.11952878534794E+00
0.14152654453564E+01     0.12397934496403E+00
0.14250838813820E+01     0.12845234572887E+00
0.14349023174076E+01     0.13294409215450E+00
0.14447207534332E+01     0.13745081424713E+00
0.14545391894588E+01     0.14196801185608E+00
0.14643576254844E+01     0.14649114012718E+00
0.14741760615101E+01     0.15101484954357E+00
0.14839944975357E+01     0.15553376078606E+00
0.14938129335613E+01     0.16004163026810E+00
0.15036313695869E+01     0.16453218460083E+00
0.15134498056125E+01     0.16899825632572E+00
0.15232682416381E+01     0.17343267798424E+00
0.15330866776637E+01     0.17782726883888E+00
0.15429051136893E+01     0.18217399716377E+00
0.15527235497150E+01     0.18646368384361E+00
0.15625419857406E+01     0.19068743288517E+00
0.15723604217662E+01     0.19483515620232E+00
0.15821788577918E+01     0.19889710843563E+00
0.15919972938174E+01     0.20286236703396E+00
0.16018157298430E+01     0.20672050118446E+00
0.16116341658686E+01     0.21045987308025E+00
0.16214526018942E+01     0.21406951546669E+00
0.16312710379199E+01     0.21753728389740E+00
0.16410894739455E+01     0.22085186839104E+00
0.16509079099711E+01     0.22400087118149E+00
0.16607263459967E+01     0.22697298228741E+00
0.16705447820223E+01     0.22975583374500E+00
0.16803632180479E+01     0.23233839869499E+00
0.16901816540735E+01     0.23470874130726E+00
0.17000000900991E+01     0.23685653507710E+00
0.17098185261247E+01     0.23877063393593E+00
0.17196369621504E+01     0.24044179916382E+00
0.17294553981760E+01     0.24186012148857E+00
0.17392738342016E+01     0.24301785230637E+00
0.17490922702272E+01     0.24390669167042E+00
0.17589107062528E+01     0.24452076852322E+00
0.17687291422784E+01     0.24485380947590E+00
0.17785475783040E+01     0.24490211904049E+00
0.17883660143296E+01     0.24466167390347E+00
0.17981844503553E+01     0.24413113296032E+00
0.18080028863809E+01     0.24330891668797E+00
0.18178213224065E+01     0.24219615757465E+00
0.18276397584321E+01     0.24079380929470E+00
0.18374581944577E+01     0.23910547792912E+00
0.18472766304833E+01     0.23713454604149E+00
0.18570950665089E+01     0.23488692939281E+00
0.18669135025345E+01     0.23236823081970E+00
0.18767319385602E+01     0.22958640754223E+00
0.18865503745858E+01     0.22654904425144E+00
0.18963688106114E+01     0.22326576709747E+00
0.19061872466370E+01     0.21974574029446E+00
0.19160056826626E+01     0.21599991619587E+00
0.19258241186882E+01     0.21203860640526E+00
0.19356425547138E+01     0.20787362754345E+00
0.19454609907394E+01     0.20351606607437E+00
0.19552794267650E+01     0.19897815585136E+00
0.19650978627907E+01     0.19427135586739E+00
0.19749162988163E+01     0.18940794467926E+00
0.19847347348419E+01     0.18439936637878E+00
0.19945531708675E+01     0.17925764620304E+00
0.20043716068931E+01     0.17399390041828E+00
0.20141900429187E+01     0.16861958801746E+00
0.20240084789443E+01     0.16314525902271E+00
0.20338269149699E+01     0.15758161246777E+00
0.20436453509956E+01     0.15193843841553E+00
0.20534637870212E+01     0.14622555673122E+00
0.20632822230468E+01     0.14045189321041E+00
0.20731006590724E+01     0.13462626934052E+00
0.20829190950980E+01     0.12875670194626E+00
0.20927375311236E+01     0.12285105884075E+00
0.21025559671492E+01     0.11691638827324E+00
0.21123744031748E+01     0.11096279323101E+00
0.21221928392005E+01     0.10499768704176E+00
0.21320112752261E+01     0.99027171730995E-01
0.21418297112517E+01     0.93055792152882E-01
0.21516481472773E+01     0.87087824940681E-01
0.21614665833029E+01     0.81126429140568E-01
0.21712850193285E+01     0.75175061821938E-01
0.21811034553541E+01     0.69235913455486E-01
0.21909218913797E+01     0.63311770558357E-01
0.22007403274054E+01     0.57404059916735E-01
0.22105587634310E+01     0.51516324281693E-01
0.22203771994566E+01     0.45665472745895E-01
0.22301956354822E+01     0.39855252951384E-01
0.22400140715078E+01     0.34086965024471E-01
0.22498325075334E+01     0.28363266959786E-01
0.22596509435590E+01     0.22685287520289E-01
0.22694693795846E+01     0.17055224627256E-01
0.22792878156102E+01     0.11473898775876E-01
0.22891062516359E+01     0.59426277875900E-02
0.22989246876615E+01     0.46160069177859E-03
0.23087431236871E+01     -.49692206084728E-02
0.23185615597127E+01     -.25418584700674E-02
0.23283799957383E+01     0.00000000000000E+00
