0.10716201844600E+01     0.00000000000000E+00
0.10814386204856E+01     0.00000000000000E+00
0.10912570565112E+01     0.00000000000000E+00
0.11010754925368E+01     0.15246047500000E+07
0.11108939285624E+01     0.14984970000000E+07
0.11207123645880E+01     0.14731073750000E+07
0.11305308006136E+01     0.14484115000000E+07
0.11403492366393E+01     0.14243868750000E+07
0.11501676726649E+01     0.14010116250000E+07
0.11599861086905E+01     0.13782650000000E+07
0.11698045447161E+01     0.13561272500000E+07
0.11796229807417E+01     0.13345793750000E+07
0.11894414167673E+01     0.13136032500000E+07
0.11992598527929E+01     0.12931813750000E+07
0.12090782888185E+01     0.12732973750000E+07
0.12188967248442E+01     0.12539352500000E+07
0.12287151608698E+01     0.12350800000000E+07
0.12385335968954E+01     0.12167168750000E+07
0.12483520329210E+01     0.11988326250000E+07
0.12581704689466E+01     0.11814126250000E+07
0.12679889049722E+01     0.11644451250000E+07
0.12778073409978E+01     0.11479185000000E+07
0.12876257770234E+01     0.11318213750000E+07
0.12974442130490E+01     0.11161431250000E+07
0.13072626490747E+01     0.11008737500000E+07
0.13170810851003E+01     0.10860033750000E+07
0.13268995211259E+01     0.10715226250000E+07
0.13367179571515E+01     0.10574222500000E+07
0.13465363931771E+01     0.10436934375000E+07
0.13563548292027E+01     0.10303275625000E+07
0.13661732652283E+01     0.10173161875000E+07
0.13759917012539E+01     0.10046509375000E+07
0.13858101372796E+01     0.99232375000000E+06
0.13956285733052E+01     0.98032587500000E+06
0.14054470093308E+01     0.96864850000000E+06
0.14152654453564E+01     0.95729143750000E+06
0.14250838813820E+01     0.94622950000000E+06
0.14349023174076E+01     0.93546093750000E+06
0.14447207534332E+01     0.92497781250000E+06
0.14545391894588E+01     0.91477175000000E+06
0.14643576254844E+01     0.90483450000000E+06
0.14741760615101E+01     0.89515725000000E+06
0.14839944975357E+01     0.88573156250000E+06
0.14938129335613E+01     0.87654862500000E+06
0.15036313695869E+01     0.86759950000000E+06
0.15134498056125E+01     0.85887493750000E+06
0.15232682416381E+01     0.85036556250000E+06
0.15330866776637E+01     0.84206125000000E+06
0.15429051136893E+01     0.83395187500000E+06
0.15527235497150E+01     0.82602706250000E+06
0.15625419857406E+01     0.81827612500000E+06
0.15723604217662E+01     0.81068806250000E+06
0.15821788577918E+01     0.80325118750000E+06
0.15919972938174E+01     0.79595393750000E+06
0.16018157298430E+01     0.78878443750000E+06
0.16116341658686E+01     0.78173043750000E+06
0.16214526018942E+01     0.77477950000000E+06
0.16312710379199E+01     0.76791931250000E+06
0.16410894739455E+01     0.76113712500000E+06
0.16509079099711E+01     0.75442068750000E+06
0.16607263459967E+01     0.74775743750000E+06
0.16705447820223E+01     0.74113556250000E+06
0.16803632180479E+01     0.73454281250000E+06
0.16901816540735E+01     0.72796843750000E+06
0.17000000900991E+01     0.72140106250000E+06
0.17098185261247E+01     0.71483150000000E+06
0.17196369621504E+01     0.70824962500000E+06
0.17294553981760E+01     0.70164812500000E+06
0.17392738342016E+01     0.69501887500000E+06
0.17490922702272E+01     0.68835681250000E+06
0.17589107062528E+01     0.68165612500000E+06
0.17687291422784E+01     0.67491431250000E+06
0.17785475783040E+01     0.66812825000000E+06
0.17883660143296E+01     0.66129800000000E+06
0.17981844503553E+01     0.65442306250000E+06
0.18080028863809E+01     0.64750618750000E+06
0.18178213224065E+01     0.64054937500000E+06
0.18276397584321E+01     0.63355781250000E+06
0.18374581944577E+01     0.62653587500000E+06
0.18472766304833E+01     0.61949050000000E+06
0.18570950665089E+01     0.61242812500000E+06
0.18669135025345E+01     0.60535693750000E+06
0.18767319385602E+01     0.59828456250000E+06
0.18865503745858E+01     0.59122018750000E+06
0.18963688106114E+01     0.58417200000000E+06
0.19061872466370E+01     0.57714931250000E+06
0.19160056826626E+01     0.57016056250000E+06
0.19258241186882E+01     0.56321456250000E+06
0.19356425547138E+01     0.55631931250000E+06
0.19454609907394E+01     0.54948306250000E+06
0.19552794267650E+01     0.54271287500000E+06
0.19650978627907E+01     0.53601562500000E+06
0.19749162988163E+01     0.52939762500000E+06
0.19847347348419E+01     0.52286431250000E+06
0.19945531708675E+01     0.51642068750000E+06
0.20043716068931E+01     0.51007087500000E+06
0.20141900429187E+01     0.50381856250000E+06
0.20240084789443E+01     0.49766659375000E+06
0.20338269149699E+01     0.49161753125000E+06
0.20436453509956E+01     0.48567281250000E+06
0.20534637870212E+01     0.47983381250000E+06
0.20632822230468E+01     0.47410103125000E+06
0.20731006590724E+01     0.46847475000000E+06
0.20829190950980E+01     0.46295471875000E+06
0.20927375311236E+01     0.45754040625000E+06
0.21025559671492E+01     0.45223153125000E+06
0.21123744031748E+01     0.44702737500000E+06
0.21221928392005E+01     0.44192546875000E+06
0.21320112752261E+01     0.43692431250000E+06
0.21418297112517E+01     0.43202293750000E+06
0.21516481472773E+01     0.42721918750000E+06
0.21614665833029E+01     0.42251184375000E+06
0.21712850193285E+01     0.41789800000000E+06
0.21811034553541E+01     0.41337565625000E+06
0.21909218913797E+01     0.40894106250000E+06
0.22007403274054E+01     0.40459109375000E+06
0.22105587634310E+01     0.39950918750000E+06
0.22203771994566E+01     0.39532709375000E+06
0.22301956354822E+01     0.39122300000000E+06
0.22400140715078E+01     0.38719965625000E+06
0.22498325075334E+01     0.38325534375000E+06
0.22596509435590E+01     0.37938759375000E+06
0.22694693795846E+01     0.37559525000000E+06
0.22792878156102E+01     0.37187534375000E+06
0.22891062516359E+01     0.36822659375000E+06
0.22989246876615E+01     0.36464556250000E+06
0.23087431236871E+01     0.00000000000000E+00
0.23185615597127E+01     0.00000000000000E+00
0.23283799957383E+01     0.00000000000000E+00
