0.10716201844600E+01     0.00000000000000E+00
0.10814386204856E+01     0.00000000000000E+00
0.10912570565112E+01     0.00000000000000E+00
0.11010754925368E+01     -.13239723557490E-04
0.11108939285624E+01     -.15177390014287E-03
0.11207123645880E+01     -.27407536981627E-03
0.11305308006136E+01     -.38775737630203E-03
0.11403492366393E+01     -.46851090155542E-03
0.11501676726649E+01     -.53903658408672E-03
0.11599861086905E+01     -.57106721214950E-03
0.11698045447161E+01     -.59451209381223E-03
0.11796229807417E+01     -.58466853806749E-03
0.11894414167673E+01     -.56993571342900E-03
0.11992598527929E+01     -.53295056568459E-03
0.12090782888185E+01     -.49489742377773E-03
0.12188967248442E+01     -.44541203533299E-03
0.12287151608698E+01     -.39727686089464E-03
0.12385335968954E+01     -.34426985075697E-03
0.12483520329210E+01     -.29314073617570E-03
0.12581704689466E+01     -.23853700258769E-03
0.12679889049722E+01     -.18471451767255E-03
0.12778073409978E+01     -.12535728455987E-03
0.12876257770234E+01     -.65634820202831E-04
0.12974442130490E+01     0.21002915673307E-05
0.13072626490747E+01     0.71578950155526E-04
0.13170810851003E+01     0.15082294703461E-03
0.13268995211259E+01     0.23246947966982E-03
0.13367179571515E+01     0.32313648262061E-03
0.13465363931771E+01     0.41610881453380E-03
0.13563548292027E+01     0.51506084855646E-03
0.13661732652283E+01     0.61563961207867E-03
0.13759917012539E+01     0.71784411557019E-03
0.13858101372796E+01     0.82115014083684E-03
0.13956285733052E+01     0.92229037545621E-03
0.14054470093308E+01     0.10247193276882E-02
0.14152654453564E+01     0.11233557015657E-02
0.14250838813820E+01     0.12225765967742E-02
0.14349023174076E+01     0.13160906964913E-02
0.14447207534332E+01     0.14107720926404E-02
0.14545391894588E+01     0.15014292439446E-02
0.14643576254844E+01     0.15942762838677E-02
0.14741760615101E+01     0.16859136521816E-02
0.14839944975357E+01     0.17808082047850E-02
0.14938129335613E+01     0.18772789044306E-02
0.15036313695869E+01     0.19778695423156E-02
0.15134498056125E+01     0.20815781317651E-02
0.15232682416381E+01     0.21897698752582E-02
0.15330866776637E+01     0.23008948192000E-02
0.15429051136893E+01     0.24162908084691E-02
0.15527235497150E+01     0.25328237097710E-02
0.15625419857406E+01     0.26531699113548E-02
0.15723604217662E+01     0.27718688361347E-02
0.15821788577918E+01     0.28936516027898E-02
0.15919972938174E+01     0.30104240868241E-02
0.16018157298430E+01     0.31296231318265E-02
0.16116341658686E+01     0.32404039520770E-02
0.16214526018942E+01     0.33529484644532E-02
0.16312710379199E+01     0.34538826439530E-02
0.16410894739455E+01     0.35560347605497E-02
0.16509079099711E+01     0.36437129601836E-02
0.16607263459967E+01     0.37321320269257E-02
0.16705447820223E+01     0.38035749457777E-02
0.16803632180479E+01     0.38754516281188E-02
0.16901816540735E+01     0.39282375946641E-02
0.17000000900991E+01     0.39812368340790E-02
0.17098185261247E+01     0.40134731680155E-02
0.17196369621504E+01     0.40458124130964E-02
0.17294553981760E+01     0.40561845526099E-02
0.17392738342016E+01     0.40666977874935E-02
0.17490922702272E+01     0.40545621886849E-02
0.17589107062528E+01     0.40427208878100E-02
0.17687291422784E+01     0.40080817416310E-02
0.17785475783040E+01     0.39740251377225E-02
0.17883660143296E+01     0.39175683632493E-02
0.17981844503553E+01     0.38621057756245E-02
0.18080028863809E+01     0.37851764354855E-02
0.18178213224065E+01     0.37097583990544E-02
0.18276397584321E+01     0.36143120378256E-02
0.18374581944577E+01     0.35209711641073E-02
0.18472766304833E+01     0.34094790462404E-02
0.18570950665089E+01     0.33007385209203E-02
0.18669135025345E+01     0.31760742422193E-02
0.18767319385602E+01     0.30548053327948E-02
0.18865503745858E+01     0.29200795106590E-02
0.18963688106114E+01     0.27893311344087E-02
0.19061872466370E+01     0.26476916391402E-02
0.19160056826626E+01     0.25105660315603E-02
0.19258241186882E+01     0.23651411756873E-02
0.19356425547138E+01     0.22245978470892E-02
0.19454609907394E+01     0.20783490035683E-02
0.19552794267650E+01     0.19373098621145E-02
0.19650978627907E+01     0.17931993352249E-02
0.19749162988163E+01     0.16545703401789E-02
0.19847347348419E+01     0.15158255118877E-02
0.19945531708675E+01     0.13829594245180E-02
0.20043716068931E+01     0.12536562280729E-02
0.20141900429187E+01     0.11309640249237E-02
0.20240084789443E+01     0.10167344007641E-02
0.20338269149699E+01     0.91039185645059E-03
0.20436453509956E+01     0.81906071864069E-03
0.20534637870212E+01     0.73776859790087E-03
0.20632822230468E+01     0.67981507163495E-03
0.20731006590724E+01     0.63486030558124E-03
0.20829190950980E+01     0.62278832774609E-03
0.20927375311236E+01     0.62726566102356E-03
0.21025559671492E+01     0.67347940057516E-03
0.21123744031748E+01     0.73974090628326E-03
0.21221928392005E+01     0.85239420877770E-03
0.21320112752261E+01     0.98623952362686E-03
0.21418297112517E+01     0.11619795113802E-02
0.21516481472773E+01     0.13568386202678E-02
0.21614665833029E+01     0.15751748578623E-02
0.21712850193285E+01     0.18054821994156E-02
0.21811034553541E+01     0.20240170415491E-02
0.21909218913797E+01     0.22418559528887E-02
0.22007403274054E+01     0.23988450411707E-02
0.22105587634310E+01     0.25349045172334E-02
0.22203771994566E+01     0.25631426833570E-02
0.22301956354822E+01     0.25601321831346E-02
0.22400140715078E+01     0.24101908784360E-02
0.22498325075334E+01     0.22229412570596E-02
0.22596509435590E+01     0.18881605938077E-02
0.22694693795846E+01     0.15226418618113E-02
0.22792878156102E+01     0.10507277911529E-02
0.22891062516359E+01     0.56645675795153E-03
0.22989246876615E+01     0.48818114009919E-04
0.23087431236871E+01     0.00000000000000E+00
0.23185615597127E+01     0.00000000000000E+00
0.23283799957383E+01     0.00000000000000E+00
