0.10716201844600E+01     0.00000000000000E+00
0.10814386204856E+01     0.00000000000000E+00
0.10912570565112E+01     0.00000000000000E+00
0.11010754925368E+01     -.14672506040370E-04
0.11108939285624E+01     -.15167519450188E-03
0.11207123645880E+01     -.28232624754310E-03
0.11305308006136E+01     -.38645937456749E-03
0.11403492366393E+01     -.48061227425933E-03
0.11501676726649E+01     -.53631881019101E-03
0.11599861086905E+01     -.58215495664626E-03
0.11698045447161E+01     -.59008906828240E-03
0.11796229807417E+01     -.59123820392415E-03
0.11894414167673E+01     -.56404824135825E-03
0.11992598527929E+01     -.53424615180120E-03
0.12090782888185E+01     -.48830598825589E-03
0.12188967248442E+01     -.44306632480584E-03
0.12287151608698E+01     -.39093891973607E-03
0.12385335968954E+01     -.34090629196726E-03
0.12483520329210E+01     -.28784200549126E-03
0.12581704689466E+01     -.23637698905077E-03
0.12679889049722E+01     -.18090575758833E-03
0.12778073409978E+01     -.12545968638733E-03
0.12876257770234E+01     -.63351420976687E-04
0.12974442130490E+01     -.86231551676974E-07
0.13072626490747E+01     0.72578302933835E-04
0.13170810851003E+01     0.14756631571800E-03
0.13268995211259E+01     0.23257853172254E-03
0.13367179571515E+01     0.32014632597566E-03
0.13465363931771E+01     0.41576620424166E-03
0.13563548292027E+01     0.51348994020373E-03
0.13661732652283E+01     0.61522313626483E-03
0.13759917012539E+01     0.71828649379313E-03
0.13858101372796E+01     0.82092569209635E-03
0.13956285733052E+01     0.92460931045935E-03
0.14054470093308E+01     0.10247777681798E-02
0.14152654453564E+01     0.11268066009507E-02
0.14250838813820E+01     0.12229142012075E-02
0.14349023174076E+01     0.13197630178183E-02
0.14447207534332E+01     0.14113920042291E-02
0.14545391894588E+01     0.15046321786940E-02
0.14643576254844E+01     0.15951333334669E-02
0.14741760615101E+01     0.16883445205167E-02
0.14839944975357E+01     0.17819276545197E-02
0.14938129335613E+01     0.18792911432683E-02
0.15036313695869E+01     0.19793463870883E-02
0.15134498056125E+01     0.20838254131377E-02
0.15232682416381E+01     0.21916914265603E-02
0.15330866776637E+01     0.23040096275508E-02
0.15429051136893E+01     0.24185790680349E-02
0.15527235497150E+01     0.25372672826052E-02
0.15625419857406E+01     0.26558004319668E-02
0.15723604217662E+01     0.27778523508459E-02
0.15821788577918E+01     0.28965040110052E-02
0.15919972938174E+01     0.30179228633642E-02
0.16018157298430E+01     0.31325577292591E-02
0.16116341658686E+01     0.32492505852133E-02
0.16214526018942E+01     0.33558232244104E-02
0.16312710379199E+01     0.34638573415577E-02
0.16410894739455E+01     0.35587339662015E-02
0.16509079099711E+01     0.36545987240970E-02
0.16607263459967E+01     0.37345874588937E-02
0.16705447820223E+01     0.38151664193720E-02
0.16803632180479E+01     0.38775824941695E-02
0.16901816540735E+01     0.39403350092471E-02
0.17000000900991E+01     0.39830286987126E-02
0.17098185261247E+01     0.40259012021124E-02
0.17196369621504E+01     0.40472727268934E-02
0.17294553981760E+01     0.40687806904316E-02
0.17392738342016E+01     0.40678610093892E-02
0.17490922702272E+01     0.40671732276678E-02
0.17589107062528E+01     0.40436424314976E-02
0.17687291422784E+01     0.40205665864050E-02
0.17785475783040E+01     0.39747776463628E-02
0.17883660143296E+01     0.39297947660089E-02
0.17981844503553E+01     0.38627714384347E-02
0.18080028863809E+01     0.37970193661749E-02
0.18178213224065E+01     0.37104203365743E-02
0.18276397584321E+01     0.36256548482925E-02
0.18374581944577E+01     0.35217101685703E-02
0.18472766304833E+01     0.34202169626951E-02
0.18570950665089E+01     0.33016167581081E-02
0.18669135025345E+01     0.31861220486462E-02
0.18767319385602E+01     0.30558828730136E-02
0.18865503745858E+01     0.29293808620423E-02
0.18963688106114E+01     0.27906578034163E-02
0.19061872466370E+01     0.26562232524157E-02
0.19160056826626E+01     0.25121839717031E-02
0.19258241186882E+01     0.23728888481855E-02
0.19356425547138E+01     0.22265324369073E-02
0.19454609907394E+01     0.20852754823864E-02
0.19552794267650E+01     0.19395371200517E-02
0.19650978627907E+01     0.17991540953517E-02
0.19749162988163E+01     0.16569824656472E-02
0.19847347348419E+01     0.15204540686682E-02
0.19945531708675E+01     0.13852902920917E-02
0.20043716068931E+01     0.12562685878947E-02
0.20141900429187E+01     0.11327045504004E-02
0.20240084789443E+01     0.10161858517677E-02
0.20338269149699E+01     0.91064273146912E-03
0.20436453509956E+01     0.81381050404161E-03
0.20534637870212E+01     0.73537323623896E-03
0.20632822230468E+01     0.66815741593018E-03
0.20731006590724E+01     0.62846700893715E-03
0.20829190950980E+01     0.60336658498272E-03
0.20927375311236E+01     0.61563513008878E-03
0.21025559671492E+01     0.64627907704562E-03
0.21123744031748E+01     0.72248285869136E-03
0.21221928392005E+01     0.81981340190396E-03
0.21320112752261E+01     0.96409762045369E-03
0.21418297112517E+01     0.11296183802187E-02
0.21516481472773E+01     0.13321747537702E-02
0.21614665833029E+01     0.15517499996349E-02
0.21712850193285E+01     0.17820022767410E-02
0.21811034553541E+01     0.20192642696202E-02
0.21909218913797E+01     0.22234853822738E-02
0.22007403274054E+01     0.24194209836423E-02
0.22105587634310E+01     0.25241272523999E-02
0.22203771994566E+01     0.26079369708896E-02
0.22301956354822E+01     0.25564469397068E-02
0.22400140715078E+01     0.24680520873517E-02
0.22498325075334E+01     0.22228034213185E-02
0.22596509435590E+01     0.19402598263696E-02
0.22694693795846E+01     0.15210858546197E-02
0.22792878156102E+01     0.10781241580844E-02
0.22891062516359E+01     0.56052987929434E-03
0.22989246876615E+01     0.43500080209924E-04
0.23087431236871E+01     0.00000000000000E+00
0.23185615597127E+01     0.00000000000000E+00
0.23283799957383E+01     0.00000000000000E+00
