0.10716201844600E+01     0.66227730499785E+19
0.10814386204856E+01     0.66227730499785E+19
0.10912570565112E+01     0.66227730499785E+19
0.11010754925368E+01     0.87217990215192E+18
0.11108939285624E+01     0.23275710082460E+19
0.11207123645880E+01     0.35641573762673E+19
0.11305308006136E+01     0.49752147991399E+19
0.11403492366393E+01     0.64859630171576E+19
0.11501676726649E+01     0.81055513414531E+19
0.11599861086905E+01     0.98212622707836E+19
0.11698045447161E+01     0.11624901144987E+20
0.11796229807417E+01     0.13507428878972E+20
0.11894414167673E+01     0.15460136241135E+20
0.11992598527929E+01     0.17474224939430E+20
0.12090782888185E+01     0.19540934065207E+20
0.12188967248442E+01     0.21651429042537E+20
0.12287151608698E+01     0.23797242532375E+20
0.12385335968954E+01     0.25972226065697E+20
0.12483520329210E+01     0.28376015769736E+20
0.12581704689466E+01     0.30303727934065E+20
0.12679889049722E+01     0.32498764360454E+20
0.12778073409978E+01     0.35153814461673E+20
0.12876257770234E+01     0.38043476155003E+20
0.12974442130490E+01     0.40782566327979E+20
0.13072626490747E+01     0.43292210414471E+20
0.13170810851003E+01     0.45550624890109E+20
0.13268995211259E+01     0.47555245693777E+20
0.13367179571515E+01     0.49313738620544E+20
0.13465363931771E+01     0.50841197766037E+20
0.13563548292027E+01     0.52159415450717E+20
0.13661732652283E+01     0.53297009763233E+20
0.13759917012539E+01     0.54289921539672E+20
0.13858101372796E+01     0.55181352790915E+20
0.13956285733052E+01     0.56020200998071E+20
0.14054470093308E+01     0.56856265241785E+20
0.14152654453564E+01     0.57727263168937E+20
0.14250838813820E+01     0.58599932353764E+20
0.14349023174076E+01     0.59459605311150E+20
0.14447207534332E+01     0.60306523933653E+20
0.14545391894588E+01     0.61140960900159E+20
0.14643576254844E+01     0.61963114122758E+20
0.14741760615101E+01     0.62773243086197E+20
0.14839944975357E+01     0.63571554498660E+20
0.14938129335613E+01     0.64358294650752E+20
0.15036313695869E+01     0.65133652658474E+20
0.15134498056125E+01     0.65897892404615E+20
0.15232682416381E+01     0.66651172218851E+20
0.15330866776637E+01     0.67393742789832E+20
0.15429051136893E+01     0.68125727262861E+20
0.15527235497150E+01     0.68847323550031E+20
0.15625419857406E+01     0.69558580029854E+20
0.15723604217662E+01     0.70259615449584E+20
0.15821788577918E+01     0.70950350644385E+20
0.15919972938174E+01     0.71630746031839E+20
0.16018157298430E+01     0.72300537729155E+20
0.16116341658686E+01     0.72959475047681E+20
0.16214526018942E+01     0.73607025823790E+20
0.16312710379199E+01     0.74242640301668E+20
0.16410894739455E+01     0.74865438872012E+20
0.16509079099711E+01     0.75474497945056E+20
0.16607263459967E+01     0.76068533291218E+20
0.16705447820223E+01     0.76646199108265E+20
0.16803632180479E+01     0.77205718585408E+20
0.16901816540735E+01     0.77745279727483E+20
0.17000000900991E+01     0.78262639530770E+20
0.17098185261247E+01     0.78755493418898E+20
0.17196369621504E+01     0.79221167379586E+20
0.17294553981760E+01     0.79656943420092E+20
0.17392738342016E+01     0.80059751703951E+20
0.17490922702272E+01     0.80426610355629E+20
0.17589107062528E+01     0.80754203248055E+20
0.17687291422784E+01     0.81039442952579E+20
0.17785475783040E+01     0.81278978157760E+20
0.17883660143296E+01     0.81469783007597E+20
0.17981844503553E+01     0.81608717296883E+20
0.18080028863809E+01     0.81693071828966E+20
0.18178213224065E+01     0.81720102222823E+20
0.18276397584321E+01     0.81687644639571E+20
0.18374581944577E+01     0.81593605609071E+20
0.18472766304833E+01     0.81436533775973E+20
0.18570950665089E+01     0.81215118522418E+20
0.18669135025345E+01     0.80928726529708E+20
0.18767319385602E+01     0.80576935585378E+20
0.18865503745858E+01     0.80159974387846E+20
0.18963688106114E+01     0.79678265149578E+20
0.19061872466370E+01     0.79132889790015E+20
0.19160056826626E+01     0.78525035781716E+20
0.19258241186882E+01     0.77856471139377E+20
0.19356425547138E+01     0.77129043042533E+20
0.19454609907394E+01     0.76345038475371E+20
0.19552794267650E+01     0.75506718033796E+20
0.19650978627907E+01     0.74616685361344E+20
0.19749162988163E+01     0.73677447344526E+20
0.19847347348419E+01     0.72691695587806E+20
0.19945531708675E+01     0.71661936977696E+20
0.20043716068931E+01     0.70590753167498E+20
0.20141900429187E+01     0.69480466325770E+20
0.20240084789443E+01     0.68333376630837E+20
0.20338269149699E+01     0.67151432417303E+20
0.20436453509956E+01     0.65936485262750E+20
0.20534637870212E+01     0.64690004114713E+20
0.20632822230468E+01     0.63413242416446E+20
0.20731006590724E+01     0.62107075379206E+20
0.20829190950980E+01     0.60772070350993E+20
0.20927375311236E+01     0.59408368069295E+20
0.21025559671492E+01     0.57936170378215E+20
0.21123744031748E+01     0.56323754168267E+20
0.21221928392005E+01     0.54706640844646E+20
0.21320112752261E+01     0.53211014759801E+20
0.21418297112517E+01     0.51924854436140E+20
0.21516481472773E+01     0.50880463525288E+20
0.21614665833029E+01     0.50040630155713E+20
0.21712850193285E+01     0.49285670287710E+20
0.21811034553541E+01     0.48416743840465E+20
0.21909218913797E+01     0.47192626758936E+20
0.22007403274054E+01     0.45488207814023E+20
0.22105587634310E+01     0.98058416202040E+19
0.22203771994566E+01     0.89469482165621E+19
0.22301956354822E+01     0.79797001410262E+19
0.22400140715078E+01     0.69300816021396E+19
0.22498325075334E+01     0.58247947895387E+19
0.22596509435590E+01     0.46927612570805E+19
0.22694693795846E+01     0.35652214286451E+19
0.22792878156102E+01     0.24771062388910E+19
0.22891062516359E+01     0.14559647762859E+19
0.22989246876615E+01     0.45532422337672E+18
0.23087431236871E+01     0.66227730499785E+19
0.23185615597127E+01     0.66227730499785E+19
0.23283799957383E+01     0.66227730499785E+19
