0.10716201844600E+01     0.22154500456395E-07
0.10814386204856E+01     0.22154500456395E-07
0.10912570565112E+01     0.22154500456395E-07
0.11010754925368E+01     0.29086788533306E-08
0.11108939285624E+01     0.77786017627091E-08
0.11207123645880E+01     0.11909633279572E-07
0.11305308006136E+01     0.16625625320899E-07
0.11403492366393E+01     0.21674013694906E-07
0.11501676726649E+01     0.27086082710071E-07
0.11599861086905E+01     0.32819237105741E-07
0.11698045447161E+01     0.38845943350907E-07
0.11796229807417E+01     0.45136069104501E-07
0.11894414167673E+01     0.51660173028267E-07
0.11992598527929E+01     0.58388764045958E-07
0.12090782888185E+01     0.65291779094423E-07
0.12188967248442E+01     0.72338586676324E-07
0.12287151608698E+01     0.79496842886329E-07
0.12385335968954E+01     0.86729251336237E-07
0.12483520329210E+01     0.93886981744618E-07
0.12581704689466E+01     0.10140604445041E-06
0.12679889049722E+01     0.10867945121618E-06
0.12778073409978E+01     0.11749875739042E-06
0.12876257770234E+01     0.12714890829102E-06
0.12974442130490E+01     0.13630854311941E-06
0.13072626490747E+01     0.14470592191174E-06
0.13170810851003E+01     0.15226572713800E-06
0.13268995211259E+01     0.15897832383871E-06
0.13367179571515E+01     0.16486858100961E-06
0.13465363931771E+01     0.16998649243760E-06
0.13563548292027E+01     0.17440430610804E-06
0.13661732652283E+01     0.17821712106070E-06
0.13759917012539E+01     0.18154423742089E-06
0.13858101372796E+01     0.18452941219493E-06
0.13956285733052E+01     0.18733527440418E-06
0.14054470093308E+01     0.19012816210306E-06
0.14152654453564E+01     0.19303668352677E-06
0.14250838813820E+01     0.19595434253006E-06
0.14349023174076E+01     0.19882841684193E-06
0.14447207534332E+01     0.20165991543308E-06
0.14545391894588E+01     0.20444953463539E-06
0.14643576254844E+01     0.20719812710013E-06
0.14741760615101E+01     0.20990637494833E-06
0.14839944975357E+01     0.21257513083128E-06
0.14938129335613E+01     0.21520504844830E-06
0.15036313695869E+01     0.21779696623980E-06
0.15134498056125E+01     0.22035146685084E-06
0.15232682416381E+01     0.22286940293270E-06
0.15330866776637E+01     0.22535127186529E-06
0.15429051136893E+01     0.22779781261306E-06
0.15527235497150E+01     0.23020932360396E-06
0.15625419857406E+01     0.23258633063961E-06
0.15723604217662E+01     0.23492881950915E-06
0.15821788577918E+01     0.23723691811028E-06
0.15919972938174E+01     0.23951008643053E-06
0.16018157298430E+01     0.24174786972253E-06
0.16116341658686E+01     0.24394893216595E-06
0.16214526018942E+01     0.24611196636215E-06
0.16312710379199E+01     0.24823464173096E-06
0.16410894739455E+01     0.25031451400537E-06
0.16509079099711E+01     0.25234800204998E-06
0.16607263459967E+01     0.25433132577746E-06
0.16705447820223E+01     0.25625942612351E-06
0.16803632180479E+01     0.25812695980676E-06
0.16901816540735E+01     0.25992724772550E-06
0.17000000900991E+01     0.26165346866946E-06
0.17098185261247E+01     0.26329729507779E-06
0.17196369621504E+01     0.26485042781133E-06
0.17294553981760E+01     0.26630314664544E-06
0.17392738342016E+01     0.26764595872919E-06
0.17490922702272E+01     0.26886812065641E-06
0.17589107062528E+01     0.26995945745512E-06
0.17687291422784E+01     0.27090877097180E-06
0.17785475783040E+01     0.27170577254765E-06
0.17883660143296E+01     0.27233957666795E-06
0.17981844503553E+01     0.27280054837320E-06
0.18080028863809E+01     0.27307876848681E-06
0.18178213224065E+01     0.27316602313476E-06
0.18276397584321E+01     0.27305424055157E-06
0.18374581944577E+01     0.27273731006972E-06
0.18472766304833E+01     0.27220951892559E-06
0.18570950665089E+01     0.27146739967066E-06
0.18669135025345E+01     0.27050796802541E-06
0.18767319385602E+01     0.26933062713397E-06
0.18865503745858E+01     0.26793534857461E-06
0.18963688106114E+01     0.26632440608410E-06
0.19061872466370E+01     0.26450047130311E-06
0.19160056826626E+01     0.26246840434396E-06
0.19258241186882E+01     0.26023329269265E-06
0.19356425547138E+01     0.25780195755942E-06
0.19454609907394E+01     0.25518136226310E-06
0.19552794267650E+01     0.25237972067771E-06
0.19650978627907E+01     0.24940504772530E-06
0.19749162988163E+01     0.24626626782265E-06
0.19847347348419E+01     0.24297176537402E-06
0.19945531708675E+01     0.23953046479619E-06
0.20043716068931E+01     0.23595043785463E-06
0.20141900429187E+01     0.23223987000165E-06
0.20240084789443E+01     0.22840596614060E-06
0.20338269149699E+01     0.22445564695772E-06
0.20436453509956E+01     0.22039466784918E-06
0.20534637870212E+01     0.21622827262036E-06
0.20632822230468E+01     0.21196029820203E-06
0.20731006590724E+01     0.20759391361480E-06
0.20829190950980E+01     0.20313075310696E-06
0.20927375311236E+01     0.19857149879954E-06
0.21025559671492E+01     0.19363166359199E-06
0.21123744031748E+01     0.18823645575594E-06
0.21221928392005E+01     0.18283964209331E-06
0.21320112752261E+01     0.17785940542581E-06
0.21418297112517E+01     0.17358389925448E-06
0.21516481472773E+01     0.17011524278132E-06
0.21614665833029E+01     0.16732160190713E-06
0.21712850193285E+01     0.16479627618082E-06
0.21811034553541E+01     0.16186915274830E-06
0.21909218913797E+01     0.15773505879224E-06
0.22007403274054E+01     0.15200539849047E-06
0.22105587634310E+01     0.32741134248226E-07
0.22203771994566E+01     0.29858838956898E-07
0.22301956354822E+01     0.26616774562171E-07
0.22400140715078E+01     0.23101076607190E-07
0.22498325075334E+01     0.19401761974791E-07
0.22596509435590E+01     0.15614984860690E-07
0.22694693795846E+01     0.11846061909182E-07
0.22792878156102E+01     0.82113693622432E-08
0.22891062516359E+01     0.48018335974120E-08
0.22989246876615E+01     0.14234821099635E-08
0.23087431236871E+01     0.22154500456395E-07
0.23185615597127E+01     0.22154500456395E-07
0.23283799957383E+01     0.22154500456395E-07
