0.10716201844600E+01     0.00000000000000E+00
0.10814386204856E+01     0.00000000000000E+00
0.10912570565112E+01     0.00000000000000E+00
0.11010754925368E+01     0.53315286636353E+01
0.11108939285624E+01     0.44411249160767E+01
0.11207123645880E+01     0.67963066101074E+01
0.11305308006136E+01     0.10741879463196E+02
0.11403492366393E+01     0.16477582931519E+02
0.11501676726649E+01     0.24069272994995E+02
0.11599861086905E+01     0.33626422882080E+02
0.11698045447161E+01     0.45239822387695E+02
0.11796229807417E+01     0.58992813110352E+02
0.11894414167673E+01     0.74958137512207E+02
0.11992598527929E+01     0.93197647094727E+02
0.12090782888185E+01     0.11376280975342E+03
0.12188967248442E+01     0.13669374084473E+03
0.12287151608698E+01     0.16202153015137E+03
0.12385335968954E+01     0.18977757263184E+03
0.12483520329210E+01     0.22105575561523E+03
0.12581704689466E+01     0.25221014404297E+03
0.12679889049722E+01     0.28715332031250E+03
0.12778073409978E+01     0.32738226318359E+03
0.12876257770234E+01     0.37190377807617E+03
0.12974442130490E+01     0.41834350585938E+03
0.13072626490747E+01     0.46602709960938E+03
0.13170810851003E+01     0.51459240722656E+03
0.13268995211259E+01     0.56378369140625E+03
0.13367179571515E+01     0.61341125488281E+03
0.13465363931771E+01     0.66334588623047E+03
0.13563548292027E+01     0.71352935791016E+03
0.13661732652283E+01     0.76398901367188E+03
0.13759917012539E+01     0.81486120605469E+03
0.13858101372796E+01     0.86640686035156E+03
0.13956285733052E+01     0.91901513671875E+03
0.14054470093308E+01     0.97315820312500E+03
0.14152654453564E+01     0.10292406005859E+04
0.14250838813820E+01     0.10868477783203E+04
0.14349023174076E+01     0.11457628173828E+04
0.14447207534332E+01     0.12059288330078E+04
0.14545391894588E+01     0.12672867431641E+04
0.14643576254844E+01     0.13297655029297E+04
0.14741760615101E+01     0.13932908935547E+04
0.14839944975357E+01     0.14577752685547E+04
0.14938129335613E+01     0.15231284179688E+04
0.15036313695869E+01     0.15892451171875E+04
0.15134498056125E+01     0.16560174560547E+04
0.15232682416381E+01     0.17233204345703E+04
0.15330866776637E+01     0.17910275878906E+04
0.15429051136893E+01     0.18589929199219E+04
0.15527235497150E+01     0.19270690917969E+04
0.15625419857406E+01     0.19950881347656E+04
0.15723604217662E+01     0.20628815917969E+04
0.15821788577918E+01     0.21302583007813E+04
0.15919972938174E+01     0.21970270996094E+04
0.16018157298430E+01     0.22629726562500E+04
0.16116341658686E+01     0.23278823242188E+04
0.16214526018942E+01     0.23915161132813E+04
0.16312710379199E+01     0.24536401367188E+04
0.16410894739455E+01     0.25139916992188E+04
0.16509079099711E+01     0.25723168945313E+04
0.16607263459967E+01     0.26283339843750E+04
0.16705447820223E+01     0.26817734375000E+04
0.16803632180479E+01     0.27323383789063E+04
0.16901816540735E+01     0.27797502441406E+04
0.17000000900991E+01     0.28237055664063E+04
0.17098185261247E+01     0.28639262695313E+04
0.17196369621504E+01     0.29001130371094E+04
0.17294553981760E+01     0.29319995117188E+04
0.17392738342016E+01     0.29593046875000E+04
0.17490922702272E+01     0.29817885742188E+04
0.17589107062528E+01     0.29992043457031E+04
0.17687291422784E+01     0.30113562011719E+04
0.17785475783040E+01     0.30180471191406E+04
0.17883660143296E+01     0.30191403808594E+04
0.17981844503553E+01     0.30145046386719E+04
0.18080028863809E+01     0.30040744628906E+04
0.18178213224065E+01     0.29877973632813E+04
0.18276397584321E+01     0.29656909179688E+04
0.18374581944577E+01     0.29377890625000E+04
0.18472766304833E+01     0.29041962890625E+04
0.18570950665089E+01     0.28650324707031E+04
0.18669135025345E+01     0.28204855957031E+04
0.18767319385602E+01     0.27707578125000E+04
0.18865503745858E+01     0.27161118164063E+04
0.18963688106114E+01     0.26568195800781E+04
0.19061872466370E+01     0.25932043457031E+04
0.19160056826626E+01     0.25255915527344E+04
0.19258241186882E+01     0.24543471679688E+04
0.19356425547138E+01     0.23798315429688E+04
0.19454609907394E+01     0.23024338378906E+04
0.19552794267650E+01     0.22225297851563E+04
0.19650978627907E+01     0.21405131835938E+04
0.19749162988163E+01     0.20567575683594E+04
0.19847347348419E+01     0.19716447753906E+04
0.19945531708675E+01     0.18855318603516E+04
0.20043716068931E+01     0.17987752685547E+04
0.20141900429187E+01     0.17117049560547E+04
0.20240084789443E+01     0.16246433105469E+04
0.20338269149699E+01     0.15378857421875E+04
0.20436453509956E+01     0.14517159423828E+04
0.20534637870212E+01     0.13663917236328E+04
0.20632822230468E+01     0.12821575927734E+04
0.20731006590724E+01     0.11992332763672E+04
0.20829190950980E+01     0.11178260498047E+04
0.20927375311236E+01     0.10381206054688E+04
0.21025559671492E+01     0.95941204833984E+03
0.21123744031748E+01     0.88170910644531E+03
0.21221928392005E+01     0.80671160888672E+03
0.21320112752261E+01     0.73567895507813E+03
0.21418297112517E+01     0.66921691894531E+03
0.21516481472773E+01     0.60725183105469E+03
0.21614665833029E+01     0.54911187744141E+03
0.21712850193285E+01     0.49366339111328E+03
0.21811034553541E+01     0.43960665893555E+03
0.21909218913797E+01     0.38589895629883E+03
0.22007403274054E+01     0.33263598632813E+03
0.22105587634310E+01     0.10428536987305E+03
0.22203771994566E+01     0.84247596740723E+02
0.22301956354822E+01     0.65773391723633E+02
0.22400140715078E+01     0.49248687744141E+02
0.22498325075334E+01     0.34970993041992E+02
0.22596509435590E+01     0.23162984848022E+02
0.22694693795846E+01     0.13965911865234E+02
0.22792878156102E+01     0.74365205764771E+01
0.22891062516359E+01     0.35739765167236E+01
0.22989246876615E+01     0.28561635017395E+01
0.23087431236871E+01     0.00000000000000E+00
0.23185615597127E+01     0.00000000000000E+00
0.23283799957383E+01     0.00000000000000E+00
