0.10716201844600E+01     0.00000000000000E+00
0.10814386204856E+01     0.00000000000000E+00
0.10912570565112E+01     0.00000000000000E+00
0.11010754925368E+01     0.10469001953125E+05
0.11108939285624E+01     0.82001015625000E+04
0.11207123645880E+01     0.91155488281250E+04
0.11305308006136E+01     0.10476601562500E+05
0.11403492366393E+01     0.11998728515625E+05
0.11501676726649E+01     0.13519101562500E+05
0.11599861086905E+01     0.14985654296875E+05
0.11698045447161E+01     0.16374515625000E+05
0.11796229807417E+01     0.17675582031250E+05
0.11894414167673E+01     0.18883933593750E+05
0.11992598527929E+01     0.19996703125000E+05
0.12090782888185E+01     0.21011605468750E+05
0.12188967248442E+01     0.21926060546875E+05
0.12287151608698E+01     0.22736582031250E+05
0.12385335968954E+01     0.23436679687500E+05
0.12483520329210E+01     0.23845361328125E+05
0.12581704689466E+01     0.24543462890625E+05
0.12679889049722E+01     0.24888351562500E+05
0.12778073409978E+01     0.24568718750000E+05
0.12876257770234E+01     0.23614222656250E+05
0.12974442130490E+01     0.22337652343750E+05
0.13072626490747E+01     0.20796671875000E+05
0.13170810851003E+01     0.19011949218750E+05
0.13268995211259E+01     0.17002236328125E+05
0.13367179571515E+01     0.14794505859375E+05
0.13465363931771E+01     0.12429792968750E+05
0.13563548292027E+01     0.99677753906250E+04
0.13661732652283E+01     0.74920717773438E+04
0.13759917012539E+01     0.51152646484375E+04
0.13858101372796E+01     0.29838977050781E+04
0.13956285733052E+01     0.12810290527344E+04
0.14054470093308E+01     0.22481030273438E+03
0.14152654453564E+01     0.00000000000000E+00
0.14250838813820E+01     0.00000000000000E+00
0.14349023174076E+01     0.00000000000000E+00
0.14447207534332E+01     0.00000000000000E+00
0.14545391894588E+01     0.00000000000000E+00
0.14643576254844E+01     0.00000000000000E+00
0.14741760615101E+01     0.00000000000000E+00
0.14839944975357E+01     0.00000000000000E+00
0.14938129335613E+01     0.00000000000000E+00
0.15036313695869E+01     0.00000000000000E+00
0.15134498056125E+01     0.00000000000000E+00
0.15232682416381E+01     0.00000000000000E+00
0.15330866776637E+01     0.00000000000000E+00
0.15429051136893E+01     0.00000000000000E+00
0.15527235497150E+01     0.00000000000000E+00
0.15625419857406E+01     0.00000000000000E+00
0.15723604217662E+01     0.00000000000000E+00
0.15821788577918E+01     0.00000000000000E+00
0.15919972938174E+01     0.00000000000000E+00
0.16018157298430E+01     0.00000000000000E+00
0.16116341658686E+01     0.00000000000000E+00
0.16214526018942E+01     0.00000000000000E+00
0.16312710379199E+01     0.00000000000000E+00
0.16410894739455E+01     0.00000000000000E+00
0.16509079099711E+01     0.00000000000000E+00
0.16607263459967E+01     0.00000000000000E+00
0.16705447820223E+01     0.00000000000000E+00
0.16803632180479E+01     0.00000000000000E+00
0.16901816540735E+01     0.00000000000000E+00
0.17000000900991E+01     0.00000000000000E+00
0.17098185261247E+01     0.00000000000000E+00
0.17196369621504E+01     0.00000000000000E+00
0.17294553981760E+01     0.00000000000000E+00
0.17392738342016E+01     0.00000000000000E+00
0.17490922702272E+01     0.00000000000000E+00
0.17589107062528E+01     0.00000000000000E+00
0.17687291422784E+01     0.00000000000000E+00
0.17785475783040E+01     0.00000000000000E+00
0.17883660143296E+01     0.00000000000000E+00
0.17981844503553E+01     0.00000000000000E+00
0.18080028863809E+01     0.00000000000000E+00
0.18178213224065E+01     0.00000000000000E+00
0.18276397584321E+01     0.00000000000000E+00
0.18374581944577E+01     0.00000000000000E+00
0.18472766304833E+01     0.00000000000000E+00
0.18570950665089E+01     0.00000000000000E+00
0.18669135025345E+01     0.00000000000000E+00
0.18767319385602E+01     0.00000000000000E+00
0.18865503745858E+01     0.00000000000000E+00
0.18963688106114E+01     0.00000000000000E+00
0.19061872466370E+01     0.00000000000000E+00
0.19160056826626E+01     0.00000000000000E+00
0.19258241186882E+01     0.00000000000000E+00
0.19356425547138E+01     0.00000000000000E+00
0.19454609907394E+01     0.00000000000000E+00
0.19552794267650E+01     0.00000000000000E+00
0.19650978627907E+01     0.00000000000000E+00
0.19749162988163E+01     0.00000000000000E+00
0.19847347348419E+01     0.00000000000000E+00
0.19945531708675E+01     0.00000000000000E+00
0.20043716068931E+01     0.00000000000000E+00
0.20141900429187E+01     0.00000000000000E+00
0.20240084789443E+01     0.00000000000000E+00
0.20338269149699E+01     0.00000000000000E+00
0.20436453509956E+01     0.00000000000000E+00
0.20534637870212E+01     0.00000000000000E+00
0.20632822230468E+01     0.00000000000000E+00
0.20731006590724E+01     0.00000000000000E+00
0.20829190950980E+01     0.00000000000000E+00
0.20927375311236E+01     0.00000000000000E+00
0.21025559671492E+01     0.63828485107422E+03
0.21123744031748E+01     0.24855673828125E+04
0.21221928392005E+01     0.51105844726563E+04
0.21320112752261E+01     0.80867163085938E+04
0.21418297112517E+01     0.11005234375000E+05
0.21516481472773E+01     0.13505261718750E+05
0.21614665833029E+01     0.15314239257813E+05
0.21712850193285E+01     0.16281530273438E+05
0.21811034553541E+01     0.16382845703125E+05
0.21909218913797E+01     0.15683421875000E+05
0.22007403274054E+01     0.14375266601563E+05
0.22105587634310E+01     0.57131640625000E+05
0.22203771994566E+01     0.52021679687500E+05
0.22301956354822E+01     0.46842726562500E+05
0.22400140715078E+01     0.41596859375000E+05
0.22498325075334E+01     0.36282523437500E+05
0.22596509435590E+01     0.30903080078125E+05
0.22694693795846E+01     0.25486261718750E+05
0.22792878156102E+01     0.20169367187500E+05
0.22891062516359E+01     0.15666220703125E+05
0.22989246876615E+01     0.17452599609375E+05
0.23087431236871E+01     0.00000000000000E+00
0.23185615597127E+01     0.00000000000000E+00
0.23283799957383E+01     0.00000000000000E+00
