0.10716201844600E+01     0.00000000000000E+00
0.10814386204856E+01     0.00000000000000E+00
0.10912570565112E+01     0.00000000000000E+00
0.11010754925368E+01     0.64485085937500E+05
0.11108939285624E+01     0.49143210937500E+05
0.11207123645880E+01     0.53127843750000E+05
0.11305308006136E+01     0.59332359375000E+05
0.11403492366393E+01     0.65980335937500E+05
0.11501676726649E+01     0.72135914062500E+05
0.11599861086905E+01     0.77546132812500E+05
0.11698045447161E+01     0.82136218750000E+05
0.11796229807417E+01     0.85915750000000E+05
0.11894414167673E+01     0.88926984375000E+05
0.11992598527929E+01     0.91226210937500E+05
0.12090782888185E+01     0.92875171875000E+05
0.12188967248442E+01     0.93936828125000E+05
0.12287151608698E+01     0.94471984375000E+05
0.12385335968954E+01     0.94528726562500E+05
0.12483520329210E+01     0.93203328125000E+05
0.12581704689466E+01     0.93765585937500E+05
0.12679889049722E+01     0.92795531250000E+05
0.12778073409978E+01     0.89231617187500E+05
0.12876257770234E+01     0.83946742187500E+05
0.12974442130490E+01     0.78725132812500E+05
0.13072626490747E+01     0.73924617187500E+05
0.13170810851003E+01     0.69653820312500E+05
0.13268995211259E+01     0.65954000000000E+05
0.13367179571515E+01     0.62846082031250E+05
0.13465363931771E+01     0.60351402343750E+05
0.13563548292027E+01     0.58506191406250E+05
0.13661732652283E+01     0.57375097656250E+05
0.13759917012539E+01     0.57064164062500E+05
0.13858101372796E+01     0.57731351562500E+05
0.13956285733052E+01     0.59589468750000E+05
0.14054470093308E+01     0.62894425781250E+05
0.14152654453564E+01     0.67825585937500E+05
0.14250838813820E+01     0.73395148437500E+05
0.14349023174076E+01     0.79264351562500E+05
0.14447207534332E+01     0.85437054687500E+05
0.14545391894588E+01     0.91916250000000E+05
0.14643576254844E+01     0.98703023437500E+05
0.14741760615101E+01     0.10579730468750E+06
0.14839944975357E+01     0.11319660937500E+06
0.14938129335613E+01     0.12089703906250E+06
0.15036313695869E+01     0.12889177343750E+06
0.15134498056125E+01     0.13717229687500E+06
0.15232682416381E+01     0.14572657812500E+06
0.15330866776637E+01     0.15454070312500E+06
0.15429051136893E+01     0.16359664062500E+06
0.15527235497150E+01     0.17287426562500E+06
0.15625419857406E+01     0.18234887500000E+06
0.15723604217662E+01     0.19199365625000E+06
0.15821788577918E+01     0.20177668750000E+06
0.15919972938174E+01     0.21166404687500E+06
0.16018157298430E+01     0.22161642187500E+06
0.16116341658686E+01     0.23159284375000E+06
0.16214526018942E+01     0.24154675000000E+06
0.16312710379199E+01     0.25143054687500E+06
0.16410894739455E+01     0.26119118750000E+06
0.16509079099711E+01     0.27077543750000E+06
0.16607263459967E+01     0.28012500000000E+06
0.16705447820223E+01     0.28918268750000E+06
0.16803632180479E+01     0.29788684375000E+06
0.16901816540735E+01     0.30617846875000E+06
0.17000000900991E+01     0.31399506250000E+06
0.17098185261247E+01     0.32127859375000E+06
0.17196369621504E+01     0.32796881250000E+06
0.17294553981760E+01     0.33401162500000E+06
0.17392738342016E+01     0.33935228125000E+06
0.17490922702272E+01     0.34394400000000E+06
0.17589107062528E+01     0.34774078125000E+06
0.17687291422784E+01     0.35070646875000E+06
0.17785475783040E+01     0.35280687500000E+06
0.17883660143296E+01     0.35401887500000E+06
0.17981844503553E+01     0.35432218750000E+06
0.18080028863809E+01     0.35370868750000E+06
0.18178213224065E+01     0.35217359375000E+06
0.18276397584321E+01     0.34972465625000E+06
0.18374581944577E+01     0.34637315625000E+06
0.18472766304833E+01     0.34214237500000E+06
0.18570950665089E+01     0.33705868750000E+06
0.18669135025345E+01     0.33115956250000E+06
0.18767319385602E+01     0.32448478125000E+06
0.18865503745858E+01     0.31708375000000E+06
0.18963688106114E+01     0.30900712500000E+06
0.19061872466370E+01     0.30031325000000E+06
0.19160056826626E+01     0.29106053125000E+06
0.19258241186882E+01     0.28131312500000E+06
0.19356425547138E+01     0.27113387500000E+06
0.19454609907394E+01     0.26058937500000E+06
0.19552794267650E+01     0.24974376562500E+06
0.19650978627907E+01     0.23866309375000E+06
0.19749162988163E+01     0.22740995312500E+06
0.19847347348419E+01     0.21604728125000E+06
0.19945531708675E+01     0.20463381250000E+06
0.20043716068931E+01     0.19322732812500E+06
0.20141900429187E+01     0.18188104687500E+06
0.20240084789443E+01     0.17064618750000E+06
0.20338269149699E+01     0.15956925000000E+06
0.20436453509956E+01     0.14869410937500E+06
0.20534637870212E+01     0.13806001562500E+06
0.20632822230468E+01     0.12770325781250E+06
0.20731006590724E+01     0.11765561718750E+06
0.20829190950980E+01     0.10794594531250E+06
0.20927375311236E+01     0.98598859375000E+05
0.21025559671492E+01     0.88386523437500E+05
0.21123744031748E+01     0.76173593750000E+05
0.21221928392005E+01     0.62755156250000E+05
0.21320112752261E+01     0.48817589843750E+05
0.21418297112517E+01     0.34905566406250E+05
0.21516481472773E+01     0.21483841796875E+05
0.21614665833029E+01     0.90517744140625E+04
0.21712850193285E+01     -.17666610107422E+04
0.21811034553541E+01     -.10223859375000E+05
0.21909218913797E+01     -.15593444335938E+05
0.22007403274054E+01     -.17862880859375E+05
0.22105587634310E+01     0.13917135937500E+06
0.22203771994566E+01     0.12794301562500E+06
0.22301956354822E+01     0.11748962500000E+06
0.22400140715078E+01     0.10741118750000E+06
0.22498325075334E+01     0.97295312500000E+05
0.22596509435590E+01     0.86725492187500E+05
0.22694693795846E+01     0.75339507812500E+05
0.22792878156102E+01     0.63127660156250E+05
0.22891062516359E+01     0.52106726562500E+05
0.22989246876615E+01     0.61987562500000E+05
0.23087431236871E+01     0.00000000000000E+00
0.23185615597127E+01     0.00000000000000E+00
0.23283799957383E+01     0.00000000000000E+00
