0.10716201844600E+01     0.00000000000000E+00
0.10814386204856E+01     0.00000000000000E+00
0.10912570565112E+01     0.00000000000000E+00
0.11010754925368E+01     -.49291480619384E-10
0.11108939285624E+01     -.14745149545803E-10
0.11207123645880E+01     -.33572118609410E-11
0.11305308006136E+01     0.76381531308178E-11
0.11403492366393E+01     0.17315060843459E-10
0.11501676726649E+01     0.28959095538239E-10
0.11599861086905E+01     0.31764969127268E-10
0.11698045447161E+01     0.45793625835788E-10
0.11796229807417E+01     0.57066341235812E-10
0.11894414167673E+01     0.68947535181163E-10
0.11992598527929E+01     0.72247756388588E-10
0.12090782888185E+01     0.93905765108371E-10
0.12188967248442E+01     0.10667603606018E-09
0.12287151608698E+01     0.11943454558683E-09
0.12385335968954E+01     0.14216551547097E-09
0.12483520329210E+01     0.14318295160631E-09
0.12581704689466E+01     0.14590234576062E-09
0.12679889049722E+01     0.14649473301098E-09
0.12778073409978E+01     0.16365421517950E-09
0.12876257770234E+01     0.15575216116837E-09
0.12974442130490E+01     0.16412012027178E-09
0.13072626490747E+01     0.15129744679321E-09
0.13170810851003E+01     0.15217521687205E-09
0.13268995211259E+01     0.13475943971830E-09
0.13367179571515E+01     0.12773333779581E-09
0.13465363931771E+01     0.11594340765253E-09
0.13563548292027E+01     0.92092083958661E-10
0.13661732652283E+01     0.68572481026763E-10
0.13759917012539E+01     0.46394874053668E-10
0.13858101372796E+01     0.31302883896078E-10
0.13956285733052E+01     0.15237047734651E-10
0.14054470093308E+01     0.26554708952575E-11
0.14152654453564E+01     0.00000000000000E+00
0.14250838813820E+01     0.00000000000000E+00
0.14349023174076E+01     0.00000000000000E+00
0.14447207534332E+01     0.00000000000000E+00
0.14545391894588E+01     0.00000000000000E+00
0.14643576254844E+01     0.00000000000000E+00
0.14741760615101E+01     0.00000000000000E+00
0.14839944975357E+01     0.00000000000000E+00
0.14938129335613E+01     0.00000000000000E+00
0.15036313695869E+01     0.00000000000000E+00
0.15134498056125E+01     0.00000000000000E+00
0.15232682416381E+01     0.00000000000000E+00
0.15330866776637E+01     0.00000000000000E+00
0.15429051136893E+01     0.00000000000000E+00
0.15527235497150E+01     0.00000000000000E+00
0.15625419857406E+01     0.00000000000000E+00
0.15723604217662E+01     0.00000000000000E+00
0.15821788577918E+01     0.00000000000000E+00
0.15919972938174E+01     0.00000000000000E+00
0.16018157298430E+01     0.00000000000000E+00
0.16116341658686E+01     0.00000000000000E+00
0.16214526018942E+01     0.00000000000000E+00
0.16312710379199E+01     0.00000000000000E+00
0.16410894739455E+01     0.00000000000000E+00
0.16509079099711E+01     0.00000000000000E+00
0.16607263459967E+01     0.00000000000000E+00
0.16705447820223E+01     0.00000000000000E+00
0.16803632180479E+01     0.00000000000000E+00
0.16901816540735E+01     0.00000000000000E+00
0.17000000900991E+01     0.00000000000000E+00
0.17098185261247E+01     0.00000000000000E+00
0.17196369621504E+01     0.00000000000000E+00
0.17294553981760E+01     0.00000000000000E+00
0.17392738342016E+01     0.00000000000000E+00
0.17490922702272E+01     0.00000000000000E+00
0.17589107062528E+01     0.00000000000000E+00
0.17687291422784E+01     0.00000000000000E+00
0.17785475783040E+01     0.00000000000000E+00
0.17883660143296E+01     0.00000000000000E+00
0.17981844503553E+01     0.00000000000000E+00
0.18080028863809E+01     0.00000000000000E+00
0.18178213224065E+01     0.00000000000000E+00
0.18276397584321E+01     0.00000000000000E+00
0.18374581944577E+01     0.00000000000000E+00
0.18472766304833E+01     0.00000000000000E+00
0.18570950665089E+01     0.00000000000000E+00
0.18669135025345E+01     0.00000000000000E+00
0.18767319385602E+01     0.00000000000000E+00
0.18865503745858E+01     0.00000000000000E+00
0.18963688106114E+01     0.00000000000000E+00
0.19061872466370E+01     0.00000000000000E+00
0.19160056826626E+01     0.00000000000000E+00
0.19258241186882E+01     0.00000000000000E+00
0.19356425547138E+01     0.00000000000000E+00
0.19454609907394E+01     0.00000000000000E+00
0.19552794267650E+01     0.00000000000000E+00
0.19650978627907E+01     0.00000000000000E+00
0.19749162988163E+01     0.00000000000000E+00
0.19847347348419E+01     0.00000000000000E+00
0.19945531708675E+01     0.00000000000000E+00
0.20043716068931E+01     0.00000000000000E+00
0.20141900429187E+01     0.00000000000000E+00
0.20240084789443E+01     0.00000000000000E+00
0.20338269149699E+01     0.00000000000000E+00
0.20436453509956E+01     0.00000000000000E+00
0.20534637870212E+01     0.00000000000000E+00
0.20632822230468E+01     0.00000000000000E+00
0.20731006590724E+01     0.00000000000000E+00
0.20829190950980E+01     0.00000000000000E+00
0.20927375311236E+01     0.00000000000000E+00
0.21025559671492E+01     0.56284412894292E-11
0.21123744031748E+01     0.21862300164655E-10
0.21221928392005E+01     0.44888346512062E-10
0.21320112752261E+01     0.66556628264269E-10
0.21418297112517E+01     0.78518844204289E-10
0.21516481472773E+01     0.96439640995261E-10
0.21614665833029E+01     0.10108820724941E-09
0.21712850193285E+01     0.98704648621162E-10
0.21811034553541E+01     0.81448896238623E-10
0.21909218913797E+01     0.78180940887851E-10
0.22007403274054E+01     0.55908139229288E-10
0.22105587634310E+01     0.20732741912166E-09
0.22203771994566E+01     0.16080380083050E-09
0.22301956354822E+01     0.13257217545970E-09
0.22400140715078E+01     0.83029437492055E-10
0.22498325075334E+01     0.62567763470245E-10
0.22596509435590E+01     0.35822251415185E-10
0.22694693795846E+01     0.18623772662929E-10
0.22792878156102E+01     0.74350543083357E-11
0.22891062516359E+01     0.23311355016459E-11
0.22989246876615E+01     -.32762597431020E-12
0.23087431236871E+01     0.00000000000000E+00
0.23185615597127E+01     0.00000000000000E+00
0.23283799957383E+01     0.00000000000000E+00
