0.10716201655661E+01     0.00000000000000E+00
0.10814386017427E+01     0.00000000000000E+00
0.10912570379194E+01     0.00000000000000E+00
0.11010754740960E+01     0.19573469161987E+01
0.11108939102726E+01     0.19403002262115E+01
0.11207123464492E+01     0.19235680103302E+01
0.11305307826259E+01     0.19071426391602E+01
0.11403492188025E+01     0.18910167217255E+01
0.11501676549791E+01     0.18751831054688E+01
0.11599860911558E+01     0.18596351146698E+01
0.11698045273324E+01     0.18443660736084E+01
0.11796229635090E+01     0.18293699026108E+01
0.11894413996857E+01     0.18146402835846E+01
0.11992598358623E+01     0.18001708984375E+01
0.12090782720389E+01     0.17859610319138E+01
0.12188967082156E+01     0.17719955444336E+01
0.12287151443922E+01     0.17582737207413E+01
0.12385335805688E+01     0.17447937726974E+01
0.12483520167454E+01     0.17315524816513E+01
0.12581704529221E+01     0.17185466289520E+01
0.12679888890987E+01     0.17057734727859E+01
0.12778073252753E+01     0.16932297945023E+01
0.12876257614520E+01     0.16809123754501E+01
0.12974441976286E+01     0.16688174009323E+01
0.13072626338052E+01     0.16569410562515E+01
0.13170810699819E+01     0.16452798843384E+01
0.13268995061585E+01     0.16338313817978E+01
0.13367179423351E+01     0.16225930452347E+01
0.13465363785118E+01     0.16115624904633E+01
0.13563548146884E+01     0.16007373332977E+01
0.13661732508650E+01     0.15901154279709E+01
0.13759916870416E+01     0.15796947479248E+01
0.13858101232183E+01     0.15694730281830E+01
0.13956285593949E+01     0.15594483613968E+01
0.14054469955715E+01     0.15496186017990E+01
0.14152654317482E+01     0.15399813652039E+01
0.14250838679248E+01     0.15305345058441E+01
0.14349023041014E+01     0.15212755203247E+01
0.14447207402781E+01     0.15122019052505E+01
0.14545391764547E+01     0.15033104419708E+01
0.14643576126313E+01     0.14945980310440E+01
0.14741760488080E+01     0.14860609769821E+01
0.14839944849846E+01     0.14776954650879E+01
0.14938129211612E+01     0.14694967269897E+01
0.15036313573378E+01     0.14614597558975E+01
0.15134497935145E+01     0.14535788297653E+01
0.15232682296911E+01     0.14458475112915E+01
0.15330866658677E+01     0.14382587671280E+01
0.15429051020444E+01     0.14308047294617E+01
0.15527235382210E+01     0.14234766960144E+01
0.15625419743976E+01     0.14162652492523E+01
0.15723604105743E+01     0.14091601371765E+01
0.15821788467509E+01     0.14021502733231E+01
0.15919972829275E+01     0.13952239751816E+01
0.16018157191042E+01     0.13883688449860E+01
0.16116341552808E+01     0.13815720081329E+01
0.16214525914574E+01     0.13748197555542E+01
0.16312710276340E+01     0.13680987358093E+01
0.16410894638107E+01     0.13613950014114E+01
0.16509078999873E+01     0.13546950817108E+01
0.16607263361639E+01     0.13479853868484E+01
0.16705447723406E+01     0.13412536382675E+01
0.16803632085172E+01     0.13344874382019E+01
0.16901816446938E+01     0.13276762962341E+01
0.17000000808705E+01     0.13208106756210E+01
0.17098185170471E+01     0.13138827085495E+01
0.17196369532237E+01     0.13068859577179E+01
0.17294553894003E+01     0.12998163700104E+01
0.17392738255770E+01     0.12926713228226E+01
0.17490922617536E+01     0.12854508161545E+01
0.17589106979302E+01     0.12781561613083E+01
0.17687291341069E+01     0.12707912921906E+01
0.17785475702835E+01     0.12633614540100E+01
0.17883660064601E+01     0.12558741569519E+01
0.17981844426368E+01     0.12483375072479E+01
0.18080028788134E+01     0.12407618761063E+01
0.18178213149900E+01     0.12331577539444E+01
0.18276397511667E+01     0.12255368232727E+01
0.18374581873433E+01     0.12179108858109E+01
0.18472766235199E+01     0.12102919816971E+01
0.18570950596965E+01     0.12026922702789E+01
0.18669134958732E+01     0.11951231956482E+01
0.18767319320498E+01     0.11875958442688E+01
0.18865503682264E+01     0.11801209449768E+01
0.18963688044031E+01     0.11727077960968E+01
0.19061872405797E+01     0.11653652191162E+01
0.19160056767563E+01     0.11581009626389E+01
0.19258241129330E+01     0.11509217023849E+01
0.19356425491096E+01     0.11438332796097E+01
0.19454609852862E+01     0.11368401050568E+01
0.19552794214629E+01     0.11299463510513E+01
0.19650978576395E+01     0.11231544017792E+01
0.19749162938161E+01     0.11164666414261E+01
0.19847347299927E+01     0.11098839044571E+01
0.19945531661694E+01     0.11034070253372E+01
0.20043716023460E+01     0.10970355272293E+01
0.20141900385226E+01     0.10907688140869E+01
0.20240084746993E+01     0.10846058130264E+01
0.20338269108759E+01     0.10785448551178E+01
0.20436453470525E+01     0.10725840330124E+01
0.20534637832292E+01     0.10667210817337E+01
0.20632822194058E+01     0.10609536170959E+01
0.20731006555824E+01     0.10552790164948E+01
0.20829190917591E+01     0.10496946573257E+01
0.20927375279357E+01     0.10441974401474E+01
0.21025559641123E+01     0.10387848615646E+01
0.21123744002889E+01     0.10334537029266E+01
0.21221928364656E+01     0.10282013416290E+01
0.21320112726422E+01     0.10230247974396E+01
0.21418297088188E+01     0.10179214477539E+01
0.21516481449955E+01     0.10128881931305E+01
0.21614665811721E+01     0.10079228878021E+01
0.21712850173487E+01     0.10030201673508E+01
0.21811034535254E+01     0.99817609786987E+00
0.21909218897020E+01     0.99338877201080E+00
0.22007403258786E+01     0.98865920305252E+00
0.22105587620553E+01     0.98398905992508E+00
0.22203771982319E+01     0.97937965393066E+00
0.22301956344085E+01     0.97482633590698E+00
0.22400140705852E+01     0.97038322687149E+00
0.22498325067618E+01     0.96589410305023E+00
0.22596509429384E+01     0.96145600080490E+00
0.22694693791150E+01     0.95706784725189E+00
0.22792878152917E+01     0.95272791385651E+00
0.22891062514683E+01     0.94843548536301E+00
0.22989246876449E+01     0.94418883323669E+00
0.23087431238216E+01     0.00000000000000E+00
0.23185615599982E+01     0.00000000000000E+00
0.23283799961748E+01     0.00000000000000E+00
