0.10716201655661E+01     0.00000000000000E+00
0.10814386017427E+01     0.00000000000000E+00
0.10912570379194E+01     0.00000000000000E+00
0.11010754740960E+01     0.14145866700233E-07
0.11108939102726E+01     0.76573748231112E-07
0.11207123464492E+01     0.33491474482616E-06
0.11305307826259E+01     0.99528858754638E-06
0.11403492188025E+01     0.23192783373815E-05
0.11501676549791E+01     0.46149566514941E-05
0.11599860911558E+01     0.82274118540226E-05
0.11698045273324E+01     0.13529493116948E-04
0.11796229635090E+01     0.20915696950397E-04
0.11894413996857E+01     0.30824467103230E-04
0.11992598358623E+01     0.44683918531518E-04
0.12090782720389E+01     0.57320972700836E-04
0.12188967082156E+01     0.80613783211447E-04
0.12287151443922E+01     0.10995538468705E-03
0.12385335805688E+01     0.14281878247857E-03
0.12483520167454E+01     0.17810826830100E-03
0.12581704529221E+01     0.21479126007762E-03
0.12679888890987E+01     0.25196248316206E-03
0.12778073252753E+01     0.28899728204124E-03
0.12876257614520E+01     0.32574465149082E-03
0.12974441976286E+01     0.36267927498557E-03
0.13072626338052E+01     0.40080069447868E-03
0.13170810699819E+01     0.44073478784412E-03
0.13268995061585E+01     0.48230477841571E-03
0.13367179423351E+01     0.52540085744113E-03
0.13465363785118E+01     0.56989886797965E-03
0.13563548146884E+01     0.61565794749185E-03
0.13661732508650E+01     0.66252163378522E-03
0.13759916870416E+01     0.71031757397577E-03
0.13858101232183E+01     0.75885880505666E-03
0.13956285593949E+01     0.80794451059774E-03
0.14054469955715E+01     0.85736188339069E-03
0.14152654317482E+01     0.90688810450956E-03
0.14250838679248E+01     0.95629272982478E-03
0.14349023041014E+01     0.10053414152935E-02
0.14447207402781E+01     0.10537982452661E-02
0.14545391764547E+01     0.11014310875908E-02
0.14643576126313E+01     0.11480145622045E-02
0.14741760488080E+01     0.11933363275602E-02
0.14839944849846E+01     0.12371997581795E-02
0.14938129211612E+01     0.12794311624020E-02
0.15036313573378E+01     0.13198818778619E-02
0.15134497935145E+01     0.13584357220680E-02
0.15232682296911E+01     0.13950091088191E-02
0.15330866658677E+01     0.14295580331236E-02
0.15429051020444E+01     0.14620760921389E-02
0.15527235382210E+01     0.14925992581993E-02
0.15625419743976E+01     0.15212020371109E-02
0.15723604105743E+01     0.15479982830584E-02
0.15821788467509E+01     0.15731357270852E-02
0.15919972829275E+01     0.15967931831256E-02
0.16018157191042E+01     0.16191730974242E-02
0.16116341552808E+01     0.16404956113547E-02
0.16214525914574E+01     0.16609902959317E-02
0.16312710276340E+01     0.16808883519843E-02
0.16410894638107E+01     0.17004151595756E-02
0.16509078999873E+01     0.17197818960994E-02
0.16607263361639E+01     0.17391812289134E-02
0.16705447723406E+01     0.17587798647583E-02
0.16803632085172E+01     0.17787184333429E-02
0.16901816446938E+01     0.17991068307310E-02
0.17000000808705E+01     0.18200279446319E-02
0.17098185170471E+01     0.18415363738313E-02
0.17196369532237E+01     0.18636649474502E-02
0.17294553894003E+01     0.18864254234359E-02
0.17392738255770E+01     0.19098157063127E-02
0.17490922617536E+01     0.19338205456734E-02
0.17589106979302E+01     0.19584170076996E-02
0.17687291341069E+01     0.19835727289319E-02
0.17785475702835E+01     0.20092476624995E-02
0.17883660064601E+01     0.20353889558464E-02
0.17981844426368E+01     0.20619293209165E-02
0.18080028788134E+01     0.20887772552669E-02
0.18178213149900E+01     0.21158154122531E-02
0.18276397511667E+01     0.21428887266666E-02
0.18374581873433E+01     0.21698023192585E-02
0.18472766235199E+01     0.21963140461594E-02
0.18570950596965E+01     0.22221328690648E-02
0.18669134958732E+01     0.22469179239124E-02
0.18767319320498E+01     0.22702815476805E-02
0.18865503682264E+01     0.22917930036783E-02
0.18963688044031E+01     0.23109863977879E-02
0.19061872405797E+01     0.23273711558431E-02
0.19160056767563E+01     0.23404415696859E-02
0.19258241129330E+01     0.23496912326664E-02
0.19356425491096E+01     0.23546230513602E-02
0.19454609852862E+01     0.23547660093755E-02
0.19552794214629E+01     0.23496819194406E-02
0.19650978576395E+01     0.23389819543809E-02
0.19749162938161E+01     0.23223310709000E-02
0.19847347299927E+01     0.22994601167738E-02
0.19945531661694E+01     0.22701674606651E-02
0.20043716023460E+01     0.22343273740262E-02
0.20141900385226E+01     0.21918881684542E-02
0.20240084746993E+01     0.21428768523037E-02
0.20338269108759E+01     0.20873949397355E-02
0.20436453470525E+01     0.20256182178855E-02
0.20534637832292E+01     0.19577937200665E-02
0.20632822194058E+01     0.18842344870791E-02
0.20731006555824E+01     0.18053175881505E-02
0.20829190917591E+01     0.17214765539393E-02
0.20927375279357E+01     0.16332003287971E-02
0.21025559641123E+01     0.15410245396197E-02
0.21123744002889E+01     0.14455312630162E-02
0.21221928364656E+01     0.13473408762366E-02
0.21320112726422E+01     0.12471115915105E-02
0.21418297088188E+01     0.11455347994342E-02
0.21516481449955E+01     0.10432130657136E-02
0.21614665811721E+01     0.94081455608830E-03
0.21712850173487E+01     0.84396573947743E-03
0.21811034535254E+01     0.75710710370913E-03
0.21909218897020E+01     0.67981320898980E-03
0.22007403258786E+01     0.60692772967741E-03
0.22105587620553E+01     0.53052976727486E-03
0.22203771982319E+01     0.44427663669921E-03
0.22301956344085E+01     0.35252684028819E-03
0.22400140705852E+01     0.16758564015618E-04
0.22498325067618E+01     0.10724052117439E-04
0.22596509429384E+01     0.60022348407074E-05
0.22694693791150E+01     0.27755579594668E-05
0.22792878152917E+01     0.94816795126462E-06
0.22891062514683E+01     0.18620441721851E-06
0.22989246876449E+01     0.17178907185667E-07
0.23087431238216E+01     0.00000000000000E+00
0.23185615599982E+01     0.00000000000000E+00
0.23283799961748E+01     0.00000000000000E+00
