0.10716201655661E+01     0.00000000000000E+00
0.10814386017427E+01     0.00000000000000E+00
0.10912570379194E+01     0.00000000000000E+00
0.11010754740960E+01     0.19453709125519E+01
0.11108939102726E+01     0.19281777143478E+01
0.11207123464492E+01     0.19112869501114E+01
0.11305307826259E+01     0.18946909904480E+01
0.11403492188025E+01     0.18783825635910E+01
0.11501676549791E+01     0.18623543977737E+01
0.11599860911558E+01     0.18465993404388E+01
0.11698045273324E+01     0.18311103582382E+01
0.11796229635090E+01     0.18158811330795E+01
0.11894413996857E+01     0.18009051084518E+01
0.11992598358623E+01     0.17861754894257E+01
0.12090782720389E+01     0.17716914415359E+01
0.12188967082156E+01     0.17574372291565E+01
0.12287151443922E+01     0.17434118986130E+01
0.12385335805688E+01     0.17296136617661E+01
0.12483520167454E+01     0.17160402536392E+01
0.12581704529221E+01     0.17026892900467E+01
0.12679888890987E+01     0.16895585060120E+01
0.12778073252753E+01     0.16766457557678E+01
0.12876257614520E+01     0.16639486551285E+01
0.12974441976286E+01     0.16514650583267E+01
0.13072626338052E+01     0.16391923427582E+01
0.13170810699819E+01     0.16271287202835E+01
0.13268995061585E+01     0.16152731180191E+01
0.13367179423351E+01     0.16036249399185E+01
0.13465363785118E+01     0.15921844244003E+01
0.13563548146884E+01     0.15809521675110E+01
0.13661732508650E+01     0.15699291229248E+01
0.13759916870416E+01     0.15591167211533E+01
0.13858101232183E+01     0.15485169887543E+01
0.13956285593949E+01     0.15381323099136E+01
0.14054469955715E+01     0.15279651880264E+01
0.14152654317482E+01     0.15180188417435E+01
0.14250838679248E+01     0.15082967281342E+01
0.14349023041014E+01     0.14988023042679E+01
0.14447207402781E+01     0.14895393848419E+01
0.14545391764547E+01     0.14805115461349E+01
0.14643576126313E+01     0.14717226028442E+01
0.14741760488080E+01     0.14631756544113E+01
0.14839944849846E+01     0.14548736810684E+01
0.14938129211612E+01     0.14468185901642E+01
0.15036313573378E+01     0.14390118122101E+01
0.15134497935145E+01     0.14314532279968E+01
0.15232682296911E+01     0.14241414070129E+01
0.15330866658677E+01     0.14170731306076E+01
0.15429051020444E+01     0.14102429151535E+01
0.15527235382210E+01     0.14036433696747E+01
0.15625419743976E+01     0.13972638845444E+01
0.15723604105743E+01     0.13910915851593E+01
0.15821788467509E+01     0.13851097822189E+01
0.15919972829275E+01     0.13792994022369E+01
0.16018157191042E+01     0.13736374378204E+01
0.16116341552808E+01     0.13680979013443E+01
0.16214525914574E+01     0.13626518249512E+01
0.16312710276340E+01     0.13572676181793E+01
0.16410894638107E+01     0.13519108295441E+01
0.16509078999873E+01     0.13465461730957E+01
0.16607263361639E+01     0.13411363363266E+01
0.16705447723406E+01     0.13356447219849E+01
0.16803632085172E+01     0.13300349712372E+01
0.16901816446938E+01     0.13242727518082E+01
0.17000000808705E+01     0.13183262348175E+01
0.17098185170471E+01     0.13121677637100E+01
0.17196369532237E+01     0.13057739734650E+01
0.17294553894003E+01     0.12991275787354E+01
0.17392738255770E+01     0.12922165393829E+01
0.17490922617536E+01     0.12850364446640E+01
0.17589106979302E+01     0.12775886058807E+01
0.17687291341069E+01     0.12698818445206E+01
0.17785475702835E+01     0.12619307041168E+01
0.17883660064601E+01     0.12537562847137E+01
0.17981844426368E+01     0.12453839778900E+01
0.18080028788134E+01     0.12368440628052E+01
0.18178213149900E+01     0.12281695604324E+01
0.18276397511667E+01     0.12193959951401E+01
0.18374581873433E+01     0.12105594873428E+01
0.18472766235199E+01     0.12016966342926E+01
0.18570950596965E+01     0.11928424835205E+01
0.18669134958732E+01     0.11840308904648E+01
0.18767319320498E+01     0.11752927303314E+01
0.18865503682264E+01     0.11666564941406E+01
0.18963688044031E+01     0.11581465005875E+01
0.19061872405797E+01     0.11497839689255E+01
0.19160056767563E+01     0.11415861845016E+01
0.19258241129330E+01     0.11335668563843E+01
0.19356425491096E+01     0.11257359981537E+01
0.19454609852862E+01     0.11181005239487E+01
0.19552794214629E+01     0.11106640100479E+01
0.19650978576395E+01     0.11034275293350E+01
0.19749162938161E+01     0.10963896512985E+01
0.19847347299927E+01     0.10895471572876E+01
0.19945531661694E+01     0.10828949213028E+01
0.20043716023460E+01     0.10764266252518E+01
0.20141900385226E+01     0.10701348781586E+01
0.20240084746993E+01     0.10640116930008E+01
0.20338269108759E+01     0.10580482482910E+01
0.20436453470525E+01     0.10522358417511E+01
0.20534637832292E+01     0.10465654134750E+01
0.20632822194058E+01     0.10410283803940E+01
0.20731006555824E+01     0.10356158018112E+01
0.20829190917591E+01     0.10303194522858E+01
0.20927375279357E+01     0.10251312255859E+01
0.21025559641123E+01     0.10200437307358E+01
0.21123744002889E+01     0.10150498151779E+01
0.21221928364656E+01     0.10101426839828E+01
0.21320112726422E+01     0.10053162574768E+01
0.21418297088188E+01     0.10005650520325E+01
0.21516481449955E+01     0.99588376283646E+00
0.21614665811721E+01     0.99126827716827E+00
0.21712850173487E+01     0.98671203851700E+00
0.21811034535254E+01     0.98220938444138E+00
0.21909218897020E+01     0.97775745391846E+00
0.22007403258786E+01     0.97335553169250E+00
0.22105587620553E+01     0.96900415420532E+00
0.22203771982319E+01     0.96470361948013E+00
0.22301956344085E+01     0.96045023202896E+00
0.22400140705852E+01     0.95630669593811E+00
0.22498325067618E+01     0.95211273431778E+00
0.22596509429384E+01     0.94795966148376E+00
0.22694693791150E+01     0.94384670257568E+00
0.22792878152917E+01     0.93977302312851E+00
0.22891062514683E+01     0.93573790788651E+00
0.22989246876449E+01     0.93174022436142E+00
0.23087431238216E+01     0.00000000000000E+00
0.23185615599982E+01     0.00000000000000E+00
0.23283799961748E+01     0.00000000000000E+00
