0.10716201655661E+01     0.00000000000000E+00
0.10814386017427E+01     0.00000000000000E+00
0.10912570379194E+01     0.00000000000000E+00
0.11010754740960E+01     0.21619175374508E+00
0.11108939102726E+01     0.21655404567719E+00
0.11207123464492E+01     0.21701681613922E+00
0.11305307826259E+01     0.21757511794567E+00
0.11403492188025E+01     0.21822680532932E+00
0.11501676549791E+01     0.21896995604038E+00
0.11599860911558E+01     0.21980415284634E+00
0.11698045273324E+01     0.22072854638100E+00
0.11796229635090E+01     0.22174286842346E+00
0.11894413996857E+01     0.22284603118896E+00
0.11992598358623E+01     0.22403706610203E+00
0.12090782720389E+01     0.22531387209892E+00
0.12188967082156E+01     0.22667710483074E+00
0.12287151443922E+01     0.22812646627426E+00
0.12385335805688E+01     0.22965569794178E+00
0.12483520167454E+01     0.23125649988651E+00
0.12581704529221E+01     0.23292040824890E+00
0.12679888890987E+01     0.23463888466358E+00
0.12778073252753E+01     0.23640310764313E+00
0.12876257614520E+01     0.23820379376411E+00
0.12974441976286E+01     0.24003067612648E+00
0.13072626338052E+01     0.24187180399895E+00
0.13170810699819E+01     0.24371699988842E+00
0.13268995061585E+01     0.24555650353432E+00
0.13367179423351E+01     0.24737676978111E+00
0.13465363785118E+01     0.24916297197342E+00
0.13563548146884E+01     0.25089859962463E+00
0.13661732508650E+01     0.25256618857384E+00
0.13759916870416E+01     0.25414624810219E+00
0.13858101232183E+01     0.25561839342117E+00
0.13956285593949E+01     0.25695994496346E+00
0.14054469955715E+01     0.25814741849899E+00
0.14152654317482E+01     0.25915488600731E+00
0.14250838679248E+01     0.25995564460754E+00
0.14349023041014E+01     0.26052048802376E+00
0.14447207402781E+01     0.26081967353821E+00
0.14545391764547E+01     0.26082083582878E+00
0.14643576126313E+01     0.26049154996872E+00
0.14741760488080E+01     0.25979676842690E+00
0.14839944849846E+01     0.25870195031166E+00
0.14938129211612E+01     0.25717025995255E+00
0.15036313573378E+01     0.25516602396965E+00
0.15134497935145E+01     0.25265184044838E+00
0.15232682296911E+01     0.24959234893322E+00
0.15330866658677E+01     0.24595141410828E+00
0.15429051020444E+01     0.24169597029686E+00
0.15527235382210E+01     0.23679345846176E+00
0.15625419743976E+01     0.23121570050716E+00
0.15723604105743E+01     0.22493661940098E+00
0.15821788467509E+01     0.21793608367443E+00
0.15919972829275E+01     0.21019795536995E+00
0.16018157191042E+01     0.20171384513378E+00
0.16116341552808E+01     0.19248150289059E+00
0.16214525914574E+01     0.18250840902328E+00
0.16312710276340E+01     0.17181064188480E+00
0.16410894638107E+01     0.16041637957096E+00
0.16509078999873E+01     0.14836549758911E+00
0.16607263361639E+01     0.13571342825890E+00
0.16705447723406E+01     0.12253296375275E+00
0.16803632085172E+01     0.10892073065042E+00
0.16901816446938E+01     0.95006436109543E-01
0.17000000808705E+01     0.80974183976650E-01
0.17098185170471E+01     0.67107714712620E-01
0.17196369532237E+01     0.53899075835943E-01
0.17294553894003E+01     0.42311675846577E-01
0.17392738255770E+01     0.34287214279175E-01
0.17490922617536E+01     0.32638672739267E-01
0.17589106979302E+01     0.38087870925665E-01
0.17687291341069E+01     0.48071201890707E-01
0.17785475702835E+01     0.60110133141279E-01
0.17883660064601E+01     0.72905115783215E-01
0.17981844426368E+01     0.85822723805904E-01
0.18080028788134E+01     0.98523437976837E-01
0.18178213149900E+01     0.11080399900675E+00
0.18276397511667E+01     0.12253097444773E+00
0.18374581873433E+01     0.13361321389675E+00
0.18472766235199E+01     0.14398658275604E+00
0.18570950596965E+01     0.15360835194588E+00
0.18669134958732E+01     0.16245110332966E+00
0.18767319320498E+01     0.17050199210644E+00
0.18865503682264E+01     0.17775844037533E+00
0.18963688044031E+01     0.18422886729240E+00
0.19061872405797E+01     0.18992865085602E+00
0.19160056767563E+01     0.19488145411015E+00
0.19258241129330E+01     0.19911535084248E+00
0.19356425491096E+01     0.20266431570053E+00
0.19454609852862E+01     0.20556452870369E+00
0.19552794214629E+01     0.20785614848137E+00
0.19650978576395E+01     0.20957967638969E+00
0.19749162938161E+01     0.21077801287174E+00
0.19847347299927E+01     0.21149295568466E+00
0.19945531661694E+01     0.21176744997501E+00
0.20043716023460E+01     0.21164235472679E+00
0.20141900385226E+01     0.21115863323212E+00
0.20240084746993E+01     0.21035464107990E+00
0.20338269108759E+01     0.20926803350449E+00
0.20436453470525E+01     0.20793358981609E+00
0.20534637832292E+01     0.20638483762741E+00
0.20632822194058E+01     0.20465248823166E+00
0.20731006555824E+01     0.20276546478271E+00
0.20829190917591E+01     0.20075020194054E+00
0.20927375279357E+01     0.19863086938858E+00
0.21025559641123E+01     0.19642978906631E+00
0.21123744002889E+01     0.19416637718678E+00
0.21221928364656E+01     0.19185911118984E+00
0.21320112726422E+01     0.18952289223671E+00
0.21418297088188E+01     0.18717272579670E+00
0.21516481449955E+01     0.18481865525246E+00
0.21614665811721E+01     0.18247093260288E+00
0.21712850173487E+01     0.18013530969620E+00
0.21811034535254E+01     0.17782068252563E+00
0.21909218897020E+01     0.17553238570690E+00
0.22007403258786E+01     0.17328032851219E+00
0.22105587620553E+01     0.17107139527798E+00
0.22203771982319E+01     0.16891281306744E+00
0.22301956344085E+01     0.16679857671261E+00
0.22400140705852E+01     0.16468501091003E+00
0.22498325067618E+01     0.16258157789707E+00
0.22596509429384E+01     0.16053076088428E+00
0.22694693791150E+01     0.15853171050549E+00
0.22792878152917E+01     0.15657950937748E+00
0.22891062514683E+01     0.15467515587807E+00
0.22989246876449E+01     0.15281599760056E+00
0.23087431238216E+01     0.00000000000000E+00
0.23185615599982E+01     0.00000000000000E+00
0.23283799961748E+01     0.00000000000000E+00
