0.10716201655661E+01     0.00000000000000E+00
0.10814386017427E+01     0.00000000000000E+00
0.10912570379194E+01     0.00000000000000E+00
0.11010754740960E+01     -.11466367141111E-03
0.11108939102726E+01     0.30469895136775E-04
0.11207123464492E+01     0.21251385624055E-03
0.11305307826259E+01     0.42094255331904E-03
0.11403492188025E+01     0.64940011361614E-03
0.11501676549791E+01     0.89420529548079E-03
0.11599860911558E+01     0.11527991155162E-02
0.11698045273324E+01     0.14238349394873E-02
0.11796229635090E+01     0.17061749240384E-02
0.11894413996857E+01     0.19994082394987E-02
0.11992598358623E+01     0.23030361626297E-02
0.12090782720389E+01     0.26171477511525E-02
0.12188967082156E+01     0.29416189063340E-02
0.12287151443922E+01     0.32767294906080E-02
0.12385335805688E+01     0.36226075608283E-02
0.12483520167454E+01     0.39795371703804E-02
0.12581704529221E+01     0.43478165753186E-02
0.12679888890987E+01     0.47277980484068E-02
0.12778073252753E+01     0.51199244335294E-02
0.12876257614520E+01     0.55245971307158E-02
0.12974441976286E+01     0.59423558413982E-02
0.13072626338052E+01     0.63736047595739E-02
0.13170810699819E+01     0.68188635632396E-02
0.13268995061585E+01     0.72787641547620E-02
0.13367179423351E+01     0.77539402991533E-02
0.13465363785118E+01     0.82448059692979E-02
0.13563548146884E+01     0.87519790977240E-02
0.13661732508650E+01     0.92758191749454E-02
0.13759916870416E+01     0.98168915137649E-02
0.13858101232183E+01     0.10375457815826E-01
0.13956285593949E+01     0.10951988399029E-01
0.14054469955715E+01     0.11546605266631E-01
0.14152654317482E+01     0.12159629724920E-01
0.14250838679248E+01     0.12790989130735E-01
0.14349023041014E+01     0.13440798968077E-01
0.14447207402781E+01     0.14108728617430E-01
0.14545391764547E+01     0.14794621616602E-01
0.14643576126313E+01     0.15497814863920E-01
0.14741760488080E+01     0.16217807307839E-01
0.14839944849846E+01     0.16953529790044E-01
0.14938129211612E+01     0.17704049125314E-01
0.15036313573378E+01     0.18467811867595E-01
0.15134497935145E+01     0.19243376329541E-01
0.15232682296911E+01     0.20028620958328E-01
0.15330866658677E+01     0.20821524783969E-01
0.15429051020444E+01     0.21619334816933E-01
0.15527235382210E+01     0.22419391199946E-01
0.15625419743976E+01     0.23218270391226E-01
0.15723604105743E+01     0.24012647569180E-01
0.15821788467509E+01     0.24798430502415E-01
0.15919972829275E+01     0.25571649894118E-01
0.16018157191042E+01     0.26327600702643E-01
0.16116341552808E+01     0.27061764150858E-01
0.16214525914574E+01     0.27768952772021E-01
0.16312710276340E+01     0.28444267809391E-01
0.16410894638107E+01     0.29082257300615E-01
0.16509078999873E+01     0.29677897691727E-01
0.16607263361639E+01     0.30225777998567E-01
0.16705447723406E+01     0.30721088871360E-01
0.16803632085172E+01     0.31158830970526E-01
0.16901816446938E+01     0.31534798443317E-01
0.17000000808705E+01     0.31844809651375E-01
0.17098185170471E+01     0.32085668295622E-01
0.17196369532237E+01     0.32254382967949E-01
0.17294553894003E+01     0.32349117100239E-01
0.17392738255770E+01     0.32368376851082E-01
0.17490922617536E+01     0.32311912626028E-01
0.17589106979302E+01     0.32179888337851E-01
0.17687291341069E+01     0.31973719596863E-01
0.17785475702835E+01     0.31695209443569E-01
0.17883660064601E+01     0.31347341835499E-01
0.17981844426368E+01     0.30933380126953E-01
0.18080028788134E+01     0.30457602813840E-01
0.18178213149900E+01     0.29924400150776E-01
0.18276397511667E+01     0.29338981956244E-01
0.18374581873433E+01     0.28706451877952E-01
0.18472766235199E+01     0.28032517060637E-01
0.18570950596965E+01     0.27322573587298E-01
0.18669134958732E+01     0.26582408696413E-01
0.18767319320498E+01     0.25817317888141E-01
0.18865503682264E+01     0.25032818317413E-01
0.18963688044031E+01     0.24233801290393E-01
0.19061872405797E+01     0.23425251245499E-01
0.19160056767563E+01     0.22611435502768E-01
0.19258241129330E+01     0.21796640008688E-01
0.19356425491096E+01     0.20984398201108E-01
0.19454609852862E+01     0.20178219303489E-01
0.19552794214629E+01     0.19380863755941E-01
0.19650978576395E+01     0.18595060333610E-01
0.19749162938161E+01     0.17822820693254E-01
0.19847347299927E+01     0.17066137865186E-01
0.19945531661694E+01     0.16326338052750E-01
0.20043716023460E+01     0.15604757703841E-01
0.20141900385226E+01     0.14902124181390E-01
0.20240084746993E+01     0.14219201169908E-01
0.20338269108759E+01     0.13556214980781E-01
0.20436453470525E+01     0.12913450598717E-01
0.20534637832292E+01     0.12290724553168E-01
0.20632822194058E+01     0.11687928810716E-01
0.20731006555824E+01     0.11104553937912E-01
0.20829190917591E+01     0.10540175251663E-01
0.20927375279357E+01     0.99940290674567E-02
0.21025559641123E+01     0.94654336571693E-02
0.21123744002889E+01     0.89534260332584E-02
0.21221928364656E+01     0.84571205079556E-02
0.21320112726422E+01     0.79753929749131E-02
0.21418297088188E+01     0.75071845203638E-02
0.21516481449955E+01     0.70512401871383E-02
0.21614665811721E+01     0.66062114201486E-02
0.21712850173487E+01     0.61707324348390E-02
0.21811034535254E+01     0.57434528134763E-02
0.21909218897020E+01     0.53229806944728E-02
0.22007403258786E+01     0.49080322496593E-02
0.22105587620553E+01     0.44973893091083E-02
0.22203771982319E+01     0.40900306776166E-02
0.22301956344085E+01     0.36853209603578E-02
0.22400140705852E+01     0.32554965000600E-02
0.22498325067618E+01     0.28214070480317E-02
0.22596509429384E+01     0.23773494176567E-02
0.22694693791150E+01     0.19164265831932E-02
0.22792878152917E+01     0.14297919115052E-02
0.22891062514683E+01     0.90464070672169E-03
0.22989246876449E+01     0.32027356792241E-03
0.23087431238216E+01     0.00000000000000E+00
0.23185615599982E+01     0.00000000000000E+00
0.23283799961748E+01     0.00000000000000E+00
