0.10716201655661E+01     0.00000000000000E+00
0.10814386017427E+01     0.00000000000000E+00
0.10912570379194E+01     0.00000000000000E+00
0.11010754740960E+01     0.21619172394276E+00
0.11108939102726E+01     0.21655403077602E+00
0.11207123464492E+01     0.21701671183109E+00
0.11305307826259E+01     0.21757471561432E+00
0.11403492188025E+01     0.21822583675385E+00
0.11501676549791E+01     0.21896812319756E+00
0.11599860911558E+01     0.21980112791061E+00
0.11698045273324E+01     0.22072395682335E+00
0.11796229635090E+01     0.22173629701138E+00
0.11894413996857E+01     0.22283706068993E+00
0.11992598358623E+01     0.22402523458004E+00
0.12090782720389E+01     0.22529867291451E+00
0.12188967082156E+01     0.22665801644325E+00
0.12287151443922E+01     0.22810293734074E+00
0.12385335805688E+01     0.22962713241577E+00
0.12483520167454E+01     0.23122225701809E+00
0.12581704529221E+01     0.23287983238697E+00
0.12679888890987E+01     0.23459126055241E+00
0.12778073252753E+01     0.23634766042233E+00
0.12876257614520E+01     0.23813971877098E+00
0.12974441976286E+01     0.23995710909367E+00
0.13072626338052E+01     0.24178782105446E+00
0.13170810699819E+01     0.24362158775330E+00
0.13268995061585E+01     0.24544860422611E+00
0.13367179423351E+01     0.24725520610809E+00
0.13465363785118E+01     0.24902652204037E+00
0.13563548146884E+01     0.25074592232704E+00
0.13661732508650E+01     0.25239580869675E+00
0.13759916870416E+01     0.25395658612251E+00
0.13858101232183E+01     0.25540772080421E+00
0.13956285593949E+01     0.25672644376755E+00
0.14054469955715E+01     0.25788906216621E+00
0.14152654317482E+01     0.25886946916580E+00
0.14250838679248E+01     0.25964078307152E+00
0.14349023041014E+01     0.26017352938652E+00
0.14447207402781E+01     0.26043781638145E+00
0.14545391764547E+01     0.26040092110634E+00
0.14643576126313E+01     0.26003012061119E+00
0.14741760488080E+01     0.25929006934166E+00
0.14839944849846E+01     0.25814583897591E+00
0.14938129211612E+01     0.25656014680862E+00
0.15036313573378E+01     0.25449681282043E+00
0.15134497935145E+01     0.25191792845726E+00
0.15232682296911E+01     0.24878744781017E+00
0.15330866658677E+01     0.24506849050522E+00
0.15429051020444E+01     0.24072712659836E+00
0.15527235382210E+01     0.23572975397110E+00
0.15625419743976E+01     0.23004698753357E+00
0.15723604105743E+01     0.22365123033524E+00
0.15821788467509E+01     0.21652060747147E+00
0.15919972829275E+01     0.20863670110703E+00
0.16018157191042E+01     0.19998833537102E+00
0.16116341552808E+01     0.19056963920593E+00
0.16214525914574E+01     0.18038348853588E+00
0.16312710276340E+01     0.16943973302841E+00
0.16410894638107E+01     0.15775816142559E+00
0.16509078999873E+01     0.14536692202091E+00
0.16607263361639E+01     0.13230471313000E+00
0.16705447723406E+01     0.11861931532621E+00
0.16803632085172E+01     0.10436882823706E+00
0.16901816446938E+01     0.89620195329189E-01
0.17000000808705E+01     0.74449494481087E-01
0.17098185170471E+01     0.58940269052982E-01
0.17196369532237E+01     0.43182924389839E-01
0.17294553894003E+01     0.27272924780846E-01
0.17392738255770E+01     0.11309343390167E-01
0.17490922617536E+01     -.46068769879639E-02
0.17589106979302E+01     -.20375002175570E-01
0.17687291341069E+01     -.35895984619856E-01
0.17785475702835E+01     -.51074862480164E-01
0.17883660064601E+01     -.65821729600430E-01
0.17981844426368E+01     -.80054149031639E-01
0.18080028788134E+01     -.93697398900986E-01
0.18178213149900E+01     -.10668671876192E+00
0.18276397511667E+01     -.11896664649248E+00
0.18374581873433E+01     -.13049302995205E+00
0.18472766235199E+01     -.14123141765594E+00
0.18570950596965E+01     -.15115886926651E+00
0.18669134958732E+01     -.16026146709919E+00
0.18767319320498E+01     -.16853603720665E+00
0.18865503682264E+01     -.17598700523376E+00
0.18963688044031E+01     -.18262803554535E+00
0.19061872405797E+01     -.18847849965096E+00
0.19160056767563E+01     -.19356524944305E+00
0.19258241129330E+01     -.19791874289513E+00
0.19356425491096E+01     -.20157499611378E+00
0.19454609852862E+01     -.20457178354263E+00
0.19552794214629E+01     -.20695061981678E+00
0.19650978576395E+01     -.20875312387943E+00
0.19749162938161E+01     -.21002313494682E+00
0.19847347299927E+01     -.21080327033997E+00
0.19945531661694E+01     -.21113716065884E+00
0.20043716023460E+01     -.21106629073620E+00
0.20141900385226E+01     -.21063213050365E+00
0.20240084746993E+01     -.20987351238728E+00
0.20338269108759E+01     -.20882849395275E+00
0.20436453470525E+01     -.20753222703934E+00
0.20534637832292E+01     -.20601855218410E+00
0.20632822194058E+01     -.20431846380234E+00
0.20731006555824E+01     -.20246115326881E+00
0.20829190917591E+01     -.20047330856323E+00
0.20927375279357E+01     -.19837927818298E+00
0.21025559641123E+01     -.19620159268379E+00
0.21123744002889E+01     -.19395983219147E+00
0.21221928364656E+01     -.19167262315750E+00
0.21320112726422E+01     -.18935501575470E+00
0.21418297088188E+01     -.18702211976051E+00
0.21516481449955E+01     -.18468409776688E+00
0.21614665811721E+01     -.18235130608082E+00
0.21712850173487E+01     -.18002958595753E+00
0.21811034535254E+01     -.17772790789604E+00
0.21909218897020E+01     -.17545165121555E+00
0.22007403258786E+01     -.17321081459522E+00
0.22105587620553E+01     -.17101228237152E+00
0.22203771982319E+01     -.16886329650879E+00
0.22301956344085E+01     -.16675785183907E+00
0.22400140705852E+01     -.16465283930302E+00
0.22498325067618E+01     -.16255709528923E+00
0.22596509429384E+01     -.16051314771175E+00
0.22694693791150E+01     -.15852013230324E+00
0.22792878152917E+01     -.15657298266888E+00
0.22891062514683E+01     -.15467250347137E+00
0.22989246876449E+01     -.15281565487385E+00
0.23087431238216E+01     0.00000000000000E+00
0.23185615599982E+01     0.00000000000000E+00
0.23283799961748E+01     0.00000000000000E+00
