0.10716201655661E+01     0.00000000000000E+00
0.10814386017427E+01     0.00000000000000E+00
0.10912570379194E+01     0.00000000000000E+00
0.11010754740960E+01     0.70097250976563E+04
0.11108939102726E+01     0.78044765625000E+04
0.11207123464492E+01     0.11959031250000E+05
0.11305307826259E+01     0.16592236328125E+05
0.11403492188025E+01     0.21385394531250E+05
0.11501676549791E+01     0.26244341796875E+05
0.11599860911558E+01     0.31124576171875E+05
0.11698045273324E+01     0.35998847656250E+05
0.11796229635090E+01     0.40848941406250E+05
0.11894413996857E+01     0.45670046875000E+05
0.11992598358623E+01     0.50677078125000E+05
0.12090782720389E+01     0.54684675781250E+05
0.12188967082156E+01     0.59930007812500E+05
0.12287151443922E+01     0.65116769531250E+05
0.12385335805688E+01     0.69914765625000E+05
0.12483520167454E+01     0.74319609375000E+05
0.12581704529221E+01     0.78344968750000E+05
0.12679888890987E+01     0.82012367187500E+05
0.12778073252753E+01     0.85353484375000E+05
0.12876257614520E+01     0.88415109375000E+05
0.12974441976286E+01     0.91261125000000E+05
0.13072626338052E+01     0.93962695312500E+05
0.13170810699819E+01     0.96556820312500E+05
0.13268995061585E+01     0.99038765625000E+05
0.13367179423351E+01     0.10140764843750E+06
0.13465363785118E+01     0.10366246093750E+06
0.13563548146884E+01     0.10580196093750E+06
0.13661732508650E+01     0.10782482031250E+06
0.13759916870416E+01     0.10972961718750E+06
0.13858101232183E+01     0.11151496875000E+06
0.13956285593949E+01     0.11317952343750E+06
0.14054469955715E+01     0.11472208593750E+06
0.14152654317482E+01     0.11614164843750E+06
0.14250838679248E+01     0.11743748437500E+06
0.14349023041014E+01     0.11860922656250E+06
0.14447207402781E+01     0.11965692968750E+06
0.14545391764547E+01     0.12058116406250E+06
0.14643576126313E+01     0.12138307812500E+06
0.14741760488080E+01     0.12206446875000E+06
0.14839944849846E+01     0.12262786718750E+06
0.14938129211612E+01     0.12307660156250E+06
0.15036313573378E+01     0.12341481250000E+06
0.15134497935145E+01     0.12364750781250E+06
0.15232682296911E+01     0.12378059375000E+06
0.15330866658677E+01     0.12382083593750E+06
0.15429051020444E+01     0.12377585156250E+06
0.15527235382210E+01     0.12365403125000E+06
0.15625419743976E+01     0.12346447656250E+06
0.15723604105743E+01     0.12321683593750E+06
0.15821788467509E+01     0.12292121093750E+06
0.15919972829275E+01     0.12258792187500E+06
0.16018157191042E+01     0.12222737500000E+06
0.16116341552808E+01     0.12184975781250E+06
0.16214525914574E+01     0.12146494531250E+06
0.16312710276340E+01     0.12108215625000E+06
0.16410894638107E+01     0.12070990625000E+06
0.16509078999873E+01     0.12035569531250E+06
0.16607263361639E+01     0.12002606250000E+06
0.16705447723406E+01     0.11972635937500E+06
0.16803632085172E+01     0.11946089843750E+06
0.16901816446938E+01     0.11923287500000E+06
0.17000000808705E+01     0.11904459375000E+06
0.17098185170471E+01     0.11889745312500E+06
0.17196369532237E+01     0.11879231250000E+06
0.17294553894003E+01     0.11872945312500E+06
0.17392738255770E+01     0.11870893750000E+06
0.17490922617536E+01     0.11873056250000E+06
0.17589106979302E+01     0.11879409375000E+06
0.17687291341069E+01     0.11889913281250E+06
0.17785475702835E+01     0.11904525000000E+06
0.17883660064601E+01     0.11923174218750E+06
0.17981844426368E+01     0.11945762500000E+06
0.18080028788134E+01     0.11972132812500E+06
0.18178213149900E+01     0.12002064843750E+06
0.18276397511667E+01     0.12035242968750E+06
0.18374581873433E+01     0.12071254687500E+06
0.18472766235199E+01     0.12109567187500E+06
0.18570950596965E+01     0.12149532812500E+06
0.18669134958732E+01     0.12190375781250E+06
0.18767319320498E+01     0.12231214062500E+06
0.18865503682264E+01     0.12271056250000E+06
0.18963688044031E+01     0.12308829687500E+06
0.19061872405797E+01     0.12343389843750E+06
0.19160056767563E+01     0.12373550781250E+06
0.19258241129330E+01     0.12398101562500E+06
0.19356425491096E+01     0.12415831250000E+06
0.19454609852862E+01     0.12425548437500E+06
0.19552794214629E+01     0.12426096875000E+06
0.19650978576395E+01     0.12416374218750E+06
0.19749162938161E+01     0.12395340625000E+06
0.19847347299927E+01     0.12362028125000E+06
0.19945531661694E+01     0.12315546875000E+06
0.20043716023460E+01     0.12255085156250E+06
0.20141900385226E+01     0.12179910937500E+06
0.20240084746993E+01     0.12089367968750E+06
0.20338269108759E+01     0.11982868750000E+06
0.20436453470525E+01     0.11859892968750E+06
0.20534637832292E+01     0.11719974218750E+06
0.20632822194058E+01     0.11562692968750E+06
0.20731006555824E+01     0.11387670312500E+06
0.20829190917591E+01     0.11194548437500E+06
0.20927375279357E+01     0.10982989843750E+06
0.21025559641123E+01     0.10752657812500E+06
0.21123744002889E+01     0.10503210156250E+06
0.21221928364656E+01     0.10234279687500E+06
0.21320112726422E+01     0.99454656250000E+05
0.21418297088188E+01     0.96363164062500E+05
0.21516481449955E+01     0.93060984375000E+05
0.21614665811721E+01     0.89540093750000E+05
0.21712850173487E+01     0.85891195312500E+05
0.21811034535254E+01     0.82206468750000E+05
0.21909218897020E+01     0.78490281250000E+05
0.22007403258786E+01     0.74629164062500E+05
0.22105587620553E+01     0.70402960937500E+05
0.22203771982319E+01     0.65558609375000E+05
0.22301956344085E+01     0.60060675781250E+05
0.22400140705852E+01     0.31115642578125E+05
0.22498325067618E+01     0.26856732421875E+05
0.22596509429384E+01     0.22270066406250E+05
0.22694693791150E+01     0.17424103515625E+05
0.22792878152917E+01     0.12422216796875E+05
0.22891062514683E+01     0.75150136718750E+04
0.22989246876449E+01     0.50525869140625E+04
0.23087431238216E+01     0.00000000000000E+00
0.23185615599982E+01     0.00000000000000E+00
0.23283799961748E+01     0.00000000000000E+00
