0.10716201655661E+01     0.00000000000000E+00
0.10814386017427E+01     0.00000000000000E+00
0.10912570379194E+01     0.00000000000000E+00
0.11010754740960E+01     0.77423413085938E+03
0.11108939102726E+01     0.87104608154297E+03
0.11207123464492E+01     0.13492171630859E+04
0.11305307826259E+01     0.18929145507813E+04
0.11403492188025E+01     0.24679138183594E+04
0.11501676549791E+01     0.30646191406250E+04
0.11599860911558E+01     0.36788457031250E+04
0.11698045273324E+01     0.43082407226563E+04
0.11796229635090E+01     0.49514101562500E+04
0.11894413996857E+01     0.56084877929688E+04
0.11992598358623E+01     0.63069252929688E+04
0.12090782720389E+01     0.68989282226563E+04
0.12188967082156E+01     0.76663623046875E+04
0.12287151443922E+01     0.84485468750000E+04
0.12385335805688E+01     0.92024189453125E+04
0.12483520167454E+01     0.99257128906250E+04
0.12581704529221E+01     0.10618357421875E+05
0.12679888890987E+01     0.11281269531250E+05
0.12778073252753E+01     0.11916768554688E+05
0.12876257614520E+01     0.12529395507813E+05
0.12974441976286E+01     0.13126342773438E+05
0.13072626338052E+01     0.13716196289063E+05
0.13170810699819E+01     0.14303060546875E+05
0.13268995061585E+01     0.14885019531250E+05
0.13367179423351E+01     0.15460375000000E+05
0.13465363785118E+01     0.16027208007813E+05
0.13563548146884E+01     0.16583335937500E+05
0.13661732508650E+01     0.17126369140625E+05
0.13759916870416E+01     0.17653646484375E+05
0.13858101232183E+01     0.18162322265625E+05
0.13956285593949E+01     0.18649289062500E+05
0.14054469955715E+01     0.19111291015625E+05
0.14152654317482E+01     0.19544830078125E+05
0.14250838679248E+01     0.19946324218750E+05
0.14349023041014E+01     0.20311990234375E+05
0.14447207402781E+01     0.20638041015625E+05
0.14545391764547E+01     0.20920550781250E+05
0.14643576126313E+01     0.21155697265625E+05
0.14741760488080E+01     0.21339605468750E+05
0.14839944849846E+01     0.21468609375000E+05
0.14938129211612E+01     0.21539103515625E+05
0.15036313573378E+01     0.21547814453125E+05
0.15134497935145E+01     0.21491625000000E+05
0.15232682296911E+01     0.21367875000000E+05
0.15330866658677E+01     0.21174152343750E+05
0.15429051020444E+01     0.20908601562500E+05
0.15527235382210E+01     0.20569683593750E+05
0.15625419743976E+01     0.20156482421875E+05
0.15723604105743E+01     0.19668437500000E+05
0.15821788467509E+01     0.19105632812500E+05
0.15919972829275E+01     0.18468525390625E+05
0.16018157191042E+01     0.17758214843750E+05
0.16116341552808E+01     0.16976187500000E+05
0.16214525914574E+01     0.16124566406250E+05
0.16312710276340E+01     0.15205922851563E+05
0.16410894638107E+01     0.14223532226563E+05
0.16509078999873E+01     0.13181291992188E+05
0.16607263361639E+01     0.12084069335938E+05
0.16705447723406E+01     0.10937845703125E+05
0.16803632085172E+01     0.97503867187500E+04
0.16901816446938E+01     0.85321171875000E+04
0.17000000808705E+01     0.72981987304688E+04
0.17098185170471E+01     0.60727919921875E+04
0.17196369532237E+01     0.48992763671875E+04
0.17294553894003E+01     0.38648857421875E+04
0.17392738255770E+01     0.31486726074219E+04
0.17490922617536E+01     0.30146684570313E+04
0.17589106979302E+01     0.35399541015625E+04
0.17687291341069E+01     0.44976889648438E+04
0.17785475702835E+01     0.56641157226563E+04
0.17883660064601E+01     0.69215566406250E+04
0.17981844426368E+01     0.82126660156250E+04
0.18080028788134E+01     0.95065429687500E+04
0.18178213149900E+01     0.10784319335938E+05
0.18276397511667E+01     0.12033012695313E+05
0.18374581873433E+01     0.13242999023438E+05
0.18472766235199E+01     0.14406566406250E+05
0.18570950596965E+01     0.15517433593750E+05
0.18669134958732E+01     0.16570175781250E+05
0.18767319320498E+01     0.17560236328125E+05
0.18865503682264E+01     0.18483564453125E+05
0.18963688044031E+01     0.19336800781250E+05
0.19061872405797E+01     0.20116984375000E+05
0.19160056767563E+01     0.20821808593750E+05
0.19258241129330E+01     0.21449349609375E+05
0.19356425491096E+01     0.21998365234375E+05
0.19454609852862E+01     0.22467996093750E+05
0.19552794214629E+01     0.22858082031250E+05
0.19650978576395E+01     0.23168849609375E+05
0.19749162938161E+01     0.23401193359375E+05
0.19847347299927E+01     0.23556353515625E+05
0.19945531661694E+01     0.23636173828125E+05
0.20043716023460E+01     0.23642763671875E+05
0.20141900385226E+01     0.23578720703125E+05
0.20240084746993E+01     0.23446808593750E+05
0.20338269108759E+01     0.23250134765625E+05
0.20436453470525E+01     0.22991859375000E+05
0.20534637832292E+01     0.22675326171875E+05
0.20632822194058E+01     0.22303839843750E+05
0.20731006555824E+01     0.21880716796875E+05
0.20829190917591E+01     0.21409158203125E+05
0.20927375279357E+01     0.20892224609375E+05
0.21025559641123E+01     0.20332818359375E+05
0.21123744002889E+01     0.19733542968750E+05
0.21221928364656E+01     0.19096839843750E+05
0.21320112726422E+01     0.18424708984375E+05
0.21418297088188E+01     0.17719005859375E+05
0.21516481449955E+01     0.16980556640625E+05
0.21614665811721E+01     0.16210035156250E+05
0.21712850173487E+01     0.15425450195313E+05
0.21811034535254E+01     0.14644720703125E+05
0.21909218897020E+01     0.13869278320313E+05
0.22007403258786E+01     0.13080104492188E+05
0.22105587620553E+01     0.12239905273438E+05
0.22203771982319E+01     0.11306840820313E+05
0.22301956344085E+01     0.10276738281250E+05
0.22400140705852E+01     0.52806762695313E+04
0.22498325067618E+01     0.45205883789063E+04
0.22596509429384E+01     0.37183508300781E+04
0.22694693791150E+01     0.28861828613281E+04
0.22792878152917E+01     0.20415739746094E+04
0.22891062514683E+01     0.12255823974609E+04
0.22989246876449E+01     0.81775604248047E+03
0.23087431238216E+01     0.00000000000000E+00
0.23185615599982E+01     0.00000000000000E+00
0.23283799961748E+01     0.00000000000000E+00
