  -0.10996632344909094E+01
  -0.10824810772526263E+01
  -0.10652989200143432E+01
  -0.10481167627760601E+01
  -0.10309346055377770E+01
  -0.10137524482994940E+01
  -0.99657029106121098E+00
  -0.97938813382292800E+00
  -0.96220597658464502E+00
  -0.94502381934636204E+00
  -0.92784166210807906E+00
  -0.91065950486979608E+00
  -0.89347734763151310E+00
  -0.87629519039323012E+00
  -0.85911303315494714E+00
  -0.84193087591666416E+00
  -0.82474871867838118E+00
  -0.80756656144009820E+00
  -0.79038440420181522E+00
  -0.77320224696353224E+00
  -0.75602008972524926E+00
  -0.73883793248696628E+00
  -0.72165577524868330E+00
  -0.70447361801040032E+00
  -0.68729146077211734E+00
  -0.67010930353383436E+00
  -0.65292714629555137E+00
  -0.63574498905726839E+00
  -0.61856283181898541E+00
  -0.60138067458070243E+00
  -0.58419851734241945E+00
  -0.56701636010413647E+00
  -0.54983420286585349E+00
  -0.53265204562757051E+00
  -0.51546988838928753E+00
  -0.49828773115100455E+00
  -0.48110557391272157E+00
  -0.46392341667443859E+00
  -0.44674125943615561E+00
  -0.42955910219787263E+00
  -0.41237694495958965E+00
  -0.39519478772130667E+00
  -0.37801263048302369E+00
  -0.36083047324474071E+00
  -0.34364831600645773E+00
  -0.32646615876817475E+00
  -0.30928400152989177E+00
  -0.29210184429160879E+00
  -0.27491968705332581E+00
  -0.25773752981504283E+00
  -0.24055537257675985E+00
  -0.22337321533847687E+00
  -0.20619105810019389E+00
  -0.18900890086191091E+00
  -0.17182674362362793E+00
  -0.15464458638534495E+00
  -0.13746242914706197E+00
  -0.12028027190877899E+00
  -0.10309811467049601E+00
  -0.85915957432213030E-01
  -0.68733800193930050E-01
  -0.51551642955647070E-01
  -0.34369485717364090E-01
  -0.17187328479081106E-01
  -0.51712407981227559E-05
   0.17176985997484861E-01
   0.34359143235767844E-01
   0.51541300474050825E-01
   0.68723457712333805E-01
   0.85905614950616785E-01
   0.10308777218889977E+00
   0.12026992942718275E+00
   0.13745208666546574E+00
   0.15463424390374872E+00
   0.17181640114203170E+00
   0.18899855838031468E+00
   0.20618071561859766E+00
   0.22336287285688064E+00
   0.24054503009516362E+00
   0.25772718733344663E+00
   0.27490934457172961E+00
   0.29209150181001259E+00
   0.30927365904829557E+00
   0.32645581628657855E+00
   0.34363797352486153E+00
   0.36082013076314451E+00
   0.37800228800142749E+00
   0.39518444523971047E+00
   0.41236660247799345E+00
   0.42954875971627643E+00
   0.44673091695455941E+00
   0.46391307419284239E+00
   0.48109523143112537E+00
   0.49827738866940835E+00
   0.51545954590769139E+00
   0.53264170314597437E+00
   0.54982386038425735E+00
   0.56700601762254033E+00
   0.58418817486082331E+00
   0.60137033209910629E+00
   0.61855248933738927E+00
   0.63573464657567225E+00
   0.65291680381395523E+00
   0.67009896105223821E+00
   0.68728111829052119E+00
   0.70446327552880417E+00
   0.72164543276708715E+00
   0.73882759000537013E+00
   0.75600974724365311E+00
   0.77319190448193609E+00
   0.79037406172021907E+00
   0.80755621895850205E+00
   0.82473837619678503E+00
   0.84192053343506801E+00
   0.85910269067335099E+00
   0.87628484791163397E+00
   0.89346700514991695E+00
   0.91064916238819993E+00
   0.92783131962648291E+00
   0.94501347686476589E+00
   0.96219563410304887E+00
   0.97937779134133185E+00
   0.99655994857961483E+00
   0.10137421058178979E+01
   0.10309242630561810E+01
   0.10481064202944641E+01
   0.10652885775327472E+01
   0.10824707347710303E+01
   0.10996528920093134E+01
