0.10716201655661E+01     0.00000000000000E+00
0.10814386017427E+01     0.00000000000000E+00
0.10912570379194E+01     0.00000000000000E+00
0.11010754740960E+01     0.15104338378906E+04
0.11108939102726E+01     0.87726647949219E+03
0.11207123464492E+01     0.20597434082031E+04
0.11305307826259E+01     0.35345466308594E+04
0.11403492188025E+01     0.52137622070313E+04
0.11501676549791E+01     0.70465454101563E+04
0.11599860911558E+01     0.90137900390625E+04
0.11698045273324E+01     0.11123389648438E+05
0.11796229635090E+01     0.13405521484375E+05
0.11894413996857E+01     0.15904166992188E+05
0.11992598358623E+01     0.18700498046875E+05
0.12090782720389E+01     0.21853230468750E+05
0.12188967082156E+01     0.24775210937500E+05
0.12287151443922E+01     0.28353281250000E+05
0.12385335805688E+01     0.32896234375000E+05
0.12483520167454E+01     0.38436976562500E+05
0.12581704529221E+01     0.45006957031250E+05
0.12679888890987E+01     0.52639179687500E+05
0.12778073252753E+01     0.61372097656250E+05
0.12876257614520E+01     0.71258531250000E+05
0.12974441976286E+01     0.82393367187500E+05
0.13072626338052E+01     0.94978445312500E+05
0.13170810699819E+01     0.10856389062500E+06
0.13268995061585E+01     0.12363321093750E+06
0.13367179423351E+01     0.14035339062500E+06
0.13465363785118E+01     0.15885315625000E+06
0.13563548146884E+01     0.17926553125000E+06
0.13661732508650E+01     0.20172790625000E+06
0.13759916870416E+01     0.22638051562500E+06
0.13858101232183E+01     0.25336607812500E+06
0.13956285593949E+01     0.28282793750000E+06
0.14054469955715E+01     0.31490887500000E+06
0.14152654317482E+01     0.34974900000000E+06
0.14250838679248E+01     0.38748353125000E+06
0.14349023041014E+01     0.42824028125000E+06
0.14447207402781E+01     0.47213631250000E+06
0.14545391764547E+01     0.51927518750000E+06
0.14643576126313E+01     0.56974193750000E+06
0.14741760488080E+01     0.62360031250000E+06
0.14839944849846E+01     0.68088625000000E+06
0.14938129211612E+01     0.74160525000000E+06
0.15036313573378E+01     0.80572368750000E+06
0.15134497935145E+01     0.87316768750000E+06
0.15232682296911E+01     0.94381187500000E+06
0.15330866658677E+01     0.10174806875000E+07
0.15429051020444E+01     0.10939347500000E+07
0.15527235382210E+01     0.11728758750000E+07
0.15625419743976E+01     0.12539315000000E+07
0.15723604105743E+01     0.13366645000000E+07
0.15821788467509E+01     0.14205568750000E+07
0.15919972829275E+01     0.15050263750000E+07
0.16018157191042E+01     0.15894091250000E+07
0.16116341552808E+01     0.16729856250000E+07
0.16214525914574E+01     0.17549632500000E+07
0.16312710276340E+01     0.18345120000000E+07
0.16410894638107E+01     0.19107483750000E+07
0.16509078999873E+01     0.19827806250000E+07
0.16607263361639E+01     0.20496936250000E+07
0.16705447723406E+01     0.21106030000000E+07
0.16803632085172E+01     0.21646407500000E+07
0.16901816446938E+01     0.22110137500000E+07
0.17000000808705E+01     0.22489880000000E+07
0.17098185170471E+01     0.22779502500000E+07
0.17196369532237E+01     0.22973857500000E+07
0.17294553894003E+01     0.23069372500000E+07
0.17392738255770E+01     0.23063747500000E+07
0.17490922617536E+01     0.22956480000000E+07
0.17589106979302E+01     0.22748462500000E+07
0.17687291341069E+01     0.22442392500000E+07
0.17785475702835E+01     0.22042292500000E+07
0.17883660064601E+01     0.21553787500000E+07
0.17981844426368E+01     0.20983565000000E+07
0.18080028788134E+01     0.20339552500000E+07
0.18178213149900E+01     0.19630331250000E+07
0.18276397511667E+01     0.18865261250000E+07
0.18374581873433E+01     0.18053901250000E+07
0.18472766235199E+01     0.17206096250000E+07
0.18570950596965E+01     0.16331465000000E+07
0.18669134958732E+01     0.15439471250000E+07
0.18767319320498E+01     0.14539011250000E+07
0.18865503682264E+01     0.13638493750000E+07
0.18963688044031E+01     0.12745531250000E+07
0.19061872405797E+01     0.11867041250000E+07
0.19160056767563E+01     0.11009041250000E+07
0.19258241129330E+01     0.10176761250000E+07
0.19356425491096E+01     0.93745337500000E+06
0.19454609852862E+01     0.86059106250000E+06
0.19552794214629E+01     0.78736243750000E+06
0.19650978576395E+01     0.71797025000000E+06
0.19749162938161E+01     0.65254781250000E+06
0.19847347299927E+01     0.59116931250000E+06
0.19945531661694E+01     0.53385387500000E+06
0.20043716023460E+01     0.48057471875000E+06
0.20141900385226E+01     0.43126421875000E+06
0.20240084746993E+01     0.38582140625000E+06
0.20338269108759E+01     0.34411771875000E+06
0.20436453470525E+01     0.30600234375000E+06
0.20534637832292E+01     0.27130787500000E+06
0.20632822194058E+01     0.23985410937500E+06
0.20731006555824E+01     0.21145275000000E+06
0.20829190917591E+01     0.18591000000000E+06
0.20927375279357E+01     0.16303040625000E+06
0.21025559641123E+01     0.14261842187500E+06
0.21123744002889E+01     0.12448111718750E+06
0.21221928364656E+01     0.10842929687500E+06
0.21320112726422E+01     0.94279007812500E+05
0.21418297088188E+01     0.81851718750000E+05
0.21516481449955E+01     0.70865101562500E+05
0.21614665811721E+01     0.61091105468750E+05
0.21712850173487E+01     0.52492464843750E+05
0.21811034535254E+01     0.45008953125000E+05
0.21909218897020E+01     0.38684328125000E+05
0.22007403258786E+01     0.33570898437500E+05
0.22105587620553E+01     0.29620574218750E+05
0.22203771982319E+01     0.26505332031250E+05
0.22301956344085E+01     0.22528966796875E+05
0.22400140705852E+01     0.12387322265625E+05
0.22498325067618E+01     0.10465522460938E+05
0.22596509429384E+01     0.79852089843750E+04
0.22694693791150E+01     0.55945708007813E+04
0.22792878152917E+01     0.33557719726563E+04
0.22891062514683E+01     0.14309199218750E+04
0.22989246876449E+01     0.39981866455078E+03
0.23087431238216E+01     0.00000000000000E+00
0.23185615599982E+01     0.00000000000000E+00
0.23283799961748E+01     0.00000000000000E+00
