0.10716201655661E+01     0.00000000000000E+00
0.10814386017427E+01     0.00000000000000E+00
0.10912570379194E+01     0.00000000000000E+00
0.11010754740960E+01     0.10536660766602E+03
0.11108939102726E+01     0.95300469970703E+03
0.11207123464492E+01     0.20666354980469E+04
0.11305307826259E+01     0.37011069335938E+04
0.11403492188025E+01     0.51993618164063E+04
0.11501676549791E+01     0.72734150390625E+04
0.11599860911558E+01     0.89780234375000E+04
0.11698045273324E+01     0.11390313476563E+05
0.11796229635090E+01     0.13362123046875E+05
0.11894413996857E+01     0.16214152343750E+05
0.11992598358623E+01     0.18647291015625E+05
0.12090782720389E+01     0.22185039062500E+05
0.12188967082156E+01     0.24905474609375E+05
0.12287151443922E+01     0.28916341796875E+05
0.12385335805688E+01     0.33137562500000E+05
0.12483520167454E+01     0.39012683593750E+05
0.12581704529221E+01     0.45170039062500E+05
0.12679888890987E+01     0.53026589843750E+05
0.12778073252753E+01     0.61266371093750E+05
0.12876257614520E+01     0.71303750000000E+05
0.12974441976286E+01     0.81942796875000E+05
0.13072626338052E+01     0.94672515625000E+05
0.13170810699819E+01     0.10778211718750E+06
0.13268995061585E+01     0.12292475000000E+06
0.13367179423351E+01     0.13914290625000E+06
0.13465363785118E+01     0.15760464062500E+06
0.13563548146884E+01     0.17748554687500E+06
0.13661732508650E+01     0.19976959375000E+06
0.13759916870416E+01     0.22386196875000E+06
0.13858101232183E+01     0.25049865625000E+06
0.13956285593949E+01     0.27937450000000E+06
0.14054469955715E+01     0.31090687500000E+06
0.14152654317482E+01     0.34514203125000E+06
0.14250838679248E+01     0.38210340625000E+06
0.14349023041014E+01     0.42224915625000E+06
0.14447207402781E+01     0.46513140625000E+06
0.14545391764547E+01     0.51167543750000E+06
0.14643576126313E+01     0.56088550000000E+06
0.14741760488080E+01     0.61420043750000E+06
0.14839944849846E+01     0.67000425000000E+06
0.14938129211612E+01     0.73028287500000E+06
0.15036313573378E+01     0.79273575000000E+06
0.15134497935145E+01     0.85991300000000E+06
0.15232682296911E+01     0.92877800000000E+06
0.15330866658677E+01     0.10024428125000E+07
0.15429051020444E+01     0.10771001250000E+07
0.15527235382210E+01     0.11564022500000E+07
0.15625419743976E+01     0.12357583750000E+07
0.15723604105743E+01     0.13193208750000E+07
0.15821788467509E+01     0.14017297500000E+07
0.15919972829275E+01     0.14875830000000E+07
0.16018157191042E+01     0.15707971250000E+07
0.16116341552808E+01     0.16563556250000E+07
0.16214525914574E+01     0.17375318750000E+07
0.16312710276340E+01     0.18196373750000E+07
0.16410894638107E+01     0.18954200000000E+07
0.16509078999873E+01     0.19704745000000E+07
0.16607263361639E+01     0.20371757500000E+07
0.16705447723406E+01     0.21013767500000E+07
0.16803632085172E+01     0.21552590000000E+07
0.16901816446938E+01     0.22049295000000E+07
0.17000000808705E+01     0.22425712500000E+07
0.17098185170471E+01     0.22745517500000E+07
0.17196369532237E+01     0.22932465000000E+07
0.17294553894003E+01     0.23052882500000E+07
0.17392738255770E+01     0.23034090000000E+07
0.17490922617536E+01     0.22944900000000E+07
0.17589106979302E+01     0.22717410000000E+07
0.17687291341069E+01     0.22422342500000E+07
0.17785475702835E+01     0.21997242500000E+07
0.17883660064601E+01     0.21513730000000E+07
0.17981844426368E+01     0.20914945000000E+07
0.18080028788134E+01     0.20271961250000E+07
0.18178213149900E+01     0.19533292500000E+07
0.18276397511667E+01     0.18767756250000E+07
0.18374581873433E+01     0.17928843750000E+07
0.18472766235199E+01     0.17081361250000E+07
0.18570950596965E+01     0.16183396250000E+07
0.18669134958732E+01     0.15294145000000E+07
0.18767319320498E+01     0.14376075000000E+07
0.18865503682264E+01     0.13481483750000E+07
0.18963688044031E+01     0.12577201250000E+07
0.19061872405797E+01     0.11707748750000E+07
0.19160056767563E+01     0.10844465000000E+07
0.19258241129330E+01     0.10023625625000E+07
0.19356425491096E+01     0.92213162500000E+06
0.19454609852862E+01     0.84654850000000E+06
0.19552794214629E+01     0.77371806250000E+06
0.19650978576395E+01     0.70562762500000E+06
0.19749162938161E+01     0.64088956250000E+06
0.19847347299927E+01     0.58073581250000E+06
0.19945531661694E+01     0.52428087500000E+06
0.20043716023460E+01     0.47207556250000E+06
0.20141900385226E+01     0.42370940625000E+06
0.20240084746993E+01     0.37914556250000E+06
0.20338269108759E+01     0.33839631250000E+06
0.20436453470525E+01     0.30095134375000E+06
0.20534637832292E+01     0.26716103125000E+06
0.20632822194058E+01     0.23618346875000E+06
0.20731006555824E+01     0.20858020312500E+06
0.20829190917591E+01     0.18336037500000E+06
0.20927375279357E+01     0.16111240625000E+06
0.21025559641123E+01     0.14093662500000E+06
0.21123744002889E+01     0.12319217968750E+06
0.21221928364656E+01     0.10738104687500E+06
0.21320112726422E+01     0.93301367187500E+05
0.21418297088188E+01     0.81230507812500E+05
0.21516481449955E+01     0.69915898437500E+05
0.21614665811721E+01     0.60741773437500E+05
0.21712850173487E+01     0.51369582031250E+05
0.21811034535254E+01     0.44793800781250E+05
0.21909218897020E+01     0.37212617187500E+05
0.22007403258786E+01     0.33330781250000E+05
0.22105587620553E+01     0.27804677734375E+05
0.22203771982319E+01     0.26253212890625E+05
0.22301956344085E+01     0.21119597656250E+05
0.22400140705852E+01     0.12248306640625E+05
0.22498325067618E+01     0.81242065429688E+04
0.22596509429384E+01     0.73043320312500E+04
0.22694693791150E+01     0.40196127929688E+04
0.22792878152917E+01     0.30205090332031E+04
0.22891062514683E+01     0.86299963378906E+03
0.22989246876449E+01     0.25067033386230E+03
0.23087431238216E+01     0.00000000000000E+00
0.23185615599982E+01     0.00000000000000E+00
0.23283799961748E+01     0.00000000000000E+00
