0.10716201655661E+01     0.00000000000000E+00
0.10814386017427E+01     0.00000000000000E+00
0.10912570379194E+01     0.00000000000000E+00
0.11010754740960E+01     0.13360385131836E+03
0.11108939102726E+01     0.88431805419922E+03
0.11207123464492E+01     0.20617121582031E+04
0.11305307826259E+01     0.35310922851563E+04
0.11403492188025E+01     0.52053916015625E+04
0.11501676549791E+01     0.70343427734375E+04
0.11599860911558E+01     0.89991445312500E+04
0.11698045273324E+01     0.11107747070313E+05
0.11796229635090E+01     0.13390284179688E+05
0.11894413996857E+01     0.15894829101563E+05
0.11992598358623E+01     0.18676933593750E+05
0.12090782720389E+01     0.21842607421875E+05
0.12188967082156E+01     0.24805970703125E+05
0.12287151443922E+01     0.28388150390625E+05
0.12385335805688E+01     0.32908707031250E+05
0.12483520167454E+01     0.38405992187500E+05
0.12581704529221E+01     0.44911125000000E+05
0.12679888890987E+01     0.52457648437500E+05
0.12778073252753E+01     0.61085898437500E+05
0.12876257614520E+01     0.70851859375000E+05
0.12974441976286E+01     0.81853125000000E+05
0.13072626338052E+01     0.94292132812500E+05
0.13170810699819E+01     0.10770892968750E+06
0.13268995061585E+01     0.12258400000000E+06
0.13367179423351E+01     0.13907900000000E+06
0.13465363785118E+01     0.15731926562500E+06
0.13563548146884E+01     0.17743437500000E+06
0.13661732508650E+01     0.19955817187500E+06
0.13759916870416E+01     0.22382743750000E+06
0.13858101232183E+01     0.25038156250000E+06
0.13956285593949E+01     0.27936084375000E+06
0.14054469955715E+01     0.31090546875000E+06
0.14152654317482E+01     0.34515353125000E+06
0.14250838679248E+01     0.38223909375000E+06
0.14349023041014E+01     0.42229006250000E+06
0.14447207402781E+01     0.46542471875000E+06
0.14545391764547E+01     0.51174965625000E+06
0.14643576126313E+01     0.56135487500000E+06
0.14741760488080E+01     0.61431143750000E+06
0.14839944849846E+01     0.67066481250000E+06
0.14938129211612E+01     0.73043325000000E+06
0.15036313573378E+01     0.79359825000000E+06
0.15134497935145E+01     0.86010450000000E+06
0.15232682296911E+01     0.92984750000000E+06
0.15330866658677E+01     0.10026757500000E+07
0.15429051020444E+01     0.10783755000000E+07
0.15527235382210E+01     0.11566757500000E+07
0.15625419743976E+01     0.12372315000000E+07
0.15723604105743E+01     0.13196327500000E+07
0.15821788467509E+01     0.14033857500000E+07
0.15919972829275E+01     0.14879295000000E+07
0.16018157191042E+01     0.15726155000000E+07
0.16116341552808E+01     0.16567322500000E+07
0.16214525914574E+01     0.17394867500000E+07
0.16312710276340E+01     0.18200385000000E+07
0.16410894638107E+01     0.18974825000000E+07
0.16509078999873E+01     0.19708942500000E+07
0.16607263361639E+01     0.20393153750000E+07
0.16705447723406E+01     0.21018087500000E+07
0.16803632085172E+01     0.21574455000000E+07
0.16901816446938E+01     0.22053680000000E+07
0.17000000808705E+01     0.22447757500000E+07
0.17098185170471E+01     0.22749910000000E+07
0.17196369532237E+01     0.22954417500000E+07
0.17294553894003E+01     0.23057230000000E+07
0.17392738255770E+01     0.23055707500000E+07
0.17490922617536E+01     0.22949157500000E+07
0.17589106979302E+01     0.22738460000000E+07
0.17687291341069E+01     0.22426465000000E+07
0.17785475702835E+01     0.22017507500000E+07
0.17883660064601E+01     0.21517672500000E+07
0.17981844426368E+01     0.20934210000000E+07
0.18080028788134E+01     0.20275682500000E+07
0.18178213149900E+01     0.19551343750000E+07
0.18276397511667E+01     0.18771213750000E+07
0.18374581873433E+01     0.17945472500000E+07
0.18472766235199E+01     0.17084512500000E+07
0.18570950596965E+01     0.16198403750000E+07
0.18669134958732E+01     0.15296953750000E+07
0.18767319320498E+01     0.14389283750000E+07
0.18865503682264E+01     0.13483916250000E+07
0.18963688044031E+01     0.12588472500000E+07
0.19061872405797E+01     0.11709782500000E+07
0.19160056767563E+01     0.10853703750000E+07
0.19258241129330E+01     0.10025248125000E+07
0.19356425491096E+01     0.92284881250000E+06
0.19454609852862E+01     0.84666956250000E+06
0.19552794214629E+01     0.77423131250000E+06
0.19650978576395E+01     0.70570862500000E+06
0.19749162938161E+01     0.64120800000000E+06
0.19847347299927E+01     0.58077931250000E+06
0.19945531661694E+01     0.52442018750000E+06
0.20043716023460E+01     0.47208531250000E+06
0.20141900385226E+01     0.42369190625000E+06
0.20240084746993E+01     0.37912684375000E+06
0.20338269108759E+01     0.33825234375000E+06
0.20436453470525E+01     0.30091109375000E+06
0.20534637832292E+01     0.26693153125000E+06
0.20632822194058E+01     0.23613121875000E+06
0.20731006555824E+01     0.20832142187500E+06
0.20829190917591E+01     0.18330923437500E+06
0.20927375279357E+01     0.16090112500000E+06
0.21025559641123E+01     0.14090429687500E+06
0.21123744002889E+01     0.12312909375000E+06
0.21221928364656E+01     0.10738999218750E+06
0.21320112726422E+01     0.93506898437500E+05
0.21418297088188E+01     0.81305984375000E+05
0.21516481449955E+01     0.70510750000000E+05
0.21614665811721E+01     0.60877804687500E+05
0.21712850173487E+01     0.52359414062500E+05
0.21811034535254E+01     0.44921609375000E+05
0.21909218897020E+01     0.38644632812500E+05
0.22007403258786E+01     0.33606750000000E+05
0.22105587620553E+01     0.29763486328125E+05
0.22203771982319E+01     0.26751222656250E+05
0.22301956344085E+01     0.23295417968750E+05
0.22400140705852E+01     0.12889683593750E+05
0.22498325067618E+01     0.10362149414063E+05
0.22596509429384E+01     0.79062651367188E+04
0.22694693791150E+01     0.55375458984375E+04
0.22792878152917E+01     0.33191230468750E+04
0.22891062514683E+01     0.14121423339844E+04
0.22989246876449E+01     0.16083839416504E+03
0.23087431238216E+01     0.00000000000000E+00
0.23185615599982E+01     0.00000000000000E+00
0.23283799961748E+01     0.00000000000000E+00
