0.10716201655661E+01     0.00000000000000E+00
0.10814386017427E+01     0.00000000000000E+00
0.10912570379194E+01     0.00000000000000E+00
0.11010754740960E+01     -.67760115489364E-02
0.11108939102726E+01     0.11544809676707E-01
0.11207123464492E+01     0.19057111442089E+00
0.11305307826259E+01     0.62269085645676E+00
0.11403492188025E+01     0.13520334959030E+01
0.11501676549791E+01     0.23855640888214E+01
0.11599860911558E+01     0.37066423892975E+01
0.11698045273324E+01     0.52837810516357E+01
0.11796229635090E+01     0.70355906486511E+01
0.11894413996857E+01     0.85309734344482E+01
0.11992598358623E+01     -.16970821380615E+02
0.12090782720389E+01     0.29816547393799E+02
0.12188967082156E+01     0.20247097015381E+02
0.12287151443922E+01     0.24648925781250E+02
0.12385335805688E+01     0.34231719970703E+02
0.12483520167454E+01     0.49353668212891E+02
0.12581704529221E+01     0.70983306884766E+02
0.12679888890987E+01     0.10008810424805E+03
0.12778073252753E+01     0.13747856140137E+03
0.12876257614520E+01     0.18373130798340E+03
0.12974441976286E+01     0.23939619445801E+03
0.13072626338052E+01     0.30595498657227E+03
0.13170810699819E+01     0.38493072509766E+03
0.13268995061585E+01     0.48007284545898E+03
0.13367179423351E+01     0.59422570800781E+03
0.13465363785118E+01     0.73041833496094E+03
0.13563548146884E+01     0.89207464599609E+03
0.13661732508650E+01     0.10830012207031E+04
0.13759916870416E+01     0.13074641113281E+04
0.13858101232183E+01     0.15701539306641E+04
0.13956285593949E+01     0.18762736816406E+04
0.14054469955715E+01     0.22314709472656E+04
0.14152654317482E+01     0.26419333496094E+04
0.14250838679248E+01     0.31142722167969E+04
0.14349023041014E+01     0.36556201171875E+04
0.14447207402781E+01     0.42734477539063E+04
0.14545391764547E+01     0.49756552734375E+04
0.14643576126313E+01     0.57703007812500E+04
0.14741760488080E+01     0.66656757812500E+04
0.14839944849846E+01     0.76699208984375E+04
0.14938129211612E+01     0.87910761718750E+04
0.15036313573378E+01     0.10036569335938E+05
0.15134497935145E+01     0.11413228515625E+05
0.15232682296911E+01     0.12926632812500E+05
0.15330866658677E+01     0.14581095703125E+05
0.15429051020444E+01     0.16378887695313E+05
0.15527235382210E+01     0.18320207031250E+05
0.15625419743976E+01     0.20402310546875E+05
0.15723604105743E+01     0.22619525390625E+05
0.15821788467509E+01     0.24962353515625E+05
0.15919972829275E+01     0.27417609375000E+05
0.16018157191042E+01     0.29967611328125E+05
0.16116341552808E+01     0.32590527343750E+05
0.16214525914574E+01     0.35259812500000E+05
0.16312710276340E+01     0.37944882812500E+05
0.16410894638107E+01     0.40610902343750E+05
0.16509078999873E+01     0.43219875000000E+05
0.16607263361639E+01     0.45730890625000E+05
0.16705447723406E+01     0.48101625000000E+05
0.16803632085172E+01     0.50289027343750E+05
0.16901816446938E+01     0.52251148437500E+05
0.17000000808705E+01     0.53948066406250E+05
0.17098185170471E+01     0.55343867187500E+05
0.17196369532237E+01     0.56407539062500E+05
0.17294553894003E+01     0.57114734375000E+05
0.17392738255770E+01     0.57448339843750E+05
0.17490922617536E+01     0.57399710937500E+05
0.17589106979302E+01     0.56968621093750E+05
0.17687291341069E+01     0.56163777343750E+05
0.17785475702835E+01     0.55002000000000E+05
0.17883660064601E+01     0.53508023437500E+05
0.17981844426368E+01     0.51712988281250E+05
0.18080028788134E+01     0.49653703125000E+05
0.18178213149900E+01     0.47370714843750E+05
0.18276397511667E+01     0.44907312500000E+05
0.18374581873433E+01     0.42307542968750E+05
0.18472766235199E+01     0.39615312500000E+05
0.18570950596965E+01     0.36872597656250E+05
0.18669134958732E+01     0.34118910156250E+05
0.18767319320498E+01     0.31389925781250E+05
0.18865503682264E+01     0.28717400390625E+05
0.18963688044031E+01     0.26128271484375E+05
0.19061872405797E+01     0.23645015625000E+05
0.19160056767563E+01     0.21285171875000E+05
0.19258241129330E+01     0.19062025390625E+05
0.19356425491096E+01     0.16984425781250E+05
0.19454609852862E+01     0.15057666992188E+05
0.19552794214629E+01     0.13283484375000E+05
0.19650978576395E+01     0.11660965820313E+05
0.19749162938161E+01     0.10186635742188E+05
0.19847347299927E+01     0.88552998046875E+04
0.19945531661694E+01     0.76601328125000E+04
0.20043716023460E+01     0.65934028320313E+04
0.20141900385226E+01     0.56465273437500E+04
0.20240084746993E+01     0.48106411132813E+04
0.20338269108759E+01     0.40766174316406E+04
0.20436453470525E+01     0.34354824218750E+04
0.20534637832292E+01     0.28783981933594E+04
0.20632822194058E+01     0.23969475097656E+04
0.20731006555824E+01     0.19830883789063E+04
0.20829190917591E+01     0.16293317871094E+04
0.20927375279357E+01     0.13286827392578E+04
0.21025559641123E+01     0.10747365722656E+04
0.21123744002889E+01     0.86161657714844E+03
0.21221928364656E+01     0.68401232910156E+03
0.21320112726422E+01     0.53712188720703E+03
0.21418297088188E+01     0.41665121459961E+03
0.21516481449955E+01     0.31686740112305E+03
0.21614665811721E+01     0.23926884460449E+03
0.21712850173487E+01     0.18482806396484E+03
0.21811034535254E+01     0.14434123229980E+03
0.21909218897020E+01     0.10989442443848E+03
0.22007403258786E+01     0.76869758605957E+02
0.22105587620553E+01     0.44893367767334E+02
0.22203771982319E+01     0.17779935836792E+02
0.22301956344085E+01     -.20963994140625E+04
0.22400140705852E+01     0.36618629455566E+02
0.22498325067618E+01     0.25444622039795E+02
0.22596509429384E+01     0.16498285293579E+02
0.22694693791150E+01     0.94862003326416E+01
0.22792878152917E+01     0.43462042808533E+01
0.22891062514683E+01     0.11959594488144E+01
0.22989246876449E+01     0.44657975435257E-01
0.23087431238216E+01     0.00000000000000E+00
0.23185615599982E+01     0.00000000000000E+00
0.23283799961748E+01     0.00000000000000E+00
