0.10716201655661E+01     0.00000000000000E+00
0.10814386017427E+01     0.00000000000000E+00
0.10912570379194E+01     0.00000000000000E+00
0.11010754740960E+01     0.12472882812500E+05
0.11108939102726E+01     -.13677767753601E+02
0.11207123464492E+01     0.99222137451172E+02
0.11305307826259E+01     0.23235926818848E+03
0.11403492188025E+01     0.37389309692383E+03
0.11501676549791E+01     0.51661279296875E+03
0.11599860911558E+01     0.65760662841797E+03
0.11698045273324E+01     0.79775177001953E+03
0.11796229635090E+01     0.94022155761719E+03
0.11894413996857E+01     0.10556889648438E+04
0.11992598358623E+01     0.13563209228516E+04
0.12090782720389E+01     0.14673068847656E+04
0.12188967082156E+01     0.13525479736328E+04
0.12287151443922E+01     0.15804765625000E+04
0.12385335805688E+01     0.20802031250000E+04
0.12483520167454E+01     0.28077578125000E+04
0.12581704529221E+01     0.37639763183594E+04
0.12679888890987E+01     0.49438383789063E+04
0.12778073252753E+01     0.63336752929688E+04
0.12876257614520E+01     0.79133388671875E+04
0.12974441976286E+01     0.96704238281250E+04
0.13072626338052E+01     0.11616762695313E+05
0.13170810699819E+01     0.13788093750000E+05
0.13268995061585E+01     0.16238394531250E+05
0.13367179423351E+01     0.19013871093750E+05
0.13465363785118E+01     0.22144087890625E+05
0.13563548146884E+01     0.25659310546875E+05
0.13661732508650E+01     0.29590152343750E+05
0.13759916870416E+01     0.33967039062500E+05
0.13858101232183E+01     0.38819597656250E+05
0.13956285593949E+01     0.44175757812500E+05
0.14054469955715E+01     0.50060937500000E+05
0.14152654317482E+01     0.56496671875000E+05
0.14250838679248E+01     0.63499621093750E+05
0.14349023041014E+01     0.71079609375000E+05
0.14447207402781E+01     0.79238523437500E+05
0.14545391764547E+01     0.87967671875000E+05
0.14643576126313E+01     0.97246734375000E+05
0.14741760488080E+01     0.10704044531250E+06
0.14839944849846E+01     0.11729785937500E+06
0.14938129211612E+01     0.12794846875000E+06
0.15036313573378E+01     0.13890217187500E+06
0.15134497935145E+01     0.15004517187500E+06
0.15232682296911E+01     0.16124115625000E+06
0.15330866658677E+01     0.17232745312500E+06
0.15429051020444E+01     0.18311826562500E+06
0.15527235382210E+01     0.19340156250000E+06
0.15625419743976E+01     0.20294521875000E+06
0.15723604105743E+01     0.21149546875000E+06
0.15821788467509E+01     0.21878637500000E+06
0.15919972829275E+01     0.22454062500000E+06
0.16018157191042E+01     0.22848248437500E+06
0.16116341552808E+01     0.23034120312500E+06
0.16214525914574E+01     0.22986679687500E+06
0.16312710276340E+01     0.22683556250000E+06
0.16410894638107E+01     0.22106728125000E+06
0.16509078999873E+01     0.21243117187500E+06
0.16607263361639E+01     0.20086198437500E+06
0.16705447723406E+01     0.18636417187500E+06
0.16803632085172E+01     0.16902343750000E+06
0.16901816446938E+01     0.14900667187500E+06
0.17000000808705E+01     0.12656581250000E+06
0.17098185170471E+01     0.10203157031250E+06
0.17196369532237E+01     0.75807804687500E+05
0.17294553894003E+01     0.48358703125000E+05
0.17392738255770E+01     0.20194205078125E+05
0.17490922617536E+01     -.81475517578125E+04
0.17589106979302E+01     -.36120898437500E+05
0.17687291341069E+01     -.63190960937500E+05
0.17785475702835E+01     -.88855937500000E+05
0.17883660064601E+01     -.11266155468750E+06
0.17981844426368E+01     -.13422021875000E+06
0.18080028788134E+01     -.15321779687500E+06
0.18178213149900E+01     -.16942629687500E+06
0.18276397511667E+01     -.18270135937500E+06
0.18374581873433E+01     -.19298729687500E+06
0.18472766235199E+01     -.20030620312500E+06
0.18570950596965E+01     -.20475656250000E+06
0.18669134958732E+01     -.20649662500000E+06
0.18767319320498E+01     -.20573921875000E+06
0.18865503682264E+01     -.20273289062500E+06
0.18963688044031E+01     -.19775575000000E+06
0.19061872405797E+01     -.19109753125000E+06
0.19160056767563E+01     -.18305467187500E+06
0.19258241129330E+01     -.17391550000000E+06
0.19356425491096E+01     -.16395767187500E+06
0.19454609852862E+01     -.15343746875000E+06
0.19552794214629E+01     -.14258970312500E+06
0.19650978576395E+01     -.13162121875000E+06
0.19749162938161E+01     -.12071274218750E+06
0.19847347299927E+01     -.11001581250000E+06
0.19945531661694E+01     -.99655921875000E+05
0.20043716023460E+01     -.89731960937500E+05
0.20141900385226E+01     -.80319828125000E+05
0.20240084746993E+01     -.71473437500000E+05
0.20338269108759E+01     -.63228253906250E+05
0.20436453470525E+01     -.55603105468750E+05
0.20534637832292E+01     -.48603207031250E+05
0.20632822194058E+01     -.42222281250000E+05
0.20731006555824E+01     -.36444886718750E+05
0.20829190917591E+01     -.31248458984375E+05
0.20927375279357E+01     -.26604966796875E+05
0.21025559641123E+01     -.22482681640625E+05
0.21123744002889E+01     -.18847216796875E+05
0.21221928364656E+01     -.15662952148438E+05
0.21320112726422E+01     -.12893610351563E+05
0.21418297088188E+01     -.10499095703125E+05
0.21516481449955E+01     -.84234619140625E+04
0.21614665811721E+01     -.67304394531250E+04
0.21712850173487E+01     -.54779511718750E+04
0.21811034535254E+01     -.45215605468750E+04
0.21909218897020E+01     -.36643271484375E+04
0.22007403258786E+01     -.27624475097656E+04
0.22105587620553E+01     -.17845354003906E+04
0.22203771982319E+01     -.89841693115234E+03
0.22301956344085E+01     0.24258718261719E+04
0.22400140705852E+01     0.18594249267578E+04
0.22498325067618E+01     -.14922772216797E+04
0.22596509429384E+01     -.11373997802734E+04
0.22694693791150E+01     -.80602575683594E+03
0.22792878152917E+01     -.49759045410156E+03
0.22891062514683E+01     -.23106263732910E+03
0.22989246876449E+01     -.14896687011719E+04
0.23087431238216E+01     0.00000000000000E+00
0.23185615599982E+01     0.00000000000000E+00
0.23283799961748E+01     0.00000000000000E+00
