0.10716201655661E+01     0.00000000000000E+00
0.10814386017427E+01     0.00000000000000E+00
0.10912570379194E+01     0.00000000000000E+00
0.11010754740960E+01     0.12350179190435E-06
0.11108939102726E+01     0.44455552483669E-06
0.11207123464492E+01     0.14430158898904E-05
0.11305307826259E+01     0.33408048238925E-05
0.11403492188025E+01     0.62454623730446E-05
0.11501676549791E+01     0.10160351848754E-04
0.11599860911558E+01     0.14994076991570E-04
0.11698045273324E+01     0.20569172193063E-04
0.11796229635090E+01     0.26628251362126E-04
0.11894413996857E+01     0.32826763344929E-04
0.11992598358623E+01     0.38263777241809E-04
0.12090782720389E+01     0.45285498345038E-04
0.12188967082156E+01     0.47064109821804E-04
0.12287151443922E+01     0.44179061660543E-04
0.12385335805688E+01     0.37912366678938E-04
0.12483520167454E+01     0.29370332413237E-04
0.12581704529221E+01     0.20022731405334E-04
0.12679888890987E+01     0.11468614502519E-04
0.12778073252753E+01     0.50485991778260E-05
0.12876257614520E+01     0.13989093758937E-05
0.12974441976286E+01     0.13158549450054E-06
0.13072626338052E+01     0.26387639903008E-11
0.13170810699819E+01     0.00000000000000E+00
0.13268995061585E+01     0.00000000000000E+00
0.13367179423351E+01     0.00000000000000E+00
0.13465363785118E+01     0.00000000000000E+00
0.13563548146884E+01     0.00000000000000E+00
0.13661732508650E+01     0.00000000000000E+00
0.13759916870416E+01     0.00000000000000E+00
0.13858101232183E+01     0.00000000000000E+00
0.13956285593949E+01     0.00000000000000E+00
0.14054469955715E+01     0.00000000000000E+00
0.14152654317482E+01     0.00000000000000E+00
0.14250838679248E+01     0.00000000000000E+00
0.14349023041014E+01     0.00000000000000E+00
0.14447207402781E+01     0.00000000000000E+00
0.14545391764547E+01     0.00000000000000E+00
0.14643576126313E+01     0.00000000000000E+00
0.14741760488080E+01     0.00000000000000E+00
0.14839944849846E+01     0.00000000000000E+00
0.14938129211612E+01     0.00000000000000E+00
0.15036313573378E+01     0.00000000000000E+00
0.15134497935145E+01     0.00000000000000E+00
0.15232682296911E+01     0.00000000000000E+00
0.15330866658677E+01     0.00000000000000E+00
0.15429051020444E+01     0.00000000000000E+00
0.15527235382210E+01     0.00000000000000E+00
0.15625419743976E+01     0.00000000000000E+00
0.15723604105743E+01     0.00000000000000E+00
0.15821788467509E+01     0.00000000000000E+00
0.15919972829275E+01     0.00000000000000E+00
0.16018157191042E+01     0.00000000000000E+00
0.16116341552808E+01     0.00000000000000E+00
0.16214525914574E+01     0.00000000000000E+00
0.16312710276340E+01     0.00000000000000E+00
0.16410894638107E+01     0.00000000000000E+00
0.16509078999873E+01     0.00000000000000E+00
0.16607263361639E+01     0.00000000000000E+00
0.16705447723406E+01     0.00000000000000E+00
0.16803632085172E+01     0.00000000000000E+00
0.16901816446938E+01     0.00000000000000E+00
0.17000000808705E+01     0.00000000000000E+00
0.17098185170471E+01     0.00000000000000E+00
0.17196369532237E+01     0.00000000000000E+00
0.17294553894003E+01     0.00000000000000E+00
0.17392738255770E+01     0.00000000000000E+00
0.17490922617536E+01     0.00000000000000E+00
0.17589106979302E+01     0.00000000000000E+00
0.17687291341069E+01     0.00000000000000E+00
0.17785475702835E+01     0.00000000000000E+00
0.17883660064601E+01     0.00000000000000E+00
0.17981844426368E+01     0.00000000000000E+00
0.18080028788134E+01     0.00000000000000E+00
0.18178213149900E+01     0.00000000000000E+00
0.18276397511667E+01     0.00000000000000E+00
0.18374581873433E+01     0.00000000000000E+00
0.18472766235199E+01     0.00000000000000E+00
0.18570950596965E+01     0.00000000000000E+00
0.18669134958732E+01     0.00000000000000E+00
0.18767319320498E+01     0.00000000000000E+00
0.18865503682264E+01     0.00000000000000E+00
0.18963688044031E+01     0.00000000000000E+00
0.19061872405797E+01     0.00000000000000E+00
0.19160056767563E+01     0.00000000000000E+00
0.19258241129330E+01     0.00000000000000E+00
0.19356425491096E+01     0.00000000000000E+00
0.19454609852862E+01     0.00000000000000E+00
0.19552794214629E+01     0.00000000000000E+00
0.19650978576395E+01     0.00000000000000E+00
0.19749162938161E+01     0.00000000000000E+00
0.19847347299927E+01     0.00000000000000E+00
0.19945531661694E+01     0.00000000000000E+00
0.20043716023460E+01     0.00000000000000E+00
0.20141900385226E+01     0.00000000000000E+00
0.20240084746993E+01     0.00000000000000E+00
0.20338269108759E+01     0.00000000000000E+00
0.20436453470525E+01     0.00000000000000E+00
0.20534637832292E+01     0.00000000000000E+00
0.20632822194058E+01     0.00000000000000E+00
0.20731006555824E+01     0.00000000000000E+00
0.20829190917591E+01     0.00000000000000E+00
0.20927375279357E+01     0.00000000000000E+00
0.21025559641123E+01     0.00000000000000E+00
0.21123744002889E+01     0.00000000000000E+00
0.21221928364656E+01     0.00000000000000E+00
0.21320112726422E+01     0.00000000000000E+00
0.21418297088188E+01     0.00000000000000E+00
0.21516481449955E+01     0.36373131173661E-08
0.21614665811721E+01     0.69214087261571E-06
0.21712850173487E+01     0.45466526898963E-05
0.21811034535254E+01     0.12655656064453E-04
0.21909218897020E+01     0.22859881937620E-04
0.22007403258786E+01     0.31108571420191E-04
0.22105587620553E+01     0.34043256164296E-04
0.22203771982319E+01     0.30677678296342E-04
0.22301956344085E+01     0.23670540031162E-04
0.22400140705852E+01     0.87935419287533E-04
0.22498325067618E+01     0.59590536693577E-04
0.22596509429384E+01     0.36296321923146E-04
0.22694693791150E+01     0.18943115719594E-04
0.22792878152917E+01     0.76957667261013E-05
0.22891062514683E+01     0.19537453681551E-05
0.22989246876449E+01     0.28515458438960E-06
0.23087431238216E+01     0.00000000000000E+00
0.23185615599982E+01     0.00000000000000E+00
0.23283799961748E+01     0.00000000000000E+00
