0.10716201655661E+01     0.00000000000000E+00
0.10814386017427E+01     0.00000000000000E+00
0.10912570379194E+01     0.00000000000000E+00
0.11010754740960E+01     0.32367746829987E+01
0.11108939102726E+01     0.26394515037537E+01
0.11207123464492E+01     0.22738354206085E+01
0.11305307826259E+01     0.20069735050201E+01
0.11403492188025E+01     0.17976142168045E+01
0.11501676549791E+01     0.16254034042358E+01
0.11599860911558E+01     0.14788321256638E+01
0.11698045273324E+01     0.13506979942322E+01
0.11796229635090E+01     0.12360208034515E+01
0.11894413996857E+01     0.11304643154144E+01
0.11992598358623E+01     0.10136986970901E+01
0.12090782720389E+01     0.97367364168167E+00
0.12188967082156E+01     0.83701050281525E+00
0.12287151443922E+01     0.69436943531036E+00
0.12385335805688E+01     0.56440180540085E+00
0.12483520167454E+01     0.44483917951584E+00
0.12581704529221E+01     0.33445984125137E+00
0.12679888890987E+01     0.23371045291424E+00
0.12778073252753E+01     0.14478687942028E+00
0.12876257614520E+01     0.71787156164646E-01
0.12974441976286E+01     0.20865714177489E-01
0.13072626338052E+01     0.88884626165964E-04
0.13170810699819E+01     0.00000000000000E+00
0.13268995061585E+01     0.00000000000000E+00
0.13367179423351E+01     0.00000000000000E+00
0.13465363785118E+01     0.00000000000000E+00
0.13563548146884E+01     0.00000000000000E+00
0.13661732508650E+01     0.00000000000000E+00
0.13759916870416E+01     0.00000000000000E+00
0.13858101232183E+01     0.00000000000000E+00
0.13956285593949E+01     0.00000000000000E+00
0.14054469955715E+01     0.00000000000000E+00
0.14152654317482E+01     0.00000000000000E+00
0.14250838679248E+01     0.00000000000000E+00
0.14349023041014E+01     0.00000000000000E+00
0.14447207402781E+01     0.00000000000000E+00
0.14545391764547E+01     0.00000000000000E+00
0.14643576126313E+01     0.00000000000000E+00
0.14741760488080E+01     0.00000000000000E+00
0.14839944849846E+01     0.00000000000000E+00
0.14938129211612E+01     0.00000000000000E+00
0.15036313573378E+01     0.00000000000000E+00
0.15134497935145E+01     0.00000000000000E+00
0.15232682296911E+01     0.00000000000000E+00
0.15330866658677E+01     0.00000000000000E+00
0.15429051020444E+01     0.00000000000000E+00
0.15527235382210E+01     0.00000000000000E+00
0.15625419743976E+01     0.00000000000000E+00
0.15723604105743E+01     0.00000000000000E+00
0.15821788467509E+01     0.00000000000000E+00
0.15919972829275E+01     0.00000000000000E+00
0.16018157191042E+01     0.00000000000000E+00
0.16116341552808E+01     0.00000000000000E+00
0.16214525914574E+01     0.00000000000000E+00
0.16312710276340E+01     0.00000000000000E+00
0.16410894638107E+01     0.00000000000000E+00
0.16509078999873E+01     0.00000000000000E+00
0.16607263361639E+01     0.00000000000000E+00
0.16705447723406E+01     0.00000000000000E+00
0.16803632085172E+01     0.00000000000000E+00
0.16901816446938E+01     0.00000000000000E+00
0.17000000808705E+01     0.00000000000000E+00
0.17098185170471E+01     0.00000000000000E+00
0.17196369532237E+01     0.00000000000000E+00
0.17294553894003E+01     0.00000000000000E+00
0.17392738255770E+01     0.00000000000000E+00
0.17490922617536E+01     0.00000000000000E+00
0.17589106979302E+01     0.00000000000000E+00
0.17687291341069E+01     0.00000000000000E+00
0.17785475702835E+01     0.00000000000000E+00
0.17883660064601E+01     0.00000000000000E+00
0.17981844426368E+01     0.00000000000000E+00
0.18080028788134E+01     0.00000000000000E+00
0.18178213149900E+01     0.00000000000000E+00
0.18276397511667E+01     0.00000000000000E+00
0.18374581873433E+01     0.00000000000000E+00
0.18472766235199E+01     0.00000000000000E+00
0.18570950596965E+01     0.00000000000000E+00
0.18669134958732E+01     0.00000000000000E+00
0.18767319320498E+01     0.00000000000000E+00
0.18865503682264E+01     0.00000000000000E+00
0.18963688044031E+01     0.00000000000000E+00
0.19061872405797E+01     0.00000000000000E+00
0.19160056767563E+01     0.00000000000000E+00
0.19258241129330E+01     0.00000000000000E+00
0.19356425491096E+01     0.00000000000000E+00
0.19454609852862E+01     0.00000000000000E+00
0.19552794214629E+01     0.00000000000000E+00
0.19650978576395E+01     0.00000000000000E+00
0.19749162938161E+01     0.00000000000000E+00
0.19847347299927E+01     0.00000000000000E+00
0.19945531661694E+01     0.00000000000000E+00
0.20043716023460E+01     0.00000000000000E+00
0.20141900385226E+01     0.00000000000000E+00
0.20240084746993E+01     0.00000000000000E+00
0.20338269108759E+01     0.00000000000000E+00
0.20436453470525E+01     0.00000000000000E+00
0.20534637832292E+01     0.00000000000000E+00
0.20632822194058E+01     0.00000000000000E+00
0.20731006555824E+01     0.00000000000000E+00
0.20829190917591E+01     0.00000000000000E+00
0.20927375279357E+01     0.00000000000000E+00
0.21025559641123E+01     0.00000000000000E+00
0.21123744002889E+01     0.00000000000000E+00
0.21221928364656E+01     0.00000000000000E+00
0.21320112726422E+01     0.00000000000000E+00
0.21418297088188E+01     0.00000000000000E+00
0.21516481449955E+01     0.20454763434827E-02
0.21614665811721E+01     0.29712270945311E-01
0.21712850173487E+01     0.80403342843056E-01
0.21811034535254E+01     0.14162969589233E+00
0.21909218897020E+01     0.20087820291519E+00
0.22007403258786E+01     0.24800598621368E+00
0.22105587620553E+01     0.27749252319336E+00
0.22203771982319E+01     0.28785589337349E+00
0.22301956344085E+01     0.28385633230209E+00
0.22400140705852E+01     0.25093088150024E+01
0.22498325067618E+01     0.25822589397430E+01
0.22596509429384E+01     0.26938004493713E+01
0.22694693791150E+01     0.28618123531342E+01
0.22792878152917E+01     0.31208574771881E+01
0.22891062514683E+01     0.35483758449554E+01
0.22989246876449E+01     0.44630632400513E+01
0.23087431238216E+01     0.00000000000000E+00
0.23185615599982E+01     0.00000000000000E+00
0.23283799961748E+01     0.00000000000000E+00
