0.10716201655661E+01     0.00000000000000E+00
0.10814386017427E+01     0.00000000000000E+00
0.10912570379194E+01     0.00000000000000E+00
0.11010754740960E+01     0.30770554542542E+01
0.11108939102726E+01     0.24415762424469E+01
0.11207123464492E+01     0.20439529418945E+01
0.11305307826259E+01     0.17503199577332E+01
0.11403492188025E+01     0.15186600685120E+01
0.11501676549791E+01     0.13281742334366E+01
0.11599860911558E+01     0.11670935153961E+01
0.11698045273324E+01     0.10280781984329E+01
0.11796229635090E+01     0.90610641241074E+00
0.11894413996857E+01     0.79692995548248E+00
0.11992598358623E+01     0.68185544013977E+00
0.12090782720389E+01     0.64092576503754E+00
0.12188967082156E+01     0.51932203769684E+00
0.12287151443922E+01     0.40553262829781E+00
0.12385335805688E+01     0.31397828459740E+00
0.12483520167454E+01     0.23990100622177E+00
0.12581704529221E+01     0.17946594953537E+00
0.12679888890987E+01     0.13014233112335E+00
0.12778073252753E+01     0.90630948543549E-01
0.12876257614520E+01     0.60884192585945E-01
0.12974441976286E+01     0.42143929749727E-01
0.13072626338052E+01     0.36750391125679E-01
0.13170810699819E+01     0.40123537182808E-01
0.13268995061585E+01     0.43758425861597E-01
0.13367179423351E+01     0.47629240900278E-01
0.13465363785118E+01     0.51746264100075E-01
0.13563548146884E+01     0.56119717657566E-01
0.13661732508650E+01     0.60759805142879E-01
0.13759916870416E+01     0.65676495432854E-01
0.13858101232183E+01     0.70879496634007E-01
0.13956285593949E+01     0.76378047466278E-01
0.14054469955715E+01     0.82180842757225E-01
0.14152654317482E+01     0.88295772671700E-01
0.14250838679248E+01     0.94729788601398E-01
0.14349023041014E+01     0.10148868709803E+00
0.14447207402781E+01     0.10857680439949E+00
0.14545391764547E+01     0.11599689722061E+00
0.14643576126313E+01     0.12374965101480E+00
0.14741760488080E+01     0.13183367252350E+00
0.14839944849846E+01     0.14024481177330E+00
0.14938129211612E+01     0.14897628128529E+00
0.15036313573378E+01     0.15801776945591E+00
0.15134497935145E+01     0.16735580563545E+00
0.15232682296911E+01     0.17697256803513E+00
0.15330866658677E+01     0.18684655427933E+00
0.15429051020444E+01     0.19695124030113E+00
0.15527235382210E+01     0.20725597441196E+00
0.15625419743976E+01     0.21772445738316E+00
0.15723604105743E+01     0.22831615805626E+00
0.15821788467509E+01     0.23898452520370E+00
0.15919972829275E+01     0.24967898428440E+00
0.16018157191042E+01     0.26034292578697E+00
0.16116341552808E+01     0.27091637253761E+00
0.16214525914574E+01     0.28133392333984E+00
0.16312710276340E+01     0.29152786731720E+00
0.16410894638107E+01     0.30142626166344E+00
0.16509078999873E+01     0.31095662713051E+00
0.16607263361639E+01     0.32004395127296E+00
0.16705447723406E+01     0.32861492037773E+00
0.16803632085172E+01     0.33659589290619E+00
0.16901816446938E+01     0.34391748905182E+00
0.17000000808705E+01     0.35051247477531E+00
0.17098185170471E+01     0.35632064938545E+00
0.17196369532237E+01     0.36128622293472E+00
0.17294553894003E+01     0.36536282300949E+00
0.17392738255770E+01     0.36851060390472E+00
0.17490922617536E+01     0.37070086598396E+00
0.17589106979302E+01     0.37191274762154E+00
0.17687291341069E+01     0.37213745713234E+00
0.17785475702835E+01     0.37137448787689E+00
0.17883660064601E+01     0.36963528394699E+00
0.17981844426368E+01     0.36693918704987E+00
0.18080028788134E+01     0.36331644654274E+00
0.18178213149900E+01     0.35880383849144E+00
0.18276397511667E+01     0.35344746708870E+00
0.18374581873433E+01     0.34729805588722E+00
0.18472766235199E+01     0.34041342139244E+00
0.18570950596965E+01     0.33285391330719E+00
0.18669134958732E+01     0.32468459010124E+00
0.18767319320498E+01     0.31597107648849E+00
0.18865503682264E+01     0.30678123235703E+00
0.18963688044031E+01     0.29718178510666E+00
0.19061872405797E+01     0.28723970055580E+00
0.19160056767563E+01     0.27701923251152E+00
0.19258241129330E+01     0.26658332347870E+00
0.19356425491096E+01     0.25599133968353E+00
0.19454609852862E+01     0.24529996514320E+00
0.19552794214629E+01     0.23456180095673E+00
0.19650978576395E+01     0.22382611036301E+00
0.19749162938161E+01     0.21313777565956E+00
0.19847347299927E+01     0.20253798365593E+00
0.19945531661694E+01     0.19206370413303E+00
0.20043716023460E+01     0.18174812197685E+00
0.20141900385226E+01     0.17162053287029E+00
0.20240084746993E+01     0.16170658171177E+00
0.20338269108759E+01     0.15202854573727E+00
0.20436453470525E+01     0.14260534942150E+00
0.20534637832292E+01     0.13345302641392E+00
0.20632822194058E+01     0.12458475679159E+00
0.20731006555824E+01     0.11601132154465E+00
0.20829190917591E+01     0.10774111002684E+00
0.20927375279357E+01     0.99780641496182E-01
0.21025559641123E+01     0.92134505510330E-01
0.21123744002889E+01     0.84805861115456E-01
0.21221928364656E+01     0.77796407043934E-01
0.21320112726422E+01     0.71106769144535E-01
0.21418297088188E+01     0.64736597239971E-01
0.21516481449955E+01     0.57473540306091E-01
0.21614665811721E+01     0.34924671053886E-01
0.21712850173487E+01     0.28641996905208E-02
0.21811034535254E+01     0.50944373011589E-01
0.21909218897020E+01     0.10450839996338E+00
0.22007403258786E+01     0.15749526023865E+00
0.22105587620553E+01     0.20150706171989E+00
0.22203771982319E+01     0.22639709711075E+00
0.22301956344085E+01     0.23149371147156E+00
0.22400140705852E+01     0.16052579879761E+01
0.22498325067618E+01     0.17041321992874E+01
0.22596509429384E+01     0.18583935499191E+01
0.22694693791150E+01     0.20872948169708E+01
0.22792878152917E+01     0.24279403686523E+01
0.22891062514683E+01     0.29625673294067E+01
0.22989246876449E+01     0.40169038772583E+01
0.23087431238216E+01     0.00000000000000E+00
0.23185615599982E+01     0.00000000000000E+00
0.23283799961748E+01     0.00000000000000E+00
