0.10716201655661E+01     0.00000000000000E+00
0.10814386017427E+01     0.00000000000000E+00
0.10912570379194E+01     0.00000000000000E+00
0.11010754740960E+01     0.21563801914454E-01
0.11108939102726E+01     0.11470382660627E+00
0.11207123464492E+01     0.49307104945183E+00
0.11305307826259E+01     0.14403748512268E+01
0.11403492188025E+01     0.32999224662781E+01
0.11501676549791E+01     0.64567675590515E+01
0.11599860911558E+01     0.11320845603943E+02
0.11698045273324E+01     0.18312005996704E+02
0.11796229635090E+01     0.27850662231445E+02
0.11894413996857E+01     0.40386558532715E+02
0.11992598358623E+01     0.57615440368652E+02
0.12090782720389E+01     0.72747436523438E+02
0.12188967082156E+01     0.10071512603760E+03
0.12287151443922E+01     0.13525386047363E+03
0.12385335805688E+01     0.17299504089355E+03
0.12483520167454E+01     0.21247874450684E+03
0.12581704529221E+01     0.25240583801270E+03
0.12679888890987E+01     0.29170156860352E+03
0.12778073252753E+01     0.32967477416992E+03
0.12876257614520E+01     0.36620776367188E+03
0.12974441976286E+01     0.40188381958008E+03
0.13072626338052E+01     0.43782714843750E+03
0.13170810699819E+01     0.47469763183594E+03
0.13268995061585E+01     0.51226678466797E+03
0.13367179423351E+01     0.55038952636719E+03
0.13465363785118E+01     0.58891448974609E+03
0.13563548146884E+01     0.62768206787109E+03
0.13661732508650E+01     0.66652667236328E+03
0.13759916870416E+01     0.70527587890625E+03
0.13858101232183E+01     0.74375323486328E+03
0.13956285593949E+01     0.78177844238281E+03
0.14054469955715E+01     0.81916979980469E+03
0.14152654317482E+01     0.85574578857422E+03
0.14250838679248E+01     0.89132745361328E+03
0.14349023041014E+01     0.92574096679688E+03
0.14447207402781E+01     0.95882006835938E+03
0.14545391764547E+01     0.99040948486328E+03
0.14643576126313E+01     0.10203668823242E+04
0.14741760488080E+01     0.10485672607422E+04
0.14839944849846E+01     0.10749044189453E+04
0.14938129211612E+01     0.10992951660156E+04
0.15036313573378E+01     0.11216799316406E+04
0.15134497935145E+01     0.11420270996094E+04
0.15232682296911E+01     0.11603317871094E+04
0.15330866658677E+01     0.11766193847656E+04
0.15429051020444E+01     0.11909426269531E+04
0.15527235382210E+01     0.12033835449219E+04
0.15625419743976E+01     0.12140490722656E+04
0.15723604105743E+01     0.12230699462891E+04
0.15821788467509E+01     0.12305959472656E+04
0.15919972829275E+01     0.12367921142578E+04
0.16018157191042E+01     0.12418330078125E+04
0.16116341552808E+01     0.12458973388672E+04
0.16214525914574E+01     0.12491621093750E+04
0.16312710276340E+01     0.12517971191406E+04
0.16410894638107E+01     0.12539592285156E+04
0.16509078999873E+01     0.12557889404297E+04
0.16607263361639E+01     0.12574055175781E+04
0.16705447723406E+01     0.12589063720703E+04
0.16803632085172E+01     0.12603648681641E+04
0.16901816446938E+01     0.12618320312500E+04
0.17000000808705E+01     0.12633374023438E+04
0.17098185170471E+01     0.12648925781250E+04
0.17196369532237E+01     0.12664947509766E+04
0.17294553894003E+01     0.12681301269531E+04
0.17392738255770E+01     0.12697781982422E+04
0.17490922617536E+01     0.12714147949219E+04
0.17589106979302E+01     0.12730140380859E+04
0.17687291341069E+01     0.12745496826172E+04
0.17785475702835E+01     0.12759948730469E+04
0.17883660064601E+01     0.12773203125000E+04
0.17981844426368E+01     0.12784918212891E+04
0.18080028788134E+01     0.12794672851563E+04
0.18178213149900E+01     0.12801922607422E+04
0.18276397511667E+01     0.12805970458984E+04
0.18374581873433E+01     0.12805936279297E+04
0.18472766235199E+01     0.12800734863281E+04
0.18570950596965E+01     0.12789075927734E+04
0.18669134958732E+01     0.12769465332031E+04
0.18767319320498E+01     0.12740228271484E+04
0.18865503682264E+01     0.12699555664063E+04
0.18963688044031E+01     0.12645532226563E+04
0.19061872405797E+01     0.12576212158203E+04
0.19160056767563E+01     0.12489664306641E+04
0.19258241129330E+01     0.12384044189453E+04
0.19356425491096E+01     0.12257642822266E+04
0.19454609852862E+01     0.12108956298828E+04
0.19552794214629E+01     0.11936715087891E+04
0.19650978576395E+01     0.11739942626953E+04
0.19749162938161E+01     0.11517966308594E+04
0.19847347299927E+01     0.11270447998047E+04
0.19945531661694E+01     0.10997386474609E+04
0.20043716023460E+01     0.10699125976563E+04
0.20141900385226E+01     0.10376335449219E+04
0.20240084746993E+01     0.10030007324219E+04
0.20338269108759E+01     0.96614263916016E+03
0.20436453470525E+01     0.92721496582031E+03
0.20534637832292E+01     0.88639819335938E+03
0.20632822194058E+01     0.84389404296875E+03
0.20731006555824E+01     0.79992333984375E+03
0.20829190917591E+01     0.75472229003906E+03
0.20927375279357E+01     0.70854083251953E+03
0.21025559641123E+01     0.66163873291016E+03
0.21123744002889E+01     0.61428466796875E+03
0.21221928364656E+01     0.56675323486328E+03
0.21320112726422E+01     0.51932330322266E+03
0.21418297088188E+01     0.47227716064453E+03
0.21516481449955E+01     0.42584948730469E+03
0.21614665811721E+01     0.38029336547852E+03
0.21712850173487E+01     0.33783468627930E+03
0.21811034535254E+01     0.30014547729492E+03
0.21909218897020E+01     0.26692437744141E+03
0.22007403258786E+01     0.23604258728027E+03
0.22105587620553E+01     0.20438568115234E+03
0.22203771982319E+01     0.16955702209473E+03
0.22301956344085E+01     0.13329284667969E+03
0.22400140705852E+01     0.62788996696472E+01
0.22498325067618E+01     0.39808709621429E+01
0.22596509429384E+01     0.22076590061188E+01
0.22694693791150E+01     0.10115698575974E+01
0.22792878152917E+01     0.34243899583817E+00
0.22891062514683E+01     0.66644720733166E-01
0.22989246876449E+01     0.60935923829675E-02
0.23087431238216E+01     0.00000000000000E+00
0.23185615599982E+01     0.00000000000000E+00
0.23283799961748E+01     0.00000000000000E+00
