0.10716201655661E+01     0.00000000000000E+00
0.10814386017427E+01     -.10473531438038E-02
0.10912570379194E+01     -.20869709551334E-02
0.11010754740960E+01     0.23786078963894E-03
0.11108939102726E+01     0.25879947934300E-02
0.11207123464492E+01     0.49642589874566E-02
0.11305307826259E+01     0.73676002211869E-02
0.11403492188025E+01     0.97990594804287E-02
0.11501676549791E+01     0.12259699404240E-01
0.11599860911558E+01     0.14750661328435E-01
0.11698045273324E+01     0.17273075878620E-01
0.11796229635090E+01     0.19828159362078E-01
0.11894413996857E+01     0.22417090833187E-01
0.11992598358623E+01     0.25041131302714E-01
0.12090782720389E+01     0.27701493352652E-01
0.12188967082156E+01     0.30399447306991E-01
0.12287151443922E+01     0.33136267215014E-01
0.12385335805688E+01     0.35913277417421E-01
0.12483520167454E+01     0.38731649518013E-01
0.12581704529221E+01     0.41592545807362E-01
0.12679888890987E+01     0.44496975839138E-01
0.12778073252753E+01     0.47445926815271E-01
0.12876257614520E+01     0.50440214574337E-01
0.12974441976286E+01     0.53480621427298E-01
0.13072626338052E+01     0.56567728519440E-01
0.13170810699819E+01     0.59702016413212E-01
0.13268995061585E+01     0.62883816659451E-01
0.13367179423351E+01     0.66113345324993E-01
0.13465363785118E+01     0.69390587508678E-01
0.13563548146884E+01     0.72715356945992E-01
0.13661732508650E+01     0.76087154448032E-01
0.13759916870416E+01     0.79505302011967E-01
0.13858101232183E+01     0.82968741655350E-01
0.13956285593949E+01     0.86476154625416E-01
0.14054469955715E+01     0.90025827288628E-01
0.14152654317482E+01     0.93615680932999E-01
0.14250838679248E+01     0.97243212163448E-01
0.14349023041014E+01     0.10090544819832E+00
0.14447207402781E+01     0.10459896177053E+00
0.14545391764547E+01     0.10831975936890E+00
0.14643576126313E+01     0.11206335574389E+00
0.14741760488080E+01     0.11582458764315E+00
0.14839944849846E+01     0.11959778517485E+00
0.14938129211612E+01     0.12337651848793E+00
0.15036313573378E+01     0.12715382874012E+00
0.15134497935145E+01     0.13092188537121E+00
0.15232682296911E+01     0.13467237353325E+00
0.15330866658677E+01     0.13839602470398E+00
0.15429051020444E+01     0.14208312332630E+00
0.15527235382210E+01     0.14572300016880E+00
0.15625419743976E+01     0.14930455386639E+00
0.15723604105743E+01     0.15281577408314E+00
0.15821788467509E+01     0.15624436736107E+00
0.15919972829275E+01     0.15957716107368E+00
0.16018157191042E+01     0.16280087828636E+00
0.16116341552808E+01     0.16590149700642E+00
0.16214525914574E+01     0.16886515915394E+00
0.16312710276340E+01     0.17167744040489E+00
0.16410894638107E+01     0.17432436347008E+00
0.16509078999873E+01     0.17679166793823E+00
0.16607263361639E+01     0.17906589806080E+00
0.16705447723406E+01     0.18113359808922E+00
0.16803632085172E+01     0.18298253417015E+00
0.16901816446938E+01     0.18460078537464E+00
0.17000000808705E+01     0.18597804009914E+00
0.17098185170471E+01     0.18710465729237E+00
0.17196369532237E+01     0.18797287344933E+00
0.17294553894003E+01     0.18857593834400E+00
0.17392738255770E+01     0.18890924751759E+00
0.17490922617536E+01     0.18896932899952E+00
0.17589106979302E+01     0.18875506520271E+00
0.17687291341069E+01     0.18826656043530E+00
0.17785475702835E+01     0.18750618398190E+00
0.17883660064601E+01     0.18647758662701E+00
0.17981844426368E+01     0.18518653512001E+00
0.18080028788134E+01     0.18363983929157E+00
0.18178213149900E+01     0.18184623122215E+00
0.18276397511667E+01     0.17981523275375E+00
0.18374581873433E+01     0.17755794525146E+00
0.18472766235199E+01     0.17508593201637E+00
0.18570950596965E+01     0.17241194844246E+00
0.18669134958732E+01     0.16954891383648E+00
0.18767319320498E+01     0.16651050746441E+00
0.18865503682264E+01     0.16331028938293E+00
0.18963688044031E+01     0.15996220707893E+00
0.19061872405797E+01     0.15647982060909E+00
0.19160056767563E+01     0.15287677943707E+00
0.19258241129330E+01     0.14916613698006E+00
0.19356425491096E+01     0.14536072313786E+00
0.19454609852862E+01     0.14147271215916E+00
0.19552794214629E+01     0.13751386106014E+00
0.19650978576395E+01     0.13349512219429E+00
0.19749162938161E+01     0.12942692637444E+00
0.19847347299927E+01     0.12531894445419E+00
0.19945531661694E+01     0.12118016928434E+00
0.20043716023460E+01     0.11701886355877E+00
0.20141900385226E+01     0.11284261196852E+00
0.20240084746993E+01     0.10865829139948E+00
0.20338269108759E+01     0.10447210073471E+00
0.20436453470525E+01     0.10028960555792E+00
0.20534637832292E+01     0.96115723252296E-01
0.20632822194058E+01     0.91954819858074E-01
0.20731006555824E+01     0.87810643017292E-01
0.20829190917591E+01     0.83686500787735E-01
0.20927375279357E+01     0.79585112631321E-01
0.21025559641123E+01     0.75508840382099E-01
0.21123744002889E+01     0.71459569036961E-01
0.21221928364656E+01     0.67438855767250E-01
0.21320112726422E+01     0.63447877764702E-01
0.21418297088188E+01     0.59487514197826E-01
0.21516481449955E+01     0.55558416992426E-01
0.21614665811721E+01     0.51660913974047E-01
0.21712850173487E+01     0.47795351594687E-01
0.21811034535254E+01     0.43961659073830E-01
0.21909218897020E+01     0.40159944444895E-01
0.22007403258786E+01     0.36389719694853E-01
0.22105587620553E+01     0.32650794833899E-01
0.22203771982319E+01     0.28942206874490E-01
0.22301956344085E+01     0.25263473391533E-01
0.22400140705852E+01     0.21613592281938E-01
0.22498325067618E+01     0.17994124442339E-01
0.22596509429384E+01     0.14403829351068E-01
0.22694693791150E+01     0.10842028073967E-01
0.22792878152917E+01     0.73074218817055E-02
0.22891062514683E+01     0.37989984266460E-02
0.22989246876449E+01     0.31510615372099E-03
0.23087431238216E+01     -.31463231425732E-02
0.23185615599982E+01     -.16001617768779E-02
0.23283799961748E+01     0.00000000000000E+00
