0.10716201655661E+01     0.00000000000000E+00
0.10814386017427E+01     -.10408458765596E-02
0.10912570379194E+01     -.20799168851227E-02
0.11010754740960E+01     0.24519642465748E-03
0.11108939102726E+01     0.25945110246539E-02
0.11207123464492E+01     0.49692103639245E-02
0.11305307826259E+01     0.73704598471522E-02
0.11403492188025E+01     0.97993882372975E-02
0.11501676549791E+01     0.12257167138159E-01
0.11599860911558E+01     0.14744935557246E-01
0.11698045273324E+01     0.17263906076550E-01
0.11796229635090E+01     0.19815253093839E-01
0.11894413996857E+01     0.22400230169296E-01
0.11992598358623E+01     0.25020036846399E-01
0.12090782720389E+01     0.27675960212946E-01
0.12188967082156E+01     0.30369194224477E-01
0.12287151443922E+01     0.33101093024015E-01
0.12385335805688E+01     0.35872891545296E-01
0.12483520167454E+01     0.38685835897923E-01
0.12581704529221E+01     0.41541010141373E-01
0.12679888890987E+01     0.44439487159252E-01
0.12778073252753E+01     0.47382175922394E-01
0.12876257614520E+01     0.50369955599308E-01
0.12974441976286E+01     0.53403526544571E-01
0.13072626338052E+01     0.56483522057533E-01
0.13170810699819E+01     0.59610351920128E-01
0.13268995061585E+01     0.62784396111965E-01
0.13367179423351E+01     0.66005796194077E-01
0.13465363785118E+01     0.69274589419365E-01
0.13563548146884E+01     0.72590500116348E-01
0.13661732508650E+01     0.75953096151352E-01
0.13759916870416E+01     0.79361617565155E-01
0.13858101232183E+01     0.82815043628216E-01
0.13956285593949E+01     0.86312018334866E-01
0.14054469955715E+01     0.89850835502148E-01
0.14152654317482E+01     0.93429394066334E-01
0.14250838679248E+01     0.97045175731182E-01
0.14349023041014E+01     0.10069523006678E+00
0.14447207402781E+01     0.10437608510256E+00
0.14545391764547E+01     0.10808379948139E+00
0.14643576126313E+01     0.11181381344795E+00
0.14741760488080E+01     0.11556106805801E+00
0.14839944849846E+01     0.11931979656219E+00
0.14938129211612E+01     0.12308369576931E+00
0.15036313573378E+01     0.12684568762779E+00
0.15134497935145E+01     0.13059812784195E+00
0.15232682296911E+01     0.13433253765106E+00
0.15330866658677E+01     0.13803991675377E+00
0.15429051020444E+01     0.14171032607555E+00
0.15527235382210E+01     0.14533342421055E+00
0.15625419743976E+01     0.14889788627625E+00
0.15723604105743E+01     0.15239205956459E+00
0.15821788467509E+01     0.15580338239670E+00
0.15919972829275E+01     0.15911914408207E+00
0.16018157191042E+01     0.16232575476170E+00
0.16116341552808E+01     0.16540971398354E+00
0.16214525914574E+01     0.16835680603981E+00
0.16312710276340E+01     0.17115315794945E+00
0.16410894638107E+01     0.17378447949886E+00
0.16509078999873E+01     0.17623706161976E+00
0.16607263361639E+01     0.17849707603455E+00
0.16705447723406E+01     0.18055170774460E+00
0.16803632085172E+01     0.18238829076290E+00
0.16901816446938E+01     0.18399557471275E+00
0.17000000808705E+01     0.18536278605461E+00
0.17098185170471E+01     0.18648089468479E+00
0.17196369532237E+01     0.18734173476696E+00
0.17294553894003E+01     0.18793910741806E+00
0.17392738255770E+01     0.18826794624329E+00
0.17490922617536E+01     0.18832537531853E+00
0.17589106979302E+01     0.18810971081257E+00
0.17687291341069E+01     0.18762162327766E+00
0.17785475702835E+01     0.18686296045780E+00
0.17883660064601E+01     0.18583783507347E+00
0.17981844426368E+01     0.18455144762993E+00
0.18080028788134E+01     0.18301106989384E+00
0.18178213149900E+01     0.18122485280037E+00
0.18276397511667E+01     0.17920273542404E+00
0.18374581873433E+01     0.17695525288582E+00
0.18472766235199E+01     0.17449429631233E+00
0.18570950596965E+01     0.17183211445808E+00
0.18669134958732E+01     0.16898190975189E+00
0.18767319320498E+01     0.16595686972141E+00
0.18865503682264E+01     0.16277082264423E+00
0.18963688044031E+01     0.15943726897240E+00
0.19061872405797E+01     0.15596997737885E+00
0.19160056767563E+01     0.15238222479820E+00
0.19258241129330E+01     0.14868721365929E+00
0.19356425491096E+01     0.14489750564098E+00
0.19454609852862E+01     0.14102536439896E+00
0.19552794214629E+01     0.13708229362965E+00
0.19650978576395E+01     0.13307936489582E+00
0.19749162938161E+01     0.12902684509754E+00
0.19847347299927E+01     0.12493442744017E+00
0.19945531661694E+01     0.12081100791693E+00
0.20043716023460E+01     0.11666486412287E+00
0.20141900385226E+01     0.11250352114439E+00
0.20240084746993E+01     0.10833385586739E+00
0.20338269108759E+01     0.10416205972433E+00
0.20436453470525E+01     0.99993661046028E-01
0.20534637832292E+01     0.95833621919155E-01
0.20632822194058E+01     0.91686256229877E-01
0.20731006555824E+01     0.87555371224880E-01
0.20829190917591E+01     0.83444215357304E-01
0.20927375279357E+01     0.79355612397194E-01
0.21025559641123E+01     0.75291857123375E-01
0.21123744002889E+01     0.71254916489124E-01
0.21221928364656E+01     0.67246317863464E-01
0.21320112726422E+01     0.63267298042774E-01
0.21418297088188E+01     0.59318777173758E-01
0.21516481449955E+01     0.55401366204023E-01
0.21614665811721E+01     0.51515571773052E-01
0.21712850173487E+01     0.47661565244198E-01
0.21811034535254E+01     0.43839607387781E-01
0.21909218897020E+01     0.40049470961094E-01
0.22007403258786E+01     0.36291174590588E-01
0.22105587620553E+01     0.32564051449299E-01
0.22203771982319E+01     0.28867796063423E-01
0.22301956344085E+01     0.25201397016644E-01
0.22400140705852E+01     0.21564790979028E-01
0.22498325067618E+01     0.17958834767342E-01
0.22596509429384E+01     0.14383072033525E-01
0.22694693791150E+01     0.10836469009519E-01
0.22792878152917E+01     0.73185781948268E-02
0.22891062514683E+01     0.38285620976239E-02
0.22989246876449E+01     0.36591195384972E-03
0.23087431238216E+01     -.30701004434377E-02
0.23185615599982E+01     -.15370725886896E-02
0.23283799961748E+01     0.00000000000000E+00
