0.10716201655661E+01     0.00000000000000E+00
0.10814386017427E+01     0.00000000000000E+00
0.10912570379194E+01     0.00000000000000E+00
0.11010754740960E+01     0.15243888750000E+07
0.11108939102726E+01     0.14979525000000E+07
0.11207123464492E+01     0.14722291250000E+07
0.11305307826259E+01     0.14471945000000E+07
0.11403492188025E+01     0.14228262500000E+07
0.11501676549791E+01     0.13991025000000E+07
0.11599860911558E+01     0.13760023750000E+07
0.11698045273324E+01     0.13535063750000E+07
0.11796229635090E+01     0.13315953750000E+07
0.11894413996857E+01     0.13102515000000E+07
0.11992598358623E+01     0.12894575000000E+07
0.12090782720389E+01     0.12691968750000E+07
0.12188967082156E+01     0.12494543750000E+07
0.12287151443922E+01     0.12302146250000E+07
0.12385335805688E+01     0.12114636250000E+07
0.12483520167454E+01     0.11931877500000E+07
0.12581704529221E+01     0.11753740000000E+07
0.12679888890987E+01     0.11580098750000E+07
0.12778073252753E+01     0.11410836250000E+07
0.12876257614520E+01     0.11245835000000E+07
0.12974441976286E+01     0.11084988750000E+07
0.13072626338052E+01     0.10928190000000E+07
0.13170810699819E+01     0.10775342500000E+07
0.13268995061585E+01     0.10626348750000E+07
0.13367179423351E+01     0.10481115000000E+07
0.13465363785118E+01     0.10339555000000E+07
0.13563548146884E+01     0.10201582500000E+07
0.13661732508650E+01     0.10067116250000E+07
0.13759916870416E+01     0.99360743750000E+06
0.13858101232183E+01     0.98083806250000E+06
0.13956285593949E+01     0.96839581250000E+06
0.14054469955715E+01     0.95627312500000E+06
0.14152654317482E+01     0.94446256250000E+06
0.14250838679248E+01     0.93295681250000E+06
0.14349023041014E+01     0.92174825000000E+06
0.14447207402781E+01     0.91082950000000E+06
0.14545391764547E+01     0.90019281250000E+06
0.14643576126313E+01     0.88983037500000E+06
0.14741760488080E+01     0.87973400000000E+06
0.14839944849846E+01     0.86989537500000E+06
0.14938129211612E+01     0.86030550000000E+06
0.15036313573378E+01     0.85095525000000E+06
0.15134497935145E+01     0.84183481250000E+06
0.15232682296911E+01     0.83293393750000E+06
0.15330866658677E+01     0.82424175000000E+06
0.15429051020444E+01     0.81574681250000E+06
0.15527235382210E+01     0.80743693750000E+06
0.15625419743976E+01     0.79929937500000E+06
0.15723604105743E+01     0.79132081250000E+06
0.15821788467509E+01     0.78348725000000E+06
0.15919972829275E+01     0.77578425000000E+06
0.16018157191042E+01     0.76819681250000E+06
0.16116341552808E+01     0.76070987500000E+06
0.16214525914574E+01     0.75330775000000E+06
0.16312710276340E+01     0.74597531250000E+06
0.16410894638107E+01     0.73869700000000E+06
0.16509078999873E+01     0.73145818750000E+06
0.16607263361639E+01     0.72424450000000E+06
0.16705447723406E+01     0.71704281250000E+06
0.16803632085172E+01     0.70984068750000E+06
0.16901816446938E+01     0.70262762500000E+06
0.17000000808705E+01     0.69539406250000E+06
0.17098185170471E+01     0.68813300000000E+06
0.17196369532237E+01     0.68083856250000E+06
0.17294553894003E+01     0.67350787500000E+06
0.17392738255770E+01     0.66613925000000E+06
0.17490922617536E+01     0.65873406250000E+06
0.17589106979302E+01     0.65129487500000E+06
0.17687291341069E+01     0.64382706250000E+06
0.17785475702835E+01     0.63633693750000E+06
0.17883660064601E+01     0.62883312500000E+06
0.17981844426368E+01     0.62132493750000E+06
0.18080028788134E+01     0.61382312500000E+06
0.18178213149900E+01     0.60633875000000E+06
0.18276397511667E+01     0.59888375000000E+06
0.18374581873433E+01     0.59146962500000E+06
0.18472766235199E+01     0.58410818750000E+06
0.18570950596965E+01     0.57681043750000E+06
0.18669134958732E+01     0.56958718750000E+06
0.18767319320498E+01     0.56244800000000E+06
0.18865503682264E+01     0.55540187500000E+06
0.18963688044031E+01     0.54845656250000E+06
0.19061872405797E+01     0.54161887500000E+06
0.19160056767563E+01     0.53489462500000E+06
0.19258241129330E+01     0.52828825000000E+06
0.19356425491096E+01     0.52180346875000E+06
0.19454609852862E+01     0.51544271875000E+06
0.19552794214629E+01     0.50920775000000E+06
0.19650978576395E+01     0.50309931250000E+06
0.19749162938161E+01     0.49711750000000E+06
0.19847347299927E+01     0.49126153125000E+06
0.19945531661694E+01     0.48553037500000E+06
0.20043716023460E+01     0.47992212500000E+06
0.20141900385226E+01     0.47443475000000E+06
0.20240084746993E+01     0.46906568750000E+06
0.20338269108759E+01     0.46381225000000E+06
0.20436453470525E+01     0.45867137500000E+06
0.20534637832292E+01     0.45364003125000E+06
0.20632822194058E+01     0.44871490625000E+06
0.20731006555824E+01     0.44389281250000E+06
0.20829190917591E+01     0.43917040625000E+06
0.20927375279357E+01     0.43454437500000E+06
0.21025559641123E+01     0.43001150000000E+06
0.21123744002889E+01     0.42556856250000E+06
0.21221928364656E+01     0.42121250000000E+06
0.21320112726422E+01     0.41694018750000E+06
0.21418297088188E+01     0.41274884375000E+06
0.21516481449955E+01     0.40863537500000E+06
0.21614665811721E+01     0.40459743750000E+06
0.21712850173487E+01     0.40063215625000E+06
0.21811034535254E+01     0.39673740625000E+06
0.21909218897020E+01     0.39291062500000E+06
0.22007403258786E+01     0.38914984375000E+06
0.22105587620553E+01     0.38545265625000E+06
0.22203771982319E+01     0.38181696875000E+06
0.22301956344085E+01     0.37824025000000E+06
0.22400140705852E+01     0.37467437500000E+06
0.22498325067618E+01     0.37121356250000E+06
0.22596509429384E+01     0.36780837500000E+06
0.22694693791150E+01     0.36445743750000E+06
0.22792878152917E+01     0.36115890625000E+06
0.22891062514683E+01     0.35791162500000E+06
0.22989246876449E+01     0.35471362500000E+06
0.23087431238216E+01     0.00000000000000E+00
0.23185615599982E+01     0.00000000000000E+00
0.23283799961748E+01     0.00000000000000E+00
