0.10716201655661E+01     0.00000000000000E+00
0.10814386017427E+01     0.00000000000000E+00
0.10912570379194E+01     0.00000000000000E+00
0.11010754740960E+01     -.80015779531095E-05
0.11108939102726E+01     -.93000089691486E-04
0.11207123464492E+01     -.16952717851382E-03
0.11305307826259E+01     -.24371065956075E-03
0.11403492188025E+01     -.30088768107817E-03
0.11501676549791E+01     -.35644811578095E-03
0.11599860911558E+01     -.39141657180153E-03
0.11698045273324E+01     -.42612157994881E-03
0.11796229635090E+01     -.44160219840705E-03
0.11894413996857E+01     -.45836780918762E-03
0.11992598358623E+01     -.46029203804210E-03
0.12090782720389E+01     -.46469349763356E-03
0.12188967082156E+01     -.45916868839413E-03
0.12287151443922E+01     -.45668994425796E-03
0.12385335805688E+01     -.44796249130741E-03
0.12483520167454E+01     -.44210357009433E-03
0.12581704529221E+01     -.43172441655770E-03
0.12679888890987E+01     -.42361876694486E-03
0.12778073252753E+01     -.41112597682513E-03
0.12876257614520E+01     -.40019137668423E-03
0.12974441976286E+01     -.38408336695284E-03
0.13072626338052E+01     -.36890682531521E-03
0.13170810699819E+01     -.34745165612549E-03
0.13268995061585E+01     -.32651508809067E-03
0.13367179423351E+01     -.29833478038199E-03
0.13465363785118E+01     -.27042927104048E-03
0.13563548146884E+01     -.23452256573364E-03
0.13661732508650E+01     -.19880184845533E-03
0.13759916870416E+01     -.15461017028429E-03
0.13858101232183E+01     -.11063577403547E-03
0.13956285593949E+01     -.58014044043375E-04
0.14054469955715E+01     -.57412858041062E-05
0.14152654317482E+01     0.55052187235560E-04
0.14250838679248E+01     0.11526910384418E-03
0.14349023041014E+01     0.18355637439527E-03
0.14447207402781E+01     0.25094015290961E-03
0.14545391764547E+01     0.32559855026193E-03
0.14643576126313E+01     0.39892375934869E-03
0.14741760488080E+01     0.47837520833127E-03
0.14839944849846E+01     0.55596401216462E-03
0.14938129211612E+01     0.63819799106568E-03
0.15036313573378E+01     0.71795418625698E-03
0.15134497935145E+01     0.80059794709086E-03
0.15232682296911E+01     0.88009069440886E-03
0.15330866658677E+01     0.96053222659975E-03
0.15429051020444E+01     0.10371326934546E-02
0.15527235382210E+01     0.11126922909170E-02
0.15625419743976E+01     0.11837561614811E-02
0.15723604105743E+01     0.12518933508545E-02
0.15821788467509E+01     0.13149735750631E-02
0.15919972829275E+01     0.13735028915107E-02
0.16018157191042E+01     0.14265632489696E-02
0.16116341552808E+01     0.14738466124982E-02
0.16214525914574E+01     0.15154407592490E-02
0.16312710276340E+01     0.15505186747760E-02
0.16410894638107E+01     0.15798993408680E-02
0.16509078999873E+01     0.16025305958465E-02
0.16607263361639E+01     0.16196597134694E-02
0.16705447723406E+01     0.16302540898323E-02
0.16803632085172E+01     0.16357047716156E-02
0.16901816446938E+01     0.16351559897885E-02
0.17000000808705E+01     0.16299228882417E-02
0.17098185170471E+01     0.16193768242374E-02
0.17196369532237E+01     0.16046330565587E-02
0.17294553894003E+01     0.15852433862165E-02
0.17392738255770E+01     0.15621039783582E-02
0.17490922617536E+01     0.15348355518654E-02
0.17589106979302E+01     0.15041836304590E-02
0.17687291341069E+01     0.14697123551741E-02
0.17785475702835E+01     0.14321319758892E-02
0.17883660064601E+01     0.13908616965637E-02
0.17981844426368E+01     0.13466872042045E-02
0.18080028788134E+01     0.12988719390705E-02
0.18178213149900E+01     0.12483322061598E-02
0.18276397511667E+01     0.11942595010623E-02
0.18374581873433E+01     0.11376687325537E-02
0.18472766235199E+01     0.10778483701870E-02
0.18570950596965E+01     0.10157849173993E-02
0.18669134958732E+01     0.95108785899356E-03
0.18767319320498E+01     0.88451144983992E-03
0.18865503682264E+01     0.81622420111671E-03
0.18963688044031E+01     0.74650486931205E-03
0.19061872405797E+01     0.67629024852067E-03
0.19160056767563E+01     0.60514762299135E-03
0.19258241129330E+01     0.53493119776249E-03
0.19356425491096E+01     0.46430801739916E-03
0.19454609852862E+01     0.39612676482648E-03
0.19552794214629E+01     0.32803782960400E-03
0.19650978576395E+01     0.26390131097287E-03
0.19749162938161E+01     0.20030887390021E-03
0.19847347299927E+01     0.14213181566447E-03
0.19945531661694E+01     0.84906438132748E-04
0.20043716023460E+01     0.34574055462144E-04
0.20141900385226E+01     -.14398248822545E-04
0.20240084746993E+01     -.54776552133262E-04
0.20338269108759E+01     -.93291717348620E-04
0.20436453470525E+01     -.12092702672817E-03
0.20534637832292E+01     -.14597109111492E-03
0.20632822194058E+01     -.15683934907429E-03
0.20731006555824E+01     -.16405017231591E-03
0.20829190917591E+01     -.15255078324117E-03
0.20927375279357E+01     -.13600935926661E-03
0.21025559641123E+01     -.95417162810918E-04
0.21123744002889E+01     -.48397334467154E-04
0.21221928364656E+01     0.27189573302167E-04
0.21320112726422E+01     0.10984294203809E-03
0.21418297088188E+01     0.22170123702381E-03
0.21516481449955E+01     0.33940107095987E-03
0.21614665811721E+01     0.47923185047694E-03
0.21712850173487E+01     0.62074122251943E-03
0.21811034535254E+01     0.76683307997882E-03
0.21909218897020E+01     0.90725551126525E-03
0.22007403258786E+01     0.10251965140924E-02
0.22105587620553E+01     0.11283122003078E-02
0.22203771982319E+01     0.11787837138399E-02
0.22301956344085E+01     0.12064430629835E-02
0.22400140705852E+01     0.11588446795940E-02
0.22498325067618E+01     0.10854356223717E-02
0.22596509429384E+01     0.93327788636088E-03
0.22694693791150E+01     0.75965787982568E-03
0.22792878152917E+01     0.52764522843063E-03
0.22891062514683E+01     0.28580988873728E-03
0.22989246876449E+01     0.24821620172588E-04
0.23087431238216E+01     0.00000000000000E+00
0.23185615599982E+01     0.00000000000000E+00
0.23283799961748E+01     0.00000000000000E+00
