0.10716201655661E+01     0.00000000000000E+00
0.10814386017427E+01     0.00000000000000E+00
0.10912570379194E+01     0.00000000000000E+00
0.11010754740960E+01     -.71921517701412E-05
0.11108939102726E+01     -.76455427915789E-04
0.11207123464492E+01     -.14447112334892E-03
0.11305307826259E+01     -.20181221771054E-03
0.11403492188025E+01     -.25890668621287E-03
0.11501676549791E+01     -.30011599301361E-03
0.11599860911558E+01     -.34242271794938E-03
0.11698045273324E+01     -.36773912142962E-03
0.11796229635090E+01     -.39542638114654E-03
0.11894413996857E+01     -.40819196146913E-03
0.11992598358623E+01     -.42417331133038E-03
0.12090782720389E+01     -.42866406147368E-03
0.12188967082156E+01     -.43659337097779E-03
0.12287151443922E+01     -.43622695375234E-03
0.12385335805688E+01     -.43899047886953E-03
0.12483520167454E+01     -.43538777390495E-03
0.12581704529221E+01     -.43422364979051E-03
0.12679888890987E+01     -.42735383613035E-03
0.12778073252753E+01     -.42217015288770E-03
0.12876257614520E+01     -.41104477713816E-03
0.12974441976286E+01     -.40097424061969E-03
0.13072626338052E+01     -.38428502739407E-03
0.13170810699819E+01     -.36819346132688E-03
0.13268995061585E+01     -.34474127460271E-03
0.13367179423351E+01     -.32167753670365E-03
0.13465363785118E+01     -.29058393556625E-03
0.13563548146884E+01     -.25977916084230E-03
0.13661732508650E+01     -.22045244986657E-03
0.13759916870416E+01     -.18142700719181E-03
0.13858101232183E+01     -.13360453885980E-03
0.13956285593949E+01     -.86188512796070E-04
0.14054469955715E+01     -.29950666430523E-04
0.14152654317482E+01     0.25686113076517E-04
0.14250838679248E+01     0.89881701569539E-04
0.14349023041014E+01     0.15318606165238E-03
0.14447207402781E+01     0.22446160437539E-03
0.14545391764547E+01     0.29445282416418E-03
0.14643576126313E+01     0.37147852708586E-03
0.14741760488080E+01     0.44672159128822E-03
0.14839944849846E+01     0.52771338960156E-03
0.14938129211612E+01     0.60632673557848E-03
0.15036313573378E+01     0.68908842513338E-03
0.15134497935145E+01     0.76879921834916E-03
0.15232682296911E+01     0.85081718862057E-03
0.15330866658677E+01     0.92907011276111E-03
0.15429051020444E+01     0.10076615726575E-02
0.15527235382210E+01     0.10817807633430E-02
0.15625419743976E+01     0.11542872525752E-02
0.15723604105743E+01     0.12216784525663E-02
0.15821788467509E+01     0.12856840621680E-02
0.15919972829275E+01     0.13440552866086E-02
0.16018157191042E+01     0.13975992333144E-02
0.16116341552808E+01     0.14451664173976E-02
0.16214525914574E+01     0.14869146980345E-02
0.16312710276340E+01     0.15225540846586E-02
0.16410894638107E+01     0.15518910950050E-02
0.16509078999873E+01     0.15752050094306E-02
0.16607263361639E+01     0.15922230668366E-02
0.16705447723406E+01     0.16034966101870E-02
0.16803632085172E+01     0.16088748816401E-02
0.16901816446938E+01     0.16089269192889E-02
0.17000000808705E+01     0.16037232708186E-02
0.17098185170471E+01     0.15936794225127E-02
0.17196369532237E+01     0.15790795441717E-02
0.17294553894003E+01     0.15601196791977E-02
0.17392738255770E+01     0.15372049529105E-02
0.17490922617536E+01     0.15103465411812E-02
0.17589106979302E+01     0.14799373457208E-02
0.17687291341069E+01     0.14459091471508E-02
0.17785475702835E+01     0.14085229486227E-02
0.17883660064601E+01     0.13677581446245E-02
0.17981844426368E+01     0.13236856320873E-02
0.18080028788134E+01     0.12764268321916E-02
0.18178213149900E+01     0.12258966453373E-02
0.18276397511667E+01     0.11723766801879E-02
0.18374581873433E+01     0.11157547123730E-02
0.18472766235199E+01     0.10563936084509E-02
0.18570950596965E+01     0.99435658194125E-03
0.18669134958732E+01     0.92991767451167E-03
0.18767319320498E+01     0.86355383973569E-03
0.18865503682264E+01     0.79521950101480E-03
0.18963688044031E+01     0.72603416629136E-03
0.19061872405797E+01     0.65538525814191E-03
0.19160056767563E+01     0.58521621394902E-03
0.19258241129330E+01     0.51413010805845E-03
0.19356425491096E+01     0.44500382500701E-03
0.19454609852862E+01     0.37550320848823E-03
0.19552794214629E+01     0.30947619234212E-03
0.19650978576395E+01     0.24357774236705E-03
0.19749162938161E+01     0.18261843069922E-03
0.19847347299927E+01     0.12223594239913E-03
0.19945531661694E+01     0.68208173615858E-04
0.20043716023460E+01     0.15171766790445E-04
0.20141900385226E+01     -.30016950404388E-04
0.20240084746993E+01     -.73764509579632E-04
0.20338269108759E+01     -.10780306183733E-03
0.20436453470525E+01     -.13979643699713E-03
0.20534637832292E+01     -.15941921446938E-03
0.20632822194058E+01     -.17609688802622E-03
0.20731006555824E+01     -.17652515089139E-03
0.20829190917591E+01     -.17273001139984E-03
0.20927375279357E+01     -.14755383017473E-03
0.21025559641123E+01     -.11662452016026E-03
0.21123744002889E+01     -.58835703384830E-04
0.21221928364656E+01     0.59703479564632E-05
0.21320112726422E+01     0.10110410221387E-03
0.21418297088188E+01     0.20326390222181E-03
0.21516481449955E+01     0.33346819691360E-03
0.21614665811721E+01     0.46819928684272E-03
0.21712850173487E+01     0.61904068570584E-03
0.21811034535254E+01     0.76851126505062E-03
0.21909218897020E+01     0.91094145318493E-03
0.22007403258786E+01     0.10431315749884E-02
0.22105587620553E+01     0.11374112218618E-02
0.22203771982319E+01     0.12119198217988E-02
0.22301956344085E+01     0.12191806454211E-02
0.22400140705852E+01     0.11999985435978E-02
0.22498325067618E+01     0.10982627281919E-02
0.22596509429384E+01     0.97054016077891E-03
0.22694693791150E+01     0.76833571074530E-03
0.22792878152917E+01     0.54883834673092E-03
0.22891062514683E+01     0.28739831759594E-03
0.22989246876449E+01     0.23911807147670E-04
0.23087431238216E+01     0.00000000000000E+00
0.23185615599982E+01     0.00000000000000E+00
0.23283799961748E+01     0.00000000000000E+00
