0.10716201655661E+01     0.75225673584607E+17
0.10814386017427E+01     0.75225673584607E+17
0.10912570379194E+01     0.75225673584607E+17
0.11010754740960E+01     0.36681486019068E+17
0.11108939102726E+01     0.15740333585334E+18
0.11207123464492E+01     0.28816490367025E+18
0.11305307826259E+01     0.43730982486724E+18
0.11403492188025E+01     0.60310487398194E+18
0.11501676549791E+01     0.78355122477439E+18
0.11599860911558E+01     0.97677740537492E+18
0.11698045273324E+01     0.11810882437314E+19
0.11796229635090E+01     0.13950749218513E+19
0.11894413996857E+01     0.16184434578130E+19
0.11992598358623E+01     0.18751644420528E+19
0.12090782720389E+01     0.20333397725078E+19
0.12188967082156E+01     0.23438490030173E+19
0.12287151443922E+01     0.26661683627987E+19
0.12385335805688E+01     0.29581450499441E+19
0.12483520167454E+01     0.32153799184309E+19
0.12581704529221E+01     0.34371679064278E+19
0.12679888890987E+01     0.36249636678182E+19
0.12778073252753E+01     0.37823944914622E+19
0.12876257614520E+01     0.39155984010219E+19
0.12974441976286E+01     0.40332252544730E+19
0.13072626338052E+01     0.41449122712330E+19
0.13170810699819E+01     0.42557364462430E+19
0.13268995061585E+01     0.43652524772940E+19
0.13367179423351E+01     0.44735499745834E+19
0.13465363785118E+01     0.45807097522160E+19
0.13563548146884E+01     0.46867942074766E+19
0.13661732508650E+01     0.47918547425338E+19
0.13759916870416E+01     0.48959268166377E+19
0.13858101232183E+01     0.49990346190440E+19
0.13956285593949E+01     0.51011907941365E+19
0.14054469955715E+01     0.52023969911826E+19
0.14152654317482E+01     0.53026433145776E+19
0.14250838679248E+01     0.54019105228681E+19
0.14349023041014E+01     0.55001700287518E+19
0.14447207402781E+01     0.55973827995658E+19
0.14545391764547E+01     0.56935010065543E+19
0.14643576126313E+01     0.57884685746244E+19
0.14741760488080E+01     0.58822217321016E+19
0.14839944849846E+01     0.59746862619511E+19
0.14938129211612E+01     0.60657835490914E+19
0.15036313573378E+01     0.61554245330807E+19
0.15134497935145E+01     0.62435163051865E+19
0.15232682296911E+01     0.63299555113157E+19
0.15330866658677E+01     0.64146371481080E+19
0.15429051020444E+01     0.64974446673307E+19
0.15527235382210E+01     0.65782615207513E+19
0.15625419743976E+01     0.66569579659977E+19
0.15723604105743E+01     0.67334059099653E+19
0.15821788467509E+01     0.68074646151658E+19
0.15919972829275E+01     0.68789938938666E+19
0.16018157191042E+01     0.69478403641956E+19
0.16116341552808E+01     0.70138506442808E+19
0.16214525914574E+01     0.70768576083547E+19
0.16312710276340E+01     0.71366963296731E+19
0.16410894638107E+01     0.71931842893059E+19
0.16509078999873E+01     0.72461439161252E+19
0.16607263361639E+01     0.72953789473054E+19
0.16705447723406E+01     0.73407002668465E+19
0.16803632085172E+01     0.73819028158300E+19
0.16901816446938E+01     0.74187903314302E+19
0.17000000808705E+01     0.74511550059496E+19
0.17098185170471E+01     0.74788038750975E+19
0.17196369532237E+01     0.75015379272692E+19
0.17294553894003E+01     0.75191801410927E+19
0.17392738255770E+01     0.75315540449517E+19
0.17490922617536E+01     0.75385145033113E+19
0.17589106979302E+01     0.75399257264855E+19
0.17687291341069E+01     0.75356898579395E+19
0.17785475702835E+01     0.75257249840570E+19
0.17883660064601E+01     0.75099942711984E+19
0.17981844426368E+01     0.74884823262010E+19
0.18080028788134E+01     0.74612182861228E+19
0.18178213149900E+01     0.74282560270337E+19
0.18276397511667E+01     0.73896928557127E+19
0.18374581873433E+01     0.73456475194157E+19
0.18472766235199E+01     0.72962761487936E+19
0.18570950596965E+01     0.72417513671722E+19
0.18669134958732E+01     0.71822760344468E+19
0.18767319320498E+01     0.71180607070939E+19
0.18865503682264E+01     0.70493357327998E+19
0.18963688044031E+01     0.69763325587620E+19
0.19061872405797E+01     0.68992930775386E+19
0.19160056767563E+01     0.68184503855947E+19
0.19258241129330E+01     0.67340403281746E+19
0.19356425491096E+01     0.66462844568711E+19
0.19454609852862E+01     0.65553993754749E+19
0.19552794214629E+01     0.64615835458349E+19
0.19650978576395E+01     0.63650233351720E+19
0.19749162938161E+01     0.62658858692536E+19
0.19847347299927E+01     0.61643217811727E+19
0.19945531661694E+01     0.60604613630571E+19
0.20043716023460E+01     0.59544162153372E+19
0.20141900385226E+01     0.58462764979664E+19
0.20240084746993E+01     0.57361125796888E+19
0.20338269108759E+01     0.56239728390161E+19
0.20436453470525E+01     0.55098842139832E+19
0.20534637832292E+01     0.53938538514156E+19
0.20632822194058E+01     0.52758630596157E+19
0.20731006555824E+01     0.51558733556765E+19
0.20829190917591E+01     0.50338193186562E+19
0.20927375279357E+01     0.49096135373803E+19
0.21025559641123E+01     0.47831372645930E+19
0.21123744002889E+01     0.46542442652479E+19
0.21221928364656E+01     0.45227547691938E+19
0.21320112726422E+01     0.43884505233726E+19
0.21418297088188E+01     0.42510714932843E+19
0.21516481449955E+01     0.41100250421616E+19
0.21614665811721E+01     0.39646720788707E+19
0.21712850173487E+01     0.38276349968987E+19
0.21811034535254E+01     0.37123030990927E+19
0.21909218897020E+01     0.36214301123244E+19
0.22007403258786E+01     0.35423939179850E+19
0.22105587620553E+01     0.34466107871650E+19
0.22203771982319E+01     0.32974625846130E+19
0.22301956344085E+01     0.30885171673065E+19
0.22400140705852E+01     0.54206277154662E+18
0.22498325067618E+01     0.46131264473793E+18
0.22596509429384E+01     0.37205961655452E+18
0.22694693791150E+01     0.27849578123572E+18
0.22792878152917E+01     0.18548491436635E+18
0.22891062514683E+01     0.98634714226622E+17
0.22989246876449E+01     0.19951216159097E+17
0.23087431238216E+01     0.75225673584607E+17
0.23185615599982E+01     0.75225673584607E+17
0.23283799961748E+01     0.75225673584607E+17
