0.10716201655661E+01     0.15000000130883E-08
0.10814386017427E+01     0.15000000130883E-08
0.10912570379194E+01     0.15000000130883E-08
0.11010754740960E+01     0.72156203234641E-09
0.11108939102726E+01     0.31318749815767E-08
0.11207123464492E+01     0.57401581265992E-08
0.11305307826259E+01     0.87162632667059E-08
0.11403492188025E+01     0.12025688000961E-07
0.11501676549791E+01     0.15628481619956E-07
0.11599860911558E+01     0.19487400138019E-07
0.11698045273324E+01     0.23568693663378E-07
0.11796229635090E+01     0.27844981431713E-07
0.11894413996857E+01     0.32313280939889E-07
0.11992598358623E+01     0.37822655230002E-07
0.12090782720389E+01     0.40526177969014E-07
0.12188967082156E+01     0.46796710506669E-07
0.12287151443922E+01     0.53234881391973E-07
0.12385335805688E+01     0.59060205614969E-07
0.12483520167454E+01     0.64188959925104E-07
0.12581704529221E+01     0.68608372316703E-07
0.12679888890987E+01     0.72348250057530E-07
0.12778073252753E+01     0.75482276429284E-07
0.12876257614520E+01     0.78134490877346E-07
0.12974441976286E+01     0.80479381381338E-07
0.13072626338052E+01     0.82709803450598E-07
0.13170810699819E+01     0.84923271970183E-07
0.13268995061585E+01     0.87110606727947E-07
0.13367179423351E+01     0.89273726189276E-07
0.13465363785118E+01     0.91414186442762E-07
0.13563548146884E+01     0.93533301992466E-07
0.13661732508650E+01     0.95632032071080E-07
0.13759916870416E+01     0.97711136959333E-07
0.13858101232183E+01     0.99771078510003E-07
0.13956285593949E+01     0.10181212672933E-06
0.14054469955715E+01     0.10383428872274E-06
0.14152654317482E+01     0.10583739395997E-06
0.14250838679248E+01     0.10782105164253E-06
0.14349023041014E+01     0.10978467912537E-06
0.14447207402781E+01     0.11172751612776E-06
0.14545391764547E+01     0.11364858920615E-06
0.14643576126313E+01     0.11554680412473E-06
0.14741760488080E+01     0.11742084637945E-06
0.14839944849846E+01     0.11926928777939E-06
0.14938129211612E+01     0.12109049407627E-06
0.15036313573378E+01     0.12288276707295E-06
0.15134497935145E+01     0.12464415988234E-06
0.15232682296911E+01     0.12637269719562E-06
0.15330866658677E+01     0.12806619054118E-06
0.15429051020444E+01     0.12972242302567E-06
0.15527235382210E+01     0.13133892196038E-06
0.15625419743976E+01     0.13291325728915E-06
0.15723604105743E+01     0.13444272894958E-06
0.15821788467509E+01     0.13592466530099E-06
0.15919972829275E+01     0.13735611048560E-06
0.16018157191042E+01     0.13873413706733E-06
0.16116341552808E+01     0.14005556181473E-06
0.16214525914574E+01     0.14131717307464E-06
0.16312710276340E+01     0.14251550339850E-06
0.16410894638107E+01     0.14364708533776E-06
0.16509078999873E+01     0.14470815301593E-06
0.16607263361639E+01     0.14569499739991E-06
0.16705447723406E+01     0.14660358260699E-06
0.16803632085172E+01     0.14743001486295E-06
0.16901816446938E+01     0.14817013038737E-06
0.17000000808705E+01     0.14881997856264E-06
0.17098185170471E+01     0.14937542403004E-06
0.17196369532237E+01     0.14983268670221E-06
0.17294553894003E+01     0.15018795807009E-06
0.17392738255770E+01     0.15043791279368E-06
0.17490922617536E+01     0.15057939606322E-06
0.17589106979302E+01     0.15060986413573E-06
0.17687291341069E+01     0.15052711432872E-06
0.17785475702835E+01     0.15032972555673E-06
0.17883660064601E+01     0.15001668884906E-06
0.17981844426368E+01     0.14958791894060E-06
0.18080028788134E+01     0.14904378531355E-06
0.18178213149900E+01     0.14838555273400E-06
0.18276397511667E+01     0.14761499755878E-06
0.18374581873433E+01     0.14673467774173E-06
0.18472766235199E+01     0.14574756335151E-06
0.18570950596965E+01     0.14465732078861E-06
0.18669134958732E+01     0.14346784382724E-06
0.18767319320498E+01     0.14218353783235E-06
0.18865503682264E+01     0.14080890764490E-06
0.18963688044031E+01     0.13934874232291E-06
0.19061872405797E+01     0.13780777408101E-06
0.19160056767563E+01     0.13619084882066E-06
0.19258241129330E+01     0.13450257085879E-06
0.19356425491096E+01     0.13274751609060E-06
0.19454609852862E+01     0.13092994777253E-06
0.19552794214629E+01     0.12905393020901E-06
0.19650978576395E+01     0.12712315822228E-06
0.19749162938161E+01     0.12514102820660E-06
0.19847347299927E+01     0.12311052444147E-06
0.19945531661694E+01     0.12103431856758E-06
0.20043716023460E+01     0.11891459905655E-06
0.20141900385226E+01     0.11675320621407E-06
0.20240084746993E+01     0.11455153270390E-06
0.20338269108759E+01     0.11231054486416E-06
0.20436453470525E+01     0.11003081823446E-06
0.20534637832292E+01     0.10771243097452E-06
0.20632822194058E+01     0.10535506334008E-06
0.20731006555824E+01     0.10295790531245E-06
0.20829190917591E+01     0.10051967791469E-06
0.20927375279357E+01     0.98038569262826E-07
0.21025559641123E+01     0.95512255882113E-07
0.21123744002889E+01     0.92937767703916E-07
0.21221928364656E+01     0.90311502276563E-07
0.21320112726422E+01     0.87629096867659E-07
0.21418297088188E+01     0.84885307671811E-07
0.21516481449955E+01     0.82069526285977E-07
0.21614665811721E+01     0.79163484656419E-07
0.21712850173487E+01     0.76412234761847E-07
0.21811034535254E+01     0.74089548718348E-07
0.21909218897020E+01     0.72260021966031E-07
0.22007403258786E+01     0.70679618602298E-07
0.22105587620553E+01     0.68781268680596E-07
0.22203771982319E+01     0.65827975959110E-07
0.22301956344085E+01     0.61662376538152E-07
0.22400140705852E+01     0.10829332097728E-07
0.22498325067618E+01     0.92159755382681E-08
0.22596509429384E+01     0.74303181385460E-08
0.22694693791150E+01     0.55568980528165E-08
0.22792878152917E+01     0.36934231228969E-08
0.22891062514683E+01     0.19533177297859E-08
0.22989246876449E+01     0.37037284350561E-09
0.23087431238216E+01     0.15000000130883E-08
0.23185615599982E+01     0.15000000130883E-08
0.23283799961748E+01     0.15000000130883E-08
