0.10716201655661E+01     0.00000000000000E+00
0.10814386017427E+01     0.00000000000000E+00
0.10912570379194E+01     0.00000000000000E+00
0.11010754740960E+01     0.36691179275513E+01
0.11108939102726E+01     0.45482807159424E+01
0.11207123464492E+01     0.10679518699646E+02
0.11305307826259E+01     0.20557464599609E+02
0.11403492188025E+01     0.34150272369385E+02
0.11501676549791E+01     0.51431720733643E+02
0.11599860911558E+01     0.72338012695313E+02
0.11698045273324E+01     0.96769134521484E+02
0.11796229635090E+01     0.12460092163086E+03
0.11894413996857E+01     0.15574803161621E+03
0.11992598358623E+01     0.19177093505859E+03
0.12090782720389E+01     0.22330116271973E+03
0.12188967082156E+01     0.26819354248047E+03
0.12287151443922E+01     0.31662509155273E+03
0.12385335805688E+01     0.36500387573242E+03
0.12483520167454E+01     0.41244543457031E+03
0.12581704529221E+01     0.45833386230469E+03
0.12679888890987E+01     0.50224816894531E+03
0.12778073252753E+01     0.54400408935547E+03
0.12876257614520E+01     0.58373089599609E+03
0.12974441976286E+01     0.62191540527344E+03
0.13072626338052E+01     0.65928112792969E+03
0.13170810699819E+01     0.69618652343750E+03
0.13268995061585E+01     0.73243670654297E+03
0.13367179423351E+01     0.76789373779297E+03
0.13465363785118E+01     0.80242181396484E+03
0.13563548146884E+01     0.83588610839844E+03
0.13661732508650E+01     0.86815472412109E+03
0.13759916870416E+01     0.89909875488281E+03
0.13858101232183E+01     0.92859429931641E+03
0.13956285593949E+01     0.95652294921875E+03
0.14054469955715E+01     0.98277416992188E+03
0.14152654317482E+01     0.10072462158203E+04
0.14250838679248E+01     0.10298480224609E+04
0.14349023041014E+01     0.10505014648438E+04
0.14447207402781E+01     0.10691420898438E+04
0.14545391764547E+01     0.10857220458984E+04
0.14643576126313E+01     0.11002109375000E+04
0.14741760488080E+01     0.11125977783203E+04
0.14839944849846E+01     0.11228920898438E+04
0.14938129211612E+01     0.11311252441406E+04
0.15036313573378E+01     0.11373502197266E+04
0.15134497935145E+01     0.11416433105469E+04
0.15232682296911E+01     0.11441021728516E+04
0.15330866658677E+01     0.11448461914063E+04
0.15429051020444E+01     0.11440145263672E+04
0.15527235382210E+01     0.11417636718750E+04
0.15625419743976E+01     0.11382658691406E+04
0.15723604105743E+01     0.11337042236328E+04
0.15821788467509E+01     0.11282707519531E+04
0.15919972829275E+01     0.11221606445313E+04
0.16018157191042E+01     0.11155694580078E+04
0.16116341552808E+01     0.11086871337891E+04
0.16214525914574E+01     0.11016955566406E+04
0.16312710276340E+01     0.10947626953125E+04
0.16410894638107E+01     0.10880416259766E+04
0.16509078999873E+01     0.10816655273438E+04
0.16607263361639E+01     0.10757485351563E+04
0.16705447723406E+01     0.10703830566406E+04
0.16803632085172E+01     0.10656418457031E+04
0.16901816446938E+01     0.10615775146484E+04
0.17000000808705E+01     0.10582274169922E+04
0.17098185170471E+01     0.10556130371094E+04
0.17196369532237E+01     0.10537469482422E+04
0.17294553894003E+01     0.10526320800781E+04
0.17392738255770E+01     0.10522684326172E+04
0.17490922617536E+01     0.10526518554688E+04
0.17589106979302E+01     0.10537785644531E+04
0.17687291341069E+01     0.10556429443359E+04
0.17785475702835E+01     0.10582391357422E+04
0.17883660064601E+01     0.10615573730469E+04
0.17981844426368E+01     0.10655833740234E+04
0.18080028788134E+01     0.10702930908203E+04
0.18178213149900E+01     0.10756514892578E+04
0.18276397511667E+01     0.10816066894531E+04
0.18374581873433E+01     0.10880892333984E+04
0.18472766235199E+01     0.10950070800781E+04
0.18570950596965E+01     0.11022467041016E+04
0.18669134958732E+01     0.11096700439453E+04
0.18767319320498E+01     0.11171174316406E+04
0.18865503682264E+01     0.11244071044922E+04
0.18963688044031E+01     0.11313400878906E+04
0.19061872405797E+01     0.11377021484375E+04
0.19160056767563E+01     0.11432687988281E+04
0.19258241129330E+01     0.11478101806641E+04
0.19356425491096E+01     0.11510953369141E+04
0.19454609852862E+01     0.11528978271484E+04
0.19552794214629E+01     0.11529996337891E+04
0.19650978576395E+01     0.11511959228516E+04
0.19749162938161E+01     0.11472989501953E+04
0.19847347299927E+01     0.11411405029297E+04
0.19945531661694E+01     0.11325751953125E+04
0.20043716023460E+01     0.11214821777344E+04
0.20141900385226E+01     0.11077657470703E+04
0.20240084746993E+01     0.10913570556641E+04
0.20338269108759E+01     0.10722136230469E+04
0.20436453470525E+01     0.10503189697266E+04
0.20534637832292E+01     0.10256826171875E+04
0.20632822194058E+01     0.99833819580078E+03
0.20731006555824E+01     0.96834344482422E+03
0.20829190917591E+01     0.93577795410156E+03
0.20927375279357E+01     0.90074285888672E+03
0.21025559641123E+01     0.86335882568359E+03
0.21123744002889E+01     0.82376586914063E+03
0.21221928364656E+01     0.78212152099609E+03
0.21320112726422E+01     0.73860101318359E+03
0.21418297088188E+01     0.69339672851563E+03
0.21516481449955E+01     0.64668823242188E+03
0.21614665811721E+01     0.59867999267578E+03
0.21712850173487E+01     0.55088000488281E+03
0.21811034535254E+01     0.50462832641602E+03
0.21909218897020E+01     0.46003555297852E+03
0.22007403258786E+01     0.41588839721680E+03
0.22105587620553E+01     0.37011911010742E+03
0.22203771982319E+01     0.32093655395508E+03
0.22301956344085E+01     0.26936434936523E+03
0.22400140705852E+01     0.72296493530273E+02
0.22498325067618E+01     0.53859958648682E+02
0.22596509429384E+01     0.37034179687500E+02
0.22694693791150E+01     0.22670471191406E+02
0.22792878152917E+01     0.11522796630859E+02
0.22891062514683E+01     0.42171516418457E+01
0.22989246876449E+01     0.19062825441360E+01
0.23087431238216E+01     0.00000000000000E+00
0.23185615599982E+01     0.00000000000000E+00
0.23283799961748E+01     0.00000000000000E+00
