0.10716201655661E+01     -.10000000000000E+01
0.10814386017427E+01     -.10000000000000E+01
0.10912570379194E+01     -.10000000000000E+01
0.11010754740960E+01     -.10000000000000E+01
0.11108939102726E+01     -.10000000000000E+01
0.11207123464492E+01     0.90529536828399E-02
0.11305307826259E+01     0.10986295528710E-01
0.11403492188025E+01     0.11216999031603E-01
0.11501676549791E+01     0.10154083371162E-01
0.11599860911558E+01     0.12142895720899E-01
0.11698045273324E+01     0.79485327005386E-02
0.11796229635090E+01     0.12831065803766E-01
0.11894413996857E+01     0.12582452036440E-01
0.11992598358623E+01     0.12745969928801E-01
0.12090782720389E+01     0.14160568825901E-01
0.12188967082156E+01     0.12332591228187E-01
0.12287151443922E+01     0.14786696061492E-01
0.12385335805688E+01     0.15196410007775E-01
0.12483520167454E+01     0.12740535661578E-01
0.12581704529221E+01     0.15908841043711E-01
0.12679888890987E+01     0.16358466818929E-01
0.12778073252753E+01     0.14723405241966E-01
0.12876257614520E+01     0.16892388463020E-01
0.12974441976286E+01     0.17627136781812E-01
0.13072626338052E+01     0.17067302018404E-01
0.13170810699819E+01     0.17184797674417E-01
0.13268995061585E+01     0.18550541251898E-01
0.13367179423351E+01     0.18928430974483E-01
0.13465363785118E+01     0.18486484885216E-01
0.13563548146884E+01     0.18550638109446E-01
0.13661732508650E+01     0.19761145114899E-01
0.13759916870416E+01     0.20365778356791E-01
0.13858101232183E+01     0.20460266619921E-01
0.13956285593949E+01     0.20206568762660E-01
0.14054469955715E+01     0.20339893177152E-01
0.14152654317482E+01     0.21306173875928E-01
0.14250838679248E+01     0.21974528208375E-01
0.14349023041014E+01     0.22386634722352E-01
0.14447207402781E+01     0.22620709612966E-01
0.14545391764547E+01     0.22740414366126E-01
0.14643576126313E+01     0.22796953096986E-01
0.14741760488080E+01     0.23232020437717E-01
0.14839944849846E+01     0.23956060409546E-01
0.14938129211612E+01     0.24565884843469E-01
0.15036313573378E+01     0.25076761841774E-01
0.15134497935145E+01     0.25527387857437E-01
0.15232682296911E+01     0.25951052084565E-01
0.15330866658677E+01     0.26385715231299E-01
0.15429051020444E+01     0.26904273778200E-01
0.15527235382210E+01     0.27548210695386E-01
0.15625419743976E+01     0.28131356462836E-01
0.15723604105743E+01     0.28707446530461E-01
0.15821788467509E+01     0.29409585520625E-01
0.15919972829275E+01     0.30438957735896E-01
0.16018157191042E+01     0.31161408871412E-01
0.16116341552808E+01     0.31659256666899E-01
0.16214525914574E+01     0.32809834927320E-01
0.16312710276340E+01     0.34460548311472E-01
0.16410894638107E+01     0.34665320068598E-01
0.16509078999873E+01     0.37321008741856E-01
0.16607263361639E+01     0.36684844642878E-01
0.16705447723406E+01     0.40859673172235E-01
0.16803632085172E+01     0.38776546716690E-01
0.16901816446938E+01     0.45008137822151E-01
0.17000000808705E+01     0.48994142562151E-01
0.17098185170471E+01     0.54682090878487E-01
0.17196369532237E+01     0.00000000000000E+00
0.17294553894003E+01     0.00000000000000E+00
0.17392738255770E+01     0.00000000000000E+00
0.17490922617536E+01     0.00000000000000E+00
0.17589106979302E+01     0.00000000000000E+00
0.17687291341069E+01     0.00000000000000E+00
0.17785475702835E+01     0.19947907328606E+00
0.17883660064601E+01     0.22263440489769E+00
0.17981844426368E+01     0.24528694152832E+00
0.18080028788134E+01     0.26453676819801E+00
0.18178213149900E+01     0.28349956870079E+00
0.18276397511667E+01     0.30105644464493E+00
0.18374581873433E+01     0.31748077273369E+00
0.18472766235199E+01     0.33294677734375E+00
0.18570950596965E+01     0.34772831201553E+00
0.18669134958732E+01     0.36154237389565E+00
0.18767319320498E+01     0.37484523653984E+00
0.18865503682264E+01     0.38761195540428E+00
0.18963688044031E+01     0.39982146024704E+00
0.19061872405797E+01     0.41156831383705E+00
0.19160056767563E+01     0.42290797829628E+00
0.19258241129330E+01     0.43386664986610E+00
0.19356425491096E+01     0.44447100162506E+00
0.19454609852862E+01     0.45474851131439E+00
0.19552794214629E+01     0.46472644805908E+00
0.19650978576395E+01     0.47442749142647E+00
0.19749162938161E+01     0.48387402296066E+00
0.19847347299927E+01     0.49308204650879E+00
0.19945531661694E+01     0.50206631422043E+00
0.20043716023460E+01     0.51084053516388E+00
0.20141900385226E+01     0.51942926645279E+00
0.20240084746993E+01     0.52783930301666E+00
0.20338269108759E+01     0.53607821464539E+00
0.20436453470525E+01     0.54415571689606E+00
0.20534637832292E+01     0.55208063125610E+00
0.20632822194058E+01     0.55986130237579E+00
0.20731006555824E+01     0.56751739978790E+00
0.20829190917591E+01     0.57505333423615E+00
0.20927375279357E+01     0.58246845006943E+00
0.21025559641123E+01     0.58976650238037E+00
0.21123744002889E+01     0.59696203470230E+00
0.21221928364656E+01     0.60406512022018E+00
0.21320112726422E+01     0.61107003688812E+00
0.21418297088188E+01     0.61797982454300E+00
0.21516481449955E+01     0.62481194734573E+00
0.21614665811721E+01     0.63156121969223E+00
0.21712850173487E+01     0.63824611902237E+00
0.21811034535254E+01     0.64487624168396E+00
0.21909218897020E+01     0.65142500400543E+00
0.22007403258786E+01     0.65791398286819E+00
0.22105587620553E+01     0.66433310508728E+00
0.22203771982319E+01     0.67067605257034E+00
0.22301956344085E+01     0.67695486545563E+00
0.22400140705852E+01     0.68314540386200E+00
0.22498325067618E+01     0.68933695554733E+00
0.22596509429384E+01     0.69547057151794E+00
0.22694693791150E+01     0.70153528451920E+00
0.22792878152917E+01     0.70752739906311E+00
0.22891062514683E+01     -.10000000000000E+01
0.22989246876449E+01     -.10000000000000E+01
0.23087431238216E+01     -.10000000000000E+01
0.23185615599982E+01     -.10000000000000E+01
0.23283799961748E+01     -.10000000000000E+01
