0.10716201655661E+01     0.00000000000000E+00
0.10814386017427E+01     0.00000000000000E+00
0.10912570379194E+01     0.00000000000000E+00
0.11010754740960E+01     0.21569314453125E+05
0.11108939102726E+01     0.19055224609375E+05
0.11207123464492E+01     0.24443699218750E+05
0.11305307826259E+01     0.29041722656250E+05
0.11403492188025E+01     0.32477144531250E+05
0.11501676549791E+01     0.34857058593750E+05
0.11599860911558E+01     0.36325289062500E+05
0.11698045273324E+01     0.37009628906250E+05
0.11796229635090E+01     0.37013484375000E+05
0.11894413996857E+01     0.36395828125000E+05
0.11992598358623E+01     0.34554441406250E+05
0.12090782720389E+01     0.35048820312500E+05
0.12188967082156E+01     0.31122972656250E+05
0.12287151443922E+01     0.26406972656250E+05
0.12385335805688E+01     0.21951716796875E+05
0.12483520167454E+01     0.17829347656250E+05
0.12581704529221E+01     0.14060254882813E+05
0.12679888890987E+01     0.10673281250000E+05
0.12778073252753E+01     0.77356669921875E+04
0.12876257614520E+01     0.53830825195313E+04
0.12974441976286E+01     0.38461022949219E+04
0.13072626338052E+01     0.34531660156250E+04
0.13170810699819E+01     0.38742014160156E+04
0.13268995061585E+01     0.43337802734375E+04
0.13367179423351E+01     0.48299692382813E+04
0.13465363785118E+01     0.53641450195313E+04
0.13563548146884E+01     0.59375761718750E+04
0.13661732508650E+01     0.65514150390625E+04
0.13759916870416E+01     0.72066562500000E+04
0.13858101232183E+01     0.79041245117188E+04
0.13956285593949E+01     0.86444316406250E+04
0.14054469955715E+01     0.94279580078125E+04
0.14152654317482E+01     0.10254816406250E+05
0.14250838679248E+01     0.11124828125000E+05
0.14349023041014E+01     0.12037495117188E+05
0.14447207402781E+01     0.12991967773438E+05
0.14545391764547E+01     0.13987041015625E+05
0.14643576126313E+01     0.15021112304688E+05
0.14741760488080E+01     0.16092207031250E+05
0.14839944849846E+01     0.17197921875000E+05
0.14938129211612E+01     0.18335494140625E+05
0.15036313573378E+01     0.19501732421875E+05
0.15134497935145E+01     0.20693128906250E+05
0.15232682296911E+01     0.21905769531250E+05
0.15330866658677E+01     0.23135498046875E+05
0.15429051020444E+01     0.24377808593750E+05
0.15527235382210E+01     0.25628035156250E+05
0.15625419743976E+01     0.26881234375000E+05
0.15723604105743E+01     0.28132392578125E+05
0.15821788467509E+01     0.29376267578125E+05
0.15919972829275E+01     0.30607626953125E+05
0.16018157191042E+01     0.31821033203125E+05
0.16116341552808E+01     0.33011097656250E+05
0.16214525914574E+01     0.34172210937500E+05
0.16312710276340E+01     0.35298824218750E+05
0.16410894638107E+01     0.36385136718750E+05
0.16509078999873E+01     0.37425402343750E+05
0.16607263361639E+01     0.38413617187500E+05
0.16705447723406E+01     0.39343867187500E+05
0.16803632085172E+01     0.40210046875000E+05
0.16901816446938E+01     0.41006269531250E+05
0.17000000808705E+01     0.41726613281250E+05
0.17098185170471E+01     0.42365617187500E+05
0.17196369532237E+01     0.42918023437500E+05
0.17294553894003E+01     0.43379328125000E+05
0.17392738255770E+01     0.43745503906250E+05
0.17490922617536E+01     0.44013523437500E+05
0.17589106979302E+01     0.44181039062500E+05
0.17687291341069E+01     0.44246820312500E+05
0.17785475702835E+01     0.44210367187500E+05
0.17883660064601E+01     0.44072261718750E+05
0.17981844426368E+01     0.43833683593750E+05
0.18080028788134E+01     0.43496726562500E+05
0.18178213149900E+01     0.43063871093750E+05
0.18276397511667E+01     0.42538261718750E+05
0.18374581873433E+01     0.41923234375000E+05
0.18472766235199E+01     0.41222589843750E+05
0.18570950596965E+01     0.40440195312500E+05
0.18669134958732E+01     0.39580273437500E+05
0.18767319320498E+01     0.38647097656250E+05
0.18865503682264E+01     0.37645300781250E+05
0.18963688044031E+01     0.36579601562500E+05
0.19061872405797E+01     0.35455113281250E+05
0.19160056767563E+01     0.34277113281250E+05
0.19258241129330E+01     0.33051273437500E+05
0.19356425491096E+01     0.31783451171875E+05
0.19454609852862E+01     0.30479865234375E+05
0.19552794214629E+01     0.29146876953125E+05
0.19650978576395E+01     0.27791087890625E+05
0.19749162938161E+01     0.26419152343750E+05
0.19847347299927E+01     0.25037802734375E+05
0.19945531661694E+01     0.23653695312500E+05
0.20043716023460E+01     0.22273386718750E+05
0.20141900385226E+01     0.20903228515625E+05
0.20240084746993E+01     0.19549304687500E+05
0.20338269108759E+01     0.18217380859375E+05
0.20436453470525E+01     0.16912841796875E+05
0.20534637832292E+01     0.15640660156250E+05
0.20632822194058E+01     0.14405352539063E+05
0.20731006555824E+01     0.13210986328125E+05
0.20829190917591E+01     0.12061130859375E+05
0.20927375279357E+01     0.10958898437500E+05
0.21025559641123E+01     0.99069082031250E+04
0.21123744002889E+01     0.89073378906250E+04
0.21221928364656E+01     0.79619023437500E+04
0.21320112726422E+01     0.70718989257813E+04
0.21418297088188E+01     0.62382236328125E+04
0.21516481449955E+01     0.53485439453125E+04
0.21614665811721E+01     0.31271584472656E+04
0.21712850173487E+01     -.24600953674316E+03
0.21811034535254E+01     -.41879570312500E+04
0.21909218897020E+01     -.82028935546875E+04
0.22007403258786E+01     -.11753739257813E+05
0.22105587620553E+01     -.14186693359375E+05
0.22203771982319E+01     -.14842280273438E+05
0.22301956344085E+01     -.13903668945313E+05
0.22400140705852E+01     0.49948632812500E+05
0.22498325067618E+01     0.45767421875000E+05
0.22596509429384E+01     0.41386550781250E+05
0.22694693791150E+01     0.36369238281250E+05
0.22792878152917E+01     0.30160400390625E+05
0.22891062514683E+01     0.22263734375000E+05
0.22989246876449E+01     0.20295757812500E+05
0.23087431238216E+01     0.00000000000000E+00
0.23185615599982E+01     0.00000000000000E+00
0.23283799961748E+01     0.00000000000000E+00
