0.10716200761859E+01     0.00000000000000E+00
0.10814385130769E+01     0.00000000000000E+00
0.10912569499680E+01     0.00000000000000E+00
0.11010753868590E+01     0.19486942291260E+01
0.11108938237501E+01     0.19321396350861E+01
0.11207122606411E+01     0.19159004688263E+01
0.11305306975321E+01     0.18999719619751E+01
0.11403491344232E+01     0.18843472003937E+01
0.11501675713142E+01     0.18690201044083E+01
0.11599860082053E+01     0.18539831638336E+01
0.11698044450963E+01     0.18392299413681E+01
0.11796228819874E+01     0.18247535228729E+01
0.11894413188784E+01     0.18105473518372E+01
0.11992597557695E+01     0.17966052293777E+01
0.12090781926605E+01     0.17829205989838E+01
0.12188966295516E+01     0.17694876194000E+01
0.12287150664426E+01     0.17562998533249E+01
0.12385335033337E+01     0.17433520555496E+01
0.12483519402247E+01     0.17306375503540E+01
0.12581703771157E+01     0.17181512117386E+01
0.12679888140068E+01     0.17058867216110E+01
0.12778072508978E+01     0.16938385963440E+01
0.12876256877889E+01     0.16820009946823E+01
0.12974441246799E+01     0.16703680753708E+01
0.13072625615710E+01     0.16589341163635E+01
0.13170809984620E+01     0.16476931571960E+01
0.13268994353531E+01     0.16366394758224E+01
0.13367178722441E+01     0.16257671117783E+01
0.13465363091352E+01     0.16150703430176E+01
0.13563547460262E+01     0.16045432090759E+01
0.13661731829173E+01     0.15941798686981E+01
0.13759916198083E+01     0.15839742422104E+01
0.13858100566994E+01     0.15739055871964E+01
0.13956284935904E+01     0.15640186071396E+01
0.14054469304814E+01     0.15542534589767E+01
0.14152653673725E+01     0.15446249246597E+01
0.14250838042635E+01     0.15351275205612E+01
0.14349022411546E+01     0.15257560014725E+01
0.14447206780456E+01     0.15165054798126E+01
0.14545391149367E+01     0.15073448419571E+01
0.14643575518277E+01     0.14982585906982E+01
0.14741759887188E+01     0.14892650842667E+01
0.14839944256098E+01     0.14803752899170E+01
0.14938128625009E+01     0.14715951681137E+01
0.15036312993919E+01     0.14629285335541E+01
0.15134497362830E+01     0.14543772935867E+01
0.15232681731740E+01     0.14459427595139E+01
0.15330866100651E+01     0.14376248121262E+01
0.15429050469561E+01     0.14294224977493E+01
0.15527234838471E+01     0.14213340282440E+01
0.15625419207382E+01     0.14133576154709E+01
0.15723603576292E+01     0.14054899215698E+01
0.15821787945203E+01     0.13977276086807E+01
0.15919972314113E+01     0.13900663852692E+01
0.16018156683024E+01     0.13825019598007E+01
0.16116341051934E+01     0.13750289678574E+01
0.16214525420845E+01     0.13676424026489E+01
0.16312709789755E+01     0.13603361845016E+01
0.16410894158666E+01     0.13531043529510E+01
0.16509078527576E+01     0.13459410667419E+01
0.16607262896487E+01     0.13388402462006E+01
0.16705447265397E+01     0.13317956924438E+01
0.16803631634308E+01     0.13248016834259E+01
0.16901816003218E+01     0.13178529739380E+01
0.17000000372128E+01     0.13109443187714E+01
0.17098184741039E+01     0.13040711879730E+01
0.17196369109949E+01     0.12972292900085E+01
0.17294553478860E+01     0.12904151678085E+01
0.17392737847770E+01     0.12836253643036E+01
0.17490922216681E+01     0.12768577337265E+01
0.17589106585591E+01     0.12701095342636E+01
0.17687290954502E+01     0.12633798122406E+01
0.17785475323412E+01     0.12566670179367E+01
0.17883659692323E+01     0.12499716281891E+01
0.17981844061233E+01     0.12432937622070E+01
0.18080028430144E+01     0.12366360425949E+01
0.18178212799054E+01     0.12300009727478E+01
0.18276397167965E+01     0.12233939170837E+01
0.18374581536875E+01     0.12168200016022E+01
0.18472765905785E+01     0.12102876901627E+01
0.18570950274696E+01     0.12038049697876E+01
0.18669134643606E+01     0.11973823308945E+01
0.18767319012517E+01     0.11910299062729E+01
0.18865503381427E+01     0.11847592592239E+01
0.18963687750338E+01     0.11785802841187E+01
0.19061872119248E+01     0.11725031137466E+01
0.19160056488159E+01     0.11665352582932E+01
0.19258240857069E+01     0.11606829166412E+01
0.19356425225980E+01     0.11549485921860E+01
0.19454609594890E+01     0.11493321657181E+01
0.19552793963801E+01     0.11438301801682E+01
0.19650978332711E+01     0.11384360790253E+01
0.19749162701621E+01     0.11331409215927E+01
0.19847347070532E+01     0.11279335021973E+01
0.19945531439442E+01     0.11228014230728E+01
0.20043715808353E+01     0.11177314519882E+01
0.20141900177263E+01     0.11127115488052E+01
0.20240084546174E+01     0.11077305078506E+01
0.20338268915084E+01     0.11027791500092E+01
0.20436453283995E+01     0.10978512763977E+01
0.20534637652905E+01     0.10929440259933E+01
0.20632822021816E+01     0.10880590677261E+01
0.20731006390726E+01     0.10832030773163E+01
0.20829190759637E+01     0.10783888101578E+01
0.20927375128547E+01     0.10736341476440E+01
0.21025559497458E+01     0.10689620971680E+01
0.21123743866368E+01     0.10643973350525E+01
0.21221928235278E+01     0.10599623918533E+01
0.21320112604189E+01     0.10556704998016E+01
0.21418296973099E+01     0.10514909029007E+01
0.21516481342010E+01     0.10473906993866E+01
0.21614665710920E+01     0.10433650016785E+01
0.21712850079831E+01     0.10436832904816E+01
0.21811034448741E+01     0.10388422012329E+01
0.21909218817652E+01     0.10340611934662E+01
0.22007403186562E+01     0.10293618440628E+01
0.22105587555473E+01     0.10247430801392E+01
0.22203771924383E+01     0.10202035903931E+01
0.22301956293294E+01     0.10157436132431E+01
0.22400140662204E+01     0.10113633871078E+01
0.22498325031115E+01     0.10070643424988E+01
0.22596509400025E+01     0.10028475522995E+01
0.22694693768935E+01     0.99871557950974E+00
0.22792878137846E+01     0.99467015266418E+00
0.22891062506756E+01     0.99071401357651E+00
0.22989246875667E+01     0.98684900999069E+00
0.23087431244577E+01     0.00000000000000E+00
0.23185615613488E+01     0.00000000000000E+00
0.23283799982398E+01     0.00000000000000E+00
