0.10716200761859E+01     0.00000000000000E+00
0.10814385130769E+01     0.00000000000000E+00
0.10912569499680E+01     0.00000000000000E+00
0.11010753868590E+01     0.47380046908074E-06
0.11108938237501E+01     0.74547114081724E-06
0.11207122606411E+01     0.13152788369553E-05
0.11305306975321E+01     0.23956972654560E-05
0.11403491344232E+01     0.42565948206175E-05
0.11501675713142E+01     0.72405100581818E-05
0.11599860082053E+01     0.11773236110457E-04
0.11698044450963E+01     0.18372968042968E-04
0.11796228819874E+01     0.27663403670886E-04
0.11894413188784E+01     0.40382088627666E-04
0.11992597557695E+01     0.57396253396291E-04
0.12090781926605E+01     0.79709076089785E-04
0.12188966295516E+01     0.10847775411094E-03
0.12287150664426E+01     0.14501673285849E-03
0.12385335033337E+01     0.19081661594100E-03
0.12483519402247E+01     0.24754353216849E-03
0.12581703771157E+01     0.31705631408840E-03
0.12679888140068E+01     0.40140183409676E-03
0.12778072508978E+01     0.50282670417801E-03
0.12876256877889E+01     0.62376784626395E-03
0.12974441246799E+01     0.76685543172061E-03
0.13072625615710E+01     0.93489704886451E-03
0.13170809984620E+01     0.11308694956824E-02
0.13268994353531E+01     0.13578936923295E-02
0.13367178722441E+01     0.16192147741094E-02
0.13465363091352E+01     0.19181674579158E-02
0.13563547460262E+01     0.22581510711461E-02
0.13661731829173E+01     0.26426110416651E-02
0.13759916198083E+01     0.30752033926547E-02
0.13858100566994E+01     0.35791394766420E-02
0.13956284935904E+01     0.40909042581916E-02
0.14054469304814E+01     0.46854633837938E-02
0.14152653673725E+01     0.53384080529213E-02
0.14250838042635E+01     0.60525024309754E-02
0.14349022411546E+01     0.68295444361866E-02
0.14447206780456E+01     0.76707494445145E-02
0.14545391149367E+01     0.86135081946850E-02
0.14643575518277E+01     0.96745481714606E-02
0.14741759887188E+01     0.10825757868588E-01
0.14839944256098E+01     0.12048617936671E-01
0.14938128625009E+01     0.13330147601664E-01
0.15036312993919E+01     0.14660396613181E-01
0.15134497362830E+01     0.16031434759498E-01
0.15232681731740E+01     0.17436716705561E-01
0.15330866100651E+01     0.18870998173952E-01
0.15429050469561E+01     0.20330073311925E-01
0.15527234838471E+01     0.21810874342918E-01
0.15625419207382E+01     0.23311221972108E-01
0.15723603576292E+01     0.24829993024468E-01
0.15821787945203E+01     0.26366820558906E-01
0.15919972314113E+01     0.27922224253416E-01
0.16018156683024E+01     0.29497254639864E-01
0.16116341051934E+01     0.31093636527658E-01
0.16214525420845E+01     0.32713267952204E-01
0.16312709789755E+01     0.34358374774456E-01
0.16410894158666E+01     0.36030888557434E-01
0.16509078527576E+01     0.37732567638159E-01
0.16607262896487E+01     0.39464291185141E-01
0.16705447265397E+01     0.41226204484701E-01
0.16803631634308E+01     0.43016929179430E-01
0.16901816003218E+01     0.44833827763796E-01
0.17000000372128E+01     0.46672236174345E-01
0.17098184741039E+01     0.48525951802731E-01
0.17196369109949E+01     0.50386510789394E-01
0.17294553478860E+01     0.52244003862143E-01
0.17392737847770E+01     0.54086446762085E-01
0.17490922216681E+01     0.55900882929564E-01
0.17589106585591E+01     0.57672772556543E-01
0.17687290954502E+01     0.59387315064669E-01
0.17785475323412E+01     0.61028718948364E-01
0.17883659692323E+01     0.62581576406956E-01
0.17981844061233E+01     0.64029969274998E-01
0.18080028430144E+01     0.65358854830265E-01
0.18178212799054E+01     0.66552922129631E-01
0.18276397167965E+01     0.67597880959511E-01
0.18374581536875E+01     0.68479187786579E-01
0.18472765905785E+01     0.69183401763439E-01
0.18570950274696E+01     0.69696828722954E-01
0.18669134643606E+01     0.70007123053074E-01
0.18767319012517E+01     0.70102058351040E-01
0.18865503381427E+01     0.69971464574337E-01
0.18963687750338E+01     0.69606281816959E-01
0.19061872119248E+01     0.69000840187073E-01
0.19160056488159E+01     0.68152189254761E-01
0.19258240857069E+01     0.67062459886074E-01
0.19356425225980E+01     0.65738096833229E-01
0.19454609594890E+01     0.64191877841949E-01
0.19552793963801E+01     0.62441572546959E-01
0.19650978332711E+01     0.60511052608490E-01
0.19749162701621E+01     0.58428246527910E-01
0.19847347070532E+01     0.56225243955851E-01
0.19945531439442E+01     0.53935751318932E-01
0.20043715808353E+01     0.51594585180283E-01
0.20141900177263E+01     0.49235023558140E-01
0.20240084546174E+01     0.46888209879398E-01
0.20338268915084E+01     0.44580791145563E-01
0.20436453283995E+01     0.42334262281656E-01
0.20534637652905E+01     0.40162757039070E-01
0.20632822021816E+01     0.38072045892477E-01
0.20731006390726E+01     0.36057308316231E-01
0.20829190759637E+01     0.34102316945791E-01
0.20927375128547E+01     0.32178636640310E-01
0.21025559497458E+01     0.30247895047069E-01
0.21123743866368E+01     0.28266225010157E-01
0.21221928235278E+01     0.26192914694548E-01
0.21320112604189E+01     0.24001177400351E-01
0.21418296973099E+01     0.21758640184999E-01
0.21516481342010E+01     0.19527344033122E-01
0.21614665710920E+01     0.17326237633824E-01
0.21712850079831E+01     0.18355101346970E-02
0.21811034448741E+01     0.14987719478086E-02
0.21909218817652E+01     0.11927782325074E-02
0.22007403186562E+01     0.92173606390134E-03
0.22105587555473E+01     0.68821519380435E-03
0.22203771924383E+01     0.49323047278449E-03
0.22301956293294E+01     0.33624804927967E-03
0.22400140662204E+01     0.21530523372348E-03
0.22498325031115E+01     0.12711198360194E-03
0.22596509400025E+01     0.67256332840770E-04
0.22694693768935E+01     0.30453215003945E-04
0.22792878137846E+01     0.10903028851317E-04
0.22891062506756E+01     0.27399980808696E-05
0.22989246875667E+01     0.53549257472696E-06
0.23087431244577E+01     0.00000000000000E+00
0.23185615613488E+01     0.00000000000000E+00
0.23283799982398E+01     0.00000000000000E+00
