0.10716200761859E+01     0.00000000000000E+00
0.10814385130769E+01     0.00000000000000E+00
0.10912569499680E+01     0.00000000000000E+00
0.11010753868590E+01     0.19339355230331E+01
0.11108938237501E+01     0.19168453216553E+01
0.11207122606411E+01     0.19000576734543E+01
0.11305306975321E+01     0.18835656642914E+01
0.11403491344232E+01     0.18673627376556E+01
0.11501675713142E+01     0.18514429330826E+01
0.11599860082053E+01     0.18357999324799E+01
0.11698044450963E+01     0.18204282522202E+01
0.11796228819874E+01     0.18053222894669E+01
0.11894413188784E+01     0.17904766798019E+01
0.11992597557695E+01     0.17758862972260E+01
0.12090781926605E+01     0.17615463733673E+01
0.12188966295516E+01     0.17474519014359E+01
0.12287150664426E+01     0.17335983514786E+01
0.12385335033337E+01     0.17199815511703E+01
0.12483519402247E+01     0.17065969705582E+01
0.12581703771157E+01     0.16934407949448E+01
0.12679888140068E+01     0.16805089712143E+01
0.12778072508978E+01     0.16677980422974E+01
0.12876256877889E+01     0.16553043127060E+01
0.12974441246799E+01     0.16430246829987E+01
0.13072625615710E+01     0.16309560537338E+01
0.13170809984620E+01     0.16190956830978E+01
0.13268994353531E+01     0.16074410676956E+01
0.13367178722441E+01     0.15959900617599E+01
0.13465363091352E+01     0.15847406387329E+01
0.13563547460262E+01     0.15736912488937E+01
0.13661731829173E+01     0.15628407001495E+01
0.13759916198083E+01     0.15521875619888E+01
0.13858100566994E+01     0.15417159795761E+01
0.13956284935904E+01     0.15314767360687E+01
0.14054469304814E+01     0.15214143991470E+01
0.14152653673725E+01     0.15115497112274E+01
0.14250838042635E+01     0.15018825531006E+01
0.14349022411546E+01     0.14924135208130E+01
0.14447206780456E+01     0.14831429719925E+01
0.14545391149367E+01     0.14740355014801E+01
0.14643575518277E+01     0.14650689363480E+01
0.14741759887188E+01     0.14562625885010E+01
0.14839944256098E+01     0.14476274251938E+01
0.14938128625009E+01     0.14391697645187E+01
0.15036312993919E+01     0.14308922290802E+01
0.15134497362830E+01     0.14227957725525E+01
0.15232681731740E+01     0.14148794412613E+01
0.15330866100651E+01     0.14071412086487E+01
0.15429050469561E+01     0.13995780944824E+01
0.15527234838471E+01     0.13921864032745E+01
0.15625419207382E+01     0.13849617242813E+01
0.15723603576292E+01     0.13778994083405E+01
0.15821787945203E+01     0.13709945678711E+01
0.15919972314113E+01     0.13642420768738E+01
0.16018156683024E+01     0.13576365709305E+01
0.16116341051934E+01     0.13511729240417E+01
0.16214525420845E+01     0.13448455333710E+01
0.16312709789755E+01     0.13386486768723E+01
0.16410894158666E+01     0.13325761556625E+01
0.16509078527576E+01     0.13266217708588E+01
0.16607262896487E+01     0.13207778930664E+01
0.16705447265397E+01     0.13150364160538E+01
0.16803631634308E+01     0.13093875646591E+01
0.16901816003218E+01     0.13038202524185E+01
0.17000000372128E+01     0.12983212471008E+01
0.17098184741039E+01     0.12928752899170E+01
0.17196369109949E+01     0.12874643802643E+01
0.17294553478860E+01     0.12820682525635E+01
0.17392737847770E+01     0.12766636610031E+01
0.17490922216681E+01     0.12712255716324E+01
0.17589106585591E+01     0.12657266855240E+01
0.17687290954502E+01     0.12601394653320E+01
0.17785475323412E+01     0.12544354200363E+01
0.17883659692323E+01     0.12485886812210E+01
0.17981844061233E+01     0.12425745725632E+01
0.18080028430144E+01     0.12363741397858E+01
0.18178212799054E+01     0.12299723625183E+01
0.18276397167965E+01     0.12233623266220E+01
0.18374581536875E+01     0.12165423631668E+01
0.18472765905785E+01     0.12095201015472E+01
0.18570950274696E+01     0.12023086547852E+01
0.18669134643606E+01     0.11949288845062E+01
0.18767319012517E+01     0.11874061822891E+01
0.18865503381427E+01     0.11797704696655E+01
0.18963687750338E+01     0.11720530986786E+01
0.19061872119248E+01     0.11642867326736E+01
0.19160056488159E+01     0.11565016508102E+01
0.19258240857069E+01     0.11487264633179E+01
0.19356425225980E+01     0.11409846544266E+01
0.19454609594890E+01     0.11332956552505E+01
0.19552793963801E+01     0.11256732940674E+01
0.19650978332711E+01     0.11181261539459E+01
0.19749162701621E+01     0.11106579303741E+01
0.19847347070532E+01     0.11032687425613E+01
0.19945531439442E+01     0.10959551334381E+01
0.20043715808353E+01     0.10887124538422E+01
0.20141900177263E+01     0.10815351009369E+01
0.20240084546174E+01     0.10744187831879E+01
0.20338268915084E+01     0.10673605203629E+01
0.20436453283995E+01     0.10603611469269E+01
0.20534637652905E+01     0.10534248352051E+01
0.20632822021816E+01     0.10465614795685E+01
0.20731006390726E+01     0.10397861003876E+01
0.20829190759637E+01     0.10331196784973E+01
0.20927375128547E+01     0.10265884399414E+01
0.21025559497458E+01     0.10202225446701E+01
0.21123743866368E+01     0.10140525102615E+01
0.21221928235278E+01     0.10081053972244E+01
0.21320112604189E+01     0.10023994445801E+01
0.21418296973099E+01     0.99691933393478E+00
0.21516481342010E+01     0.99164295196533E+00
0.21614665710920E+01     0.98655629158020E+00
0.21712850079831E+01     0.98630595207214E+00
0.21811034448741E+01     0.98085683584213E+00
0.21909218817652E+01     0.97558432817459E+00
0.22007403186562E+01     0.97047644853592E+00
0.22105587555473E+01     0.96552151441574E+00
0.22203771924383E+01     0.96070879697800E+00
0.22301956293294E+01     0.95602828264236E+00
0.22400140662204E+01     0.95147103071213E+00
0.22498325031115E+01     0.94702875614166E+00
0.22596509400025E+01     0.94269412755966E+00
0.22694693768935E+01     0.93845963478088E+00
0.22792878137846E+01     0.93431735038757E+00
0.22891062506756E+01     0.93025749921799E+00
0.22989246875667E+01     0.92626768350601E+00
0.23087431244577E+01     0.00000000000000E+00
0.23185615613488E+01     0.00000000000000E+00
0.23283799982398E+01     0.00000000000000E+00
