0.10716200761859E+01     0.00000000000000E+00
0.10814385130769E+01     0.00000000000000E+00
0.10912569499680E+01     0.00000000000000E+00
0.11010753868590E+01     -.16231863098313E-15
0.11108938237501E+01     -.22547246785323E-15
0.11207122606411E+01     -.20487237511310E-15
0.11305306975321E+01     -.18463008761874E-15
0.11403491344232E+01     -.18304041853498E-15
0.11501675713142E+01     -.14518230742722E-15
0.11599860082053E+01     -.14395344790922E-15
0.11698044450963E+01     -.14274522158441E-15
0.11796228819874E+01     -.28311419811441E-15
0.11894413188784E+01     -.14038859063669E-15
0.11992597557695E+01     -.13923921986682E-15
0.12090781926605E+01     -.13810851029158E-15
0.12188966295516E+01     -.13699602515959E-15
0.12287150664426E+01     -.13590131448460E-15
0.12385335033337E+01     -.26964790950028E-15
0.12483519402247E+01     -.13376354890952E-15
0.12581703771157E+01     -.13271969991603E-15
0.12679888140068E+01     0.00000000000000E+00
0.12778072508978E+01     0.00000000000000E+00
0.12876256877889E+01     0.00000000000000E+00
0.12974441246799E+01     -.25740452470375E-15
0.13072625615710E+01     -.25547122494121E-15
0.13170809984620E+01     0.00000000000000E+00
0.13268994353531E+01     0.00000000000000E+00
0.13367178722441E+01     -.24984179103419E-15
0.13465363091352E+01     -.24802003492289E-15
0.13563547460262E+01     -.24622464271206E-15
0.13661731829173E+01     -.24445508500613E-15
0.13759916198083E+01     -.48542150600032E-15
0.13858100566994E+01     -.48198234047623E-15
0.13956284935904E+01     -.47859150876969E-15
0.14054469304814E+01     0.00000000000000E+00
0.14152653673725E+01     0.00000000000000E+00
0.14250838042635E+01     0.00000000000000E+00
0.14349022411546E+01     0.00000000000000E+00
0.14447206780456E+01     -.92465758763953E-15
0.14545391149367E+01     -.45920795386516E-15
0.14643575518277E+01     0.00000000000000E+00
0.14741759887188E+01     0.00000000000000E+00
0.14839944256098E+01     0.00000000000000E+00
0.14938128625009E+01     0.00000000000000E+00
0.15036312993919E+01     0.00000000000000E+00
0.15134497362830E+01     0.00000000000000E+00
0.15232681731740E+01     0.00000000000000E+00
0.15330866100651E+01     0.00000000000000E+00
0.15429050469561E+01     0.00000000000000E+00
0.15527234838471E+01     0.00000000000000E+00
0.15625419207382E+01     0.00000000000000E+00
0.15723603576292E+01     0.00000000000000E+00
0.15821787945203E+01     -.42216212088405E-15
0.15919972314113E+01     -.41955850042287E-15
0.16018156683024E+01     -.41698677604611E-15
0.16116341051934E+01     -.41444639188839E-15
0.16214525420845E+01     -.41193679208436E-15
0.16312709789755E+01     0.00000000000000E+00
0.16410894158666E+01     0.00000000000000E+00
0.16509078527576E+01     0.00000000000000E+00
0.16607262896487E+01     -.80439018525553E-15
0.16705447265397E+01     -.79966247086043E-15
0.16803631634308E+01     0.00000000000000E+00
0.16901816003218E+01     -.79037184291803E-15
0.17000000372128E+01     -.78580697060704E-15
0.17098184741039E+01     -.78129456139922E-15
0.17196369109949E+01     -.77683371532206E-15
0.17294553478860E+01     -.77242347946350E-15
0.17392737847770E+01     -.76806305973016E-15
0.17490922216681E+01     0.00000000000000E+00
0.17589106585591E+01     -.75948822756775E-15
0.17687290954502E+01     -.75527217401235E-15
0.17785475323412E+01     -.75110270726905E-15
0.17883659692323E+01     -.74697903324446E-15
0.17981844061233E+01     -.74290041078475E-15
0.18080028430144E+01     -.73886604579654E-15
0.18178212799054E+01     -.14697505001311E-14
0.18276397167965E+01     -.73092738831707E-15
0.18374581536875E+01     0.00000000000000E+00
0.18472765905785E+01     -.14463150043047E-14
0.18570950274696E+01     -.71933415424712E-15
0.18669134643606E+01     -.71555104040689E-15
0.18767319012517E+01     0.00000000000000E+00
0.18865503381427E+01     0.00000000000000E+00
0.18963687750338E+01     0.00000000000000E+00
0.19061872119248E+01     0.00000000000000E+00
0.19160056488159E+01     -.69721711814269E-15
0.19258240857069E+01     -.69366249143998E-15
0.19356425225980E+01     0.00000000000000E+00
0.19454609594890E+01     0.00000000000000E+00
0.19552793963801E+01     0.00000000000000E+00
0.19650978332711E+01     -.67979920907138E-15
0.19749162701621E+01     0.00000000000000E+00
0.19847347070532E+01     -.67307329101415E-15
0.19945531439442E+01     -.66976001576185E-15
0.20043715808353E+01     -.33323959622967E-15
0.20141900177263E+01     -.33161517232529E-15
0.20240084546174E+01     0.00000000000000E+00
0.20338268915084E+01     -.32841336131489E-15
0.20436453283995E+01     -.65367110138479E-15
0.20534637652905E+01     -.32527282784427E-15
0.20632822021816E+01     -.32372495454250E-15
0.20731006390726E+01     0.00000000000000E+00
0.20829190759637E+01     0.00000000000000E+00
0.20927375128547E+01     0.00000000000000E+00
0.21025559497458E+01     0.00000000000000E+00
0.21123743866368E+01     0.00000000000000E+00
0.21221928235278E+01     0.00000000000000E+00
0.21320112604189E+01     0.00000000000000E+00
0.21418296973099E+01     0.00000000000000E+00
0.21516481342010E+01     -.31042992540240E-15
0.21614665710920E+01     0.00000000000000E+00
0.21712850079831E+01     0.00000000000000E+00
0.21811034448741E+01     -.30623764170908E-15
0.21909218817652E+01     -.15243263152304E-15
0.22007403186562E+01     0.00000000000000E+00
0.22105587555473E+01     -.30215706048568E-15
0.22203771924383E+01     -.30082094542073E-15
0.22301956293294E+01     -.14974829146896E-15
0.22400140662204E+01     -.22363787389882E-15
0.22498325031115E+01     -.22266188018534E-15
0.22596509400025E+01     -.29559252867468E-15
0.22694693768935E+01     -.47825978949172E-15
0.22792878137846E+01     -.84250698551932E-15
0.22891062506756E+01     -.16048393379657E-14
0.22989246875667E+01     -.32254788050130E-14
0.23087431244577E+01     0.00000000000000E+00
0.23185615613488E+01     0.00000000000000E+00
0.23283799982398E+01     0.00000000000000E+00
