0.10716200761859E+01     0.00000000000000E+00
0.10814385130769E+01     0.00000000000000E+00
0.10912569499680E+01     0.00000000000000E+00
0.11010753868590E+01     0.23937973380089E+00
0.11108938237501E+01     0.24262672662735E+00
0.11207122606411E+01     0.24587745964527E+00
0.11305306975321E+01     0.24914687871933E+00
0.11403491344232E+01     0.25242972373962E+00
0.11501675713142E+01     0.25572502613068E+00
0.11599860082053E+01     0.25902128219604E+00
0.11698044450963E+01     0.26231202483177E+00
0.11796228819874E+01     0.26558771729469E+00
0.11894413188784E+01     0.26884010434151E+00
0.11992597557695E+01     0.27206265926361E+00
0.12090781926605E+01     0.27524599432945E+00
0.12188966295516E+01     0.27838528156281E+00
0.12287150664426E+01     0.28147107362747E+00
0.12385335033337E+01     0.28449913859367E+00
0.12483519402247E+01     0.28745949268341E+00
0.12581703771157E+01     0.29034754633904E+00
0.12679888140068E+01     0.29315316677094E+00
0.12778072508978E+01     0.29587003588676E+00
0.12876256877889E+01     0.29848772287369E+00
0.12974441246799E+01     0.30099779367447E+00
0.13072625615710E+01     0.30338889360428E+00
0.13170809984620E+01     0.30565041303635E+00
0.13268994353531E+01     0.30776962637901E+00
0.13367178722441E+01     0.30973336100578E+00
0.13465363091352E+01     0.31152758002281E+00
0.13563547460262E+01     0.31313678622246E+00
0.13661731829173E+01     0.31454515457153E+00
0.13759916198083E+01     0.31573453545570E+00
0.13858100566994E+01     0.31668716669083E+00
0.13956284935904E+01     0.31738495826721E+00
0.14054469304814E+01     0.31780841946602E+00
0.14152653673725E+01     0.31793668866158E+00
0.14250838042635E+01     0.31774994730949E+00
0.14349022411546E+01     0.31722730398178E+00
0.14447206780456E+01     0.31634742021561E+00
0.14545391149367E+01     0.31513121724129E+00
0.14643575518277E+01     0.31361117959023E+00
0.14741759887188E+01     0.31178519129753E+00
0.14839944256098E+01     0.30965399742126E+00
0.14938128625009E+01     0.30721762776375E+00
0.15036312993919E+01     0.30447837710381E+00
0.15134497362830E+01     0.30143919587135E+00
0.15232681731740E+01     0.29810518026352E+00
0.15330866100651E+01     0.29448014497757E+00
0.15429050469561E+01     0.29056778550148E+00
0.15527234838471E+01     0.28636974096298E+00
0.15625419207382E+01     0.28188785910606E+00
0.15723603576292E+01     0.27711939811707E+00
0.15821787945203E+01     0.27205944061279E+00
0.15919972314113E+01     0.26669883728027E+00
0.16018156683024E+01     0.26102599501610E+00
0.16116341051934E+01     0.25502258539200E+00
0.16214525420845E+01     0.24866902828217E+00
0.16312709789755E+01     0.24193839728832E+00
0.16410894158666E+01     0.23480242490768E+00
0.16509078527576E+01     0.22722689807415E+00
0.16607262896487E+01     0.21917764842510E+00
0.16705447265397E+01     0.21061566472054E+00
0.16803631634308E+01     0.20150402188301E+00
0.16901816003218E+01     0.19180509448051E+00
0.17000000372128E+01     0.18148581683636E+00
0.17098184741039E+01     0.17051400244236E+00
0.17196369109949E+01     0.15886864066124E+00
0.17294553478860E+01     0.14653366804123E+00
0.17392737847770E+01     0.13350696861744E+00
0.17490922216681E+01     0.11979561299086E+00
0.17589106585591E+01     0.10542384535074E+00
0.17687290954502E+01     0.90427055954933E-01
0.17785475323412E+01     0.74858024716377E-01
0.17883659692323E+01     0.58782480657101E-01
0.17981844061233E+01     0.42282655835152E-01
0.18080028430144E+01     0.25451166555285E-01
0.18178212799054E+01     0.83899777382612E-02
0.18276397167965E+01     -.87944231927395E-02
0.18374581536875E+01     -.25992829352617E-01
0.18472765905785E+01     -.43096799403429E-01
0.18570950274696E+01     -.60002341866493E-01
0.18669134643606E+01     -.76611362397671E-01
0.18767319012517E+01     -.92838361859322E-01
0.18865503381427E+01     -.10860960930586E+00
0.18963687750338E+01     -.12386674433947E+00
0.19061872119248E+01     -.13856391608715E+00
0.19160056488159E+01     -.15267121791840E+00
0.19258240857069E+01     -.16616944968700E+00
0.19356425225980E+01     -.17905361950397E+00
0.19454609594890E+01     -.19132478535175E+00
0.19552793963801E+01     -.20299547910690E+00
0.19650978332711E+01     -.21408137679100E+00
0.19749162701621E+01     -.22460508346558E+00
0.19847347070532E+01     -.23458954691887E+00
0.19945531439442E+01     -.24405999481678E+00
0.20043715808353E+01     -.25303930044174E+00
0.20141900177263E+01     -.26155072450638E+00
0.20240084546174E+01     -.26961293816566E+00
0.20338268915084E+01     -.27724233269691E+00
0.20436453283995E+01     -.28444987535477E+00
0.20534637652905E+01     -.29124310612679E+00
0.20632822021816E+01     -.29762625694275E+00
0.20731006390726E+01     -.30360159277916E+00
0.20829190759637E+01     -.30917027592659E+00
0.20927375128547E+01     -.31433495879173E+00
0.21025559497458E+01     -.31910184025764E+00
0.21123743866368E+01     -.32347956299782E+00
0.21221928235278E+01     -.32748067378998E+00
0.21320112604189E+01     -.33111256361008E+00
0.21418296973099E+01     -.33434236049652E+00
0.21516481342010E+01     -.33715227246284E+00
0.21614665710920E+01     -.33958378434181E+00
0.21712850079831E+01     -.34128504991531E+00
0.21811034448741E+01     -.34221780300140E+00
0.21909218817652E+01     -.34280845522881E+00
0.22007403186562E+01     -.34316375851631E+00
0.22105587555473E+01     -.34331691265106E+00
0.22203771924383E+01     -.34329858422279E+00
0.22301956293294E+01     -.34313997626305E+00
0.22400140662204E+01     -.34286844730377E+00
0.22498325031115E+01     -.34251272678375E+00
0.22596509400025E+01     -.34209781885147E+00
0.22694693768935E+01     -.34165242314339E+00
0.22792878137846E+01     -.34120348095894E+00
0.22891062506756E+01     -.34078609943390E+00
0.22989246875667E+01     -.34043961763382E+00
0.23087431244577E+01     0.00000000000000E+00
0.23185615613488E+01     0.00000000000000E+00
0.23283799982398E+01     0.00000000000000E+00
