0.10716200761859E+01     0.00000000000000E+00
0.10814385130769E+01     0.00000000000000E+00
0.10912569499680E+01     0.00000000000000E+00
0.11010753868590E+01     0.21046388671875E+05
0.11108938237501E+01     0.17292369140625E+05
0.11207122606411E+01     0.19760847656250E+05
0.11305306975321E+01     0.23165244140625E+05
0.11403491344232E+01     0.27488730468750E+05
0.11501675713142E+01     0.32385695312500E+05
0.11599860082053E+01     0.37688996093750E+05
0.11698044450963E+01     0.43323710937500E+05
0.11796228819874E+01     0.49236488281250E+05
0.11894413188784E+01     0.55395718750000E+05
0.11992597557695E+01     0.61780902343750E+05
0.12090781926605E+01     0.68376468750000E+05
0.12188966295516E+01     0.75171742187500E+05
0.12287150664426E+01     0.82157187500000E+05
0.12385335033337E+01     0.89325656250000E+05
0.12483519402247E+01     0.96669781250000E+05
0.12581703771157E+01     0.10418339062500E+06
0.12679888140068E+01     0.11185984375000E+06
0.12778072508978E+01     0.11969294531250E+06
0.12876256877889E+01     0.12767592968750E+06
0.12974441246799E+01     0.13580198437500E+06
0.13072625615710E+01     0.14406365625000E+06
0.13170809984620E+01     0.15245321875000E+06
0.13268994353531E+01     0.16096220312500E+06
0.13367178722441E+01     0.16958167187500E+06
0.13465363091352E+01     0.17830204687500E+06
0.13563547460262E+01     0.18711323437500E+06
0.13661731829173E+01     0.19600495312500E+06
0.13759916198083E+01     0.20496934375000E+06
0.13858100566994E+01     0.21423123437500E+06
0.13956284935904E+01     0.22298760937500E+06
0.14054469304814E+01     0.23208048437500E+06
0.14152653673725E+01     0.24117634375000E+06
0.14250838042635E+01     0.25026760937500E+06
0.14349022411546E+01     0.25934001562500E+06
0.14447206780456E+01     0.26837784375000E+06
0.14545391149367E+01     0.27760028125000E+06
0.14643575518277E+01     0.28703596875000E+06
0.14741759887188E+01     0.29645443750000E+06
0.14839944256098E+01     0.30573596875000E+06
0.14938128625009E+01     0.31481946875000E+06
0.15036312993919E+01     0.32367350000000E+06
0.15134497362830E+01     0.33228353125000E+06
0.15232681731740E+01     0.34064409375000E+06
0.15330866100651E+01     0.34875618750000E+06
0.15429050469561E+01     0.35662415625000E+06
0.15527234838471E+01     0.36425546875000E+06
0.15625419207382E+01     0.37165875000000E+06
0.15723603576292E+01     0.37884437500000E+06
0.15821787945203E+01     0.38582250000000E+06
0.15919972314113E+01     0.39260418750000E+06
0.16018156683024E+01     0.39919940625000E+06
0.16116341051934E+01     0.40561815625000E+06
0.16214525420845E+01     0.41186859375000E+06
0.16312709789755E+01     0.41795806250000E+06
0.16410894158666E+01     0.42389103125000E+06
0.16509078527576E+01     0.42967053125000E+06
0.16607262896487E+01     0.43529562500000E+06
0.16705447265397E+01     0.44076340625000E+06
0.16803631634308E+01     0.44606634375000E+06
0.16901816003218E+01     0.45119456250000E+06
0.17000000372128E+01     0.45613343750000E+06
0.17098184741039E+01     0.46086640625000E+06
0.17196369109949E+01     0.46537259375000E+06
0.17294553478860E+01     0.46963025000000E+06
0.17392737847770E+01     0.47361434375000E+06
0.17490922216681E+01     0.47730053125000E+06
0.17589106585591E+01     0.48066234375000E+06
0.17687290954502E+01     0.48367571875000E+06
0.17785475323412E+01     0.48631543750000E+06
0.17883659692323E+01     0.48855984375000E+06
0.17981844061233E+01     0.49038690625000E+06
0.18080028430144E+01     0.49177884375000E+06
0.18178212799054E+01     0.49271768750000E+06
0.18276397167965E+01     0.49318965625000E+06
0.18374581536875E+01     0.49318062500000E+06
0.18472765905785E+01     0.49268028125000E+06
0.18570950274696E+01     0.49167753125000E+06
0.18669134643606E+01     0.49016490625000E+06
0.18767319012517E+01     0.48813396875000E+06
0.18865503381427E+01     0.48557978125000E+06
0.18963687750338E+01     0.48249693750000E+06
0.19061872119248E+01     0.47888418750000E+06
0.19160056488159E+01     0.47474081250000E+06
0.19258240857069E+01     0.47007175000000E+06
0.19356425225980E+01     0.46488393750000E+06
0.19454609594890E+01     0.45919134375000E+06
0.19552793963801E+01     0.45301137500000E+06
0.19650978332711E+01     0.44636893750000E+06
0.19749162701621E+01     0.43929290625000E+06
0.19847347070532E+01     0.43181871875000E+06
0.19945531439442E+01     0.42398468750000E+06
0.20043715808353E+01     0.41583362500000E+06
0.20141900177263E+01     0.40740856250000E+06
0.20240084546174E+01     0.39875365625000E+06
0.20338268915084E+01     0.38990937500000E+06
0.20436453283995E+01     0.38091212500000E+06
0.20534637652905E+01     0.37178850000000E+06
0.20632822021816E+01     0.36255284375000E+06
0.20731006390726E+01     0.35319984375000E+06
0.20829190759637E+01     0.34370100000000E+06
0.20927375128547E+01     0.33399828125000E+06
0.21025559497458E+01     0.32400531250000E+06
0.21123743866368E+01     0.31361021875000E+06
0.21221928235278E+01     0.30268968750000E+06
0.21320112604189E+01     0.29112615625000E+06
0.21418296973099E+01     0.27900837500000E+06
0.21516481342010E+01     0.26642778125000E+06
0.21614665710920E+01     0.25337656250000E+06
0.21712850079831E+01     0.15745918750000E+06
0.21811034448741E+01     0.14658239062500E+06
0.21909218817652E+01     0.13539362500000E+06
0.22007403186562E+01     0.12393271093750E+06
0.22105587555473E+01     0.11223731250000E+06
0.22203771924383E+01     0.10034826562500E+06
0.22301956293294E+01     0.88309687500000E+05
0.22400140662204E+01     0.76174265625000E+05
0.22498325031115E+01     0.64006972656250E+05
0.22596509400025E+01     0.51897789062500E+05
0.22694693768935E+01     0.39987410156250E+05
0.22792878137846E+01     0.28555708984375E+05
0.22891062506756E+01     0.18424767578125E+05
0.22989246875667E+01     0.14368786132813E+05
0.23087431244577E+01     0.00000000000000E+00
0.23185615613488E+01     0.00000000000000E+00
0.23283799982398E+01     0.00000000000000E+00
