0.10716200761859E+01     0.00000000000000E+00
0.10814385130769E+01     0.00000000000000E+00
0.10912569499680E+01     0.00000000000000E+00
0.11010753868590E+01     0.25853613281250E+04
0.11108938237501E+01     0.21714738769531E+04
0.11207122606411E+01     0.25360124511719E+04
0.11305306975321E+01     0.30377016601563E+04
0.11403491344232E+01     0.36824274902344E+04
0.11501675713142E+01     0.44311093750000E+04
0.11599860082053E+01     0.52655561523438E+04
0.11698044450963E+01     0.61788525390625E+04
0.11796228819874E+01     0.71662319335938E+04
0.11894413188784E+01     0.82254638671875E+04
0.11992597557695E+01     0.93555761718750E+04
0.12090781926605E+01     0.10555909179688E+05
0.12188966295516E+01     0.11826422851563E+05
0.12287150664426E+01     0.13166813476563E+05
0.12385335033337E+01     0.14577131835938E+05
0.12483519402247E+01     0.16056883789063E+05
0.12581703771157E+01     0.17605779296875E+05
0.12679888140068E+01     0.19222886718750E+05
0.12778072508978E+01     0.20907279296875E+05
0.12876256877889E+01     0.22657357421875E+05
0.12974441246799E+01     0.24471308593750E+05
0.13072625615710E+01     0.26346625000000E+05
0.13170809984620E+01     0.28280376953125E+05
0.13268994353531E+01     0.30268898437500E+05
0.13367178722441E+01     0.32307886718750E+05
0.13465363091352E+01     0.34392312500000E+05
0.13563547460262E+01     0.36516335937500E+05
0.13661731829173E+01     0.38673429687500E+05
0.13759916198083E+01     0.40856660156250E+05
0.13858100566994E+01     0.43105687500000E+05
0.13956284935904E+01     0.45250687500000E+05
0.14054469304814E+01     0.47455019531250E+05
0.14152653673725E+01     0.49642347656250E+05
0.14250838042635E+01     0.51801898437500E+05
0.14349022411546E+01     0.53920636718750E+05
0.14447206780456E+01     0.55984394531250E+05
0.14545391149367E+01     0.58036164062500E+05
0.14643575518277E+01     0.60081539062500E+05
0.14741759887188E+01     0.62064238281250E+05
0.14839944256098E+01     0.63951597656250E+05
0.14938128625009E+01     0.65723296875000E+05
0.15036312993919E+01     0.67365960937500E+05
0.15134497362830E+01     0.68870218750000E+05
0.15232681731740E+01     0.70229453125000E+05
0.15330866100651E+01     0.71438507812500E+05
0.15429050469561E+01     0.72493257812500E+05
0.15527234838471E+01     0.73390023437500E+05
0.15625419207382E+01     0.74125687500000E+05
0.15723603576292E+01     0.74696460937500E+05
0.15821787945203E+01     0.75098085937500E+05
0.15919972314113E+01     0.75325234375000E+05
0.16018156683024E+01     0.75371625000000E+05
0.16116341051934E+01     0.75228804687500E+05
0.16214525420845E+01     0.74887242187500E+05
0.16312709789755E+01     0.74334648437500E+05
0.16410894158666E+01     0.73557250000000E+05
0.16509078527576E+01     0.72538609375000E+05
0.16607262896487E+01     0.71260984375000E+05
0.16705447265397E+01     0.69704148437500E+05
0.16803631634308E+01     0.67847257812500E+05
0.16901816003218E+01     0.65668492187500E+05
0.17000000372128E+01     0.63146652343750E+05
0.17098184741039E+01     0.60260652343750E+05
0.17196369109949E+01     0.56993097656250E+05
0.17294553478860E+01     0.53329074218750E+05
0.17392737847770E+01     0.49259558593750E+05
0.17490922216681E+01     0.44780644531250E+05
0.17589106585591E+01     0.39896773437500E+05
0.17687290954502E+01     0.34619335937500E+05
0.17785475323412E+01     0.28969181640625E+05
0.17883659692323E+01     0.22975527343750E+05
0.17981844061233E+01     0.16677361328125E+05
0.18080028430144E+01     0.10121284179688E+05
0.18178212799054E+01     0.33608837890625E+04
0.18276397167965E+01     0.35453164062500E+04
0.18374581536875E+01     0.10534967773438E+05
0.18472765905785E+01     0.17543716796875E+05
0.18570950274696E+01     0.24507130859375E+05
0.18669134643606E+01     0.31361914062500E+05
0.18767319012517E+01     0.38049050781250E+05
0.18865503381427E+01     0.44514218750000E+05
0.18963687750338E+01     0.50709589843750E+05
0.19061872119248E+01     0.56593511718750E+05
0.19160056488159E+01     0.62132074218750E+05
0.19258240857069E+01     0.67297937500000E+05
0.19356425225980E+01     0.72071742187500E+05
0.19454609594890E+01     0.76439765625000E+05
0.19552793963801E+01     0.80395898437500E+05
0.19650978332711E+01     0.83939078125000E+05
0.19749162701621E+01     0.87074265625000E+05
0.19847347070532E+01     0.89810398437500E+05
0.19945531439442E+01     0.92160289062500E+05
0.20043715808353E+01     0.94139109375000E+05
0.20141900177263E+01     0.95764257812500E+05
0.20240084546174E+01     0.97053523437500E+05
0.20338268915084E+01     0.98024507812500E+05
0.20436453283995E+01     0.98693156250000E+05
0.20534637652905E+01     0.99072632812500E+05
0.20632822021816E+01     0.99172242187500E+05
0.20731006390726E+01     0.98995320312500E+05
0.20829190759637E+01     0.98537867187500E+05
0.20927375128547E+01     0.97786890625000E+05
0.21025559497458E+01     0.96720632812500E+05
0.21123743866368E+01     0.95308867187500E+05
0.21221928235278E+01     0.93517500000000E+05
0.21320112604189E+01     0.91312132812500E+05
0.21418296973099E+01     0.88716250000000E+05
0.21516481342010E+01     0.85762390625000E+05
0.21614665710920E+01     0.82466421875000E+05
0.21712850079831E+01     0.51489242187500E+05
0.21811034448741E+01     0.48287507812500E+05
0.21909218817652E+01     0.44885238281250E+05
0.22007403186562E+01     0.41316097656250E+05
0.22105587555473E+01     0.37602562500000E+05
0.22203771924383E+01     0.33767199218750E+05
0.22301956293294E+01     0.29832906250000E+05
0.22400140662204E+01     0.25824302734375E+05
0.22498325031115E+01     0.21769417968750E+05
0.22596509400025E+01     0.17703708984375E+05
0.22694693768935E+01     0.13679364257813E+05
0.22792878137846E+01     0.97955166015625E+04
0.22891062506756E+01     0.63377573242188E+04
0.22989246875667E+01     0.49568916015625E+04
0.23087431244577E+01     0.00000000000000E+00
0.23185615613488E+01     0.00000000000000E+00
0.23283799982398E+01     0.00000000000000E+00
