0.10716200761859E+01     0.00000000000000E+00
0.10814385130769E+01     0.00000000000000E+00
0.10912569499680E+01     0.00000000000000E+00
0.11010753868590E+01     0.26361472167969E+04
0.11108938237501E+01     0.27452529296875E+04
0.11207122606411E+01     0.51513730468750E+04
0.11305306975321E+01     0.82413945312500E+04
0.11403491344232E+01     0.12011661132813E+05
0.11501675713142E+01     0.16459365234375E+05
0.11599860082053E+01     0.21594951171875E+05
0.11698044450963E+01     0.27409332031250E+05
0.11796228819874E+01     0.33903363281250E+05
0.11894413188784E+01     0.41078011718750E+05
0.11992597557695E+01     0.48941843750000E+05
0.12090781926605E+01     0.57538339843750E+05
0.12188966295516E+01     0.66844648437500E+05
0.12287150664426E+01     0.76871835937500E+05
0.12385335033337E+01     0.87699648437500E+05
0.12483519402247E+01     0.99307679687500E+05
0.12581703771157E+01     0.11172744531250E+06
0.12679888140068E+01     0.12505767187500E+06
0.12778072508978E+01     0.13925109375000E+06
0.12876256877889E+01     0.15447334375000E+06
0.12974441246799E+01     0.17065592187500E+06
0.13072625615710E+01     0.18798562500000E+06
0.13170809984620E+01     0.20639118750000E+06
0.13268994353531E+01     0.22608528125000E+06
0.13367178722441E+01     0.24700809375000E+06
0.13465363091352E+01     0.26929071875000E+06
0.13563547460262E+01     0.29300925000000E+06
0.13661731829173E+01     0.31814890625000E+06
0.13759916198083E+01     0.34473746875000E+06
0.13858100566994E+01     0.37314803125000E+06
0.13956284935904E+01     0.40322028125000E+06
0.14054469304814E+01     0.43458037500000E+06
0.14152653673725E+01     0.46782181250000E+06
0.14250838042635E+01     0.50267125000000E+06
0.14349022411546E+01     0.53910781250000E+06
0.14447206780456E+01     0.57680912500000E+06
0.14545391149367E+01     0.60758662500000E+06
0.14643575518277E+01     0.63855650000000E+06
0.14741759887188E+01     0.67015506250000E+06
0.14839944256098E+01     0.70215381250000E+06
0.14938128625009E+01     0.73446125000000E+06
0.15036312993919E+01     0.76691400000000E+06
0.15134497362830E+01     0.79939106250000E+06
0.15232681731740E+01     0.83187293750000E+06
0.15330866100651E+01     0.86444012500000E+06
0.15429050469561E+01     0.89727793750000E+06
0.15527234838471E+01     0.93040393750000E+06
0.15625419207382E+01     0.96400256250000E+06
0.15723603576292E+01     0.99842325000000E+06
0.15821787945203E+01     0.10339223750000E+07
0.15919972314113E+01     0.10706790000000E+07
0.16018156683024E+01     0.11091303750000E+07
0.16116341051934E+01     0.11495932500000E+07
0.16214525420845E+01     0.11922013750000E+07
0.16312709789755E+01     0.12375802500000E+07
0.16410894158666E+01     0.12855937500000E+07
0.16509078527576E+01     0.13367668750000E+07
0.16607262896487E+01     0.13908646250000E+07
0.16705447265397E+01     0.14482713750000E+07
0.16803631634308E+01     0.15085588750000E+07
0.16901816003218E+01     0.15714983750000E+07
0.17000000372128E+01     0.16369107500000E+07
0.17098184741039E+01     0.17039823750000E+07
0.17196369109949E+01     0.17719511250000E+07
0.17294553478860E+01     0.18398938750000E+07
0.17392737847770E+01     0.19066862500000E+07
0.17490922216681E+01     0.19710842500000E+07
0.17589106585591E+01     0.20316896250000E+07
0.17687290954502E+01     0.20872891250000E+07
0.17785475323412E+01     0.21364165000000E+07
0.17883659692323E+01     0.21777632500000E+07
0.17981844061233E+01     0.22100337500000E+07
0.18080028430144E+01     0.22324385000000E+07
0.18178212799054E+01     0.22443565000000E+07
0.18276397167965E+01     0.22455012500000E+07
0.18374581536875E+01     0.22357790000000E+07
0.18472765905785E+01     0.22154490000000E+07
0.18570950274696E+01     0.21849742500000E+07
0.18669134643606E+01     0.21450957500000E+07
0.18767319012517E+01     0.20970625000000E+07
0.18865503381427E+01     0.20420137500000E+07
0.18963687750338E+01     0.19812941250000E+07
0.19061872119248E+01     0.19162197500000E+07
0.19160056488159E+01     0.18479655000000E+07
0.19258240857069E+01     0.17778540000000E+07
0.19356425225980E+01     0.17068051250000E+07
0.19454609594890E+01     0.16356531250000E+07
0.19552793963801E+01     0.15653281250000E+07
0.19650978332711E+01     0.14962018750000E+07
0.19749162701621E+01     0.14289602500000E+07
0.19847347070532E+01     0.13636943750000E+07
0.19945531439442E+01     0.13006115000000E+07
0.20043715808353E+01     0.12397946250000E+07
0.20141900177263E+01     0.11811988750000E+07
0.20240084546174E+01     0.11246902500000E+07
0.20338268915084E+01     0.10700486250000E+07
0.20436453283995E+01     0.10170071875000E+07
0.20534637652905E+01     0.96526437500000E+06
0.20632822021816E+01     0.91467812500000E+06
0.20731006390726E+01     0.86488118750000E+06
0.20829190759637E+01     0.81571037500000E+06
0.20927375128547E+01     0.76710687500000E+06
0.21025559497458E+01     0.71898418750000E+06
0.21123743866368E+01     0.67134256250000E+06
0.21221928235278E+01     0.62424700000000E+06
0.21320112604189E+01     0.57672512500000E+06
0.21418296973099E+01     0.52264234375000E+06
0.21516481342010E+01     0.47132225000000E+06
0.21614665710920E+01     0.36120187500000E+06
0.21712850079831E+01     0.27348293750000E+06
0.21811034448741E+01     0.30236940625000E+06
0.21909218817652E+01     0.26249559375000E+06
0.22007403186562E+01     0.22530906250000E+06
0.22105587555473E+01     0.19080154687500E+06
0.22203771924383E+01     0.15893071875000E+06
0.22301956293294E+01     0.12963151562500E+06
0.22400140662204E+01     0.10284399218750E+06
0.22498325031115E+01     0.78539726562500E+05
0.22596509400025E+01     0.56763457031250E+05
0.22694693768935E+01     0.37680902343750E+05
0.22792878137846E+01     0.21645359375000E+05
0.22891062506756E+01     0.92724355468750E+04
0.22989246875667E+01     0.27136503906250E+04
0.23087431244577E+01     0.00000000000000E+00
0.23185615613488E+01     0.00000000000000E+00
0.23283799982398E+01     0.00000000000000E+00
