0.10716200761859E+01     0.00000000000000E+00
0.10814385130769E+01     0.00000000000000E+00
0.10912569499680E+01     0.00000000000000E+00
0.11010753868590E+01     0.11017674560547E+04
0.11108938237501E+01     0.27390153808594E+04
0.11207122606411E+01     0.51278364257813E+04
0.11305306975321E+01     0.81955878906250E+04
0.11403491344232E+01     0.11938147460938E+05
0.11501675713142E+01     0.16352646484375E+05
0.11599860082053E+01     0.21449683593750E+05
0.11698044450963E+01     0.27220220703125E+05
0.11796228819874E+01     0.33665363281250E+05
0.11894413188784E+01     0.40786402343750E+05
0.11992597557695E+01     0.48592332031250E+05
0.12090781926605E+01     0.57127531250000E+05
0.12188966295516E+01     0.66369421875000E+05
0.12287150664426E+01     0.76329679687500E+05
0.12385335033337E+01     0.87089406250000E+05
0.12483519402247E+01     0.98628445312500E+05
0.12581703771157E+01     0.11097896093750E+06
0.12679888140068E+01     0.12424119531250E+06
0.12778072508978E+01     0.13836717187500E+06
0.12876256877889E+01     0.15352460937500E+06
0.12974441246799E+01     0.16964332812500E+06
0.13072625615710E+01     0.18691214062500E+06
0.13170809984620E+01     0.20525703125000E+06
0.13268994353531E+01     0.22489260937500E+06
0.13367178722441E+01     0.24575543750000E+06
0.13465363091352E+01     0.26797637500000E+06
0.13563547460262E+01     0.29162996875000E+06
0.13661731829173E+01     0.31669890625000E+06
0.13759916198083E+01     0.34333387500000E+06
0.13858100566994E+01     0.37148918750000E+06
0.13956284935904E+01     0.40131828125000E+06
0.14054469304814E+01     0.43270090625000E+06
0.14152653673725E+01     0.46577496875000E+06
0.14250838042635E+01     0.50043190625000E+06
0.14349022411546E+01     0.53664350000000E+06
0.14447206780456E+01     0.57438875000000E+06
0.14545391149367E+01     0.60549656250000E+06
0.14643575518277E+01     0.63677106250000E+06
0.14741759887188E+01     0.66836481250000E+06
0.14839944256098E+01     0.70015612500000E+06
0.14938128625009E+01     0.73212156250000E+06
0.15036312993919E+01     0.76413956250000E+06
0.15134497362830E+01     0.79611887500000E+06
0.15232681731740E+01     0.82806450000000E+06
0.15330866100651E+01     0.86007900000000E+06
0.15429050469561E+01     0.89236712500000E+06
0.15527234838471E+01     0.92495806250000E+06
0.15625419207382E+01     0.95804806250000E+06
0.15723603576292E+01     0.99199931250000E+06
0.15821787945203E+01     0.10270756250000E+07
0.15919972314113E+01     0.10634592500000E+07
0.16018156683024E+01     0.11015950000000E+07
0.16116341051934E+01     0.11418031250000E+07
0.16214525420845E+01     0.11842161250000E+07
0.16312709789755E+01     0.12294683750000E+07
0.16410894158666E+01     0.12774185000000E+07
0.16509078527576E+01     0.13285991250000E+07
0.16607262896487E+01     0.13827718750000E+07
0.16705447265397E+01     0.14403283750000E+07
0.16803631634308E+01     0.15008390000000E+07
0.16901816003218E+01     0.15640785000000E+07
0.17000000372128E+01     0.16298718750000E+07
0.17098184741039E+01     0.16974048750000E+07
0.17196369109949E+01     0.17659145000000E+07
0.17294553478860E+01     0.18344741250000E+07
0.17392737847770E+01     0.19019493750000E+07
0.17490922216681E+01     0.19670810000000E+07
0.17589106585591E+01     0.20284476250000E+07
0.17687290954502E+01     0.20848072500000E+07
0.17785475323412E+01     0.21346567500000E+07
0.17883659692323E+01     0.21766475000000E+07
0.17981844061233E+01     0.22094445000000E+07
0.18080028430144E+01     0.22322222500000E+07
0.18178212799054E+01     0.22443327500000E+07
0.18276397167965E+01     0.22454762500000E+07
0.18374581536875E+01     0.22355610000000E+07
0.18472765905785E+01     0.22148675000000E+07
0.18570950274696E+01     0.21838952500000E+07
0.18669134643606E+01     0.21434367500000E+07
0.18767319012517E+01     0.20947993750000E+07
0.18865503381427E+01     0.20391843750000E+07
0.18963687750338E+01     0.19779927500000E+07
0.19061872119248E+01     0.19125857500000E+07
0.19160056488159E+01     0.18441645000000E+07
0.19258240857069E+01     0.17740596250000E+07
0.19356425225980E+01     0.17031742500000E+07
0.19454609594890E+01     0.16323063750000E+07
0.19552793963801E+01     0.15623356250000E+07
0.19650978332711E+01     0.14935686250000E+07
0.19749162701621E+01     0.14266306250000E+07
0.19847347070532E+01     0.13615486250000E+07
0.19945531439442E+01     0.12984820000000E+07
0.20043715808353E+01     0.12374842500000E+07
0.20141900177263E+01     0.11785023750000E+07
0.20240084546174E+01     0.11214200000000E+07
0.20338268915084E+01     0.10660610000000E+07
0.20436453283995E+01     0.10122315625000E+07
0.20534637652905E+01     0.95973175000000E+06
0.20632822021816E+01     0.90855468750000E+06
0.20731006390726E+01     0.85848293750000E+06
0.20829190759637E+01     0.80951881250000E+06
0.20927375128547E+01     0.76175725000000E+06
0.21025559497458E+01     0.71521225000000E+06
0.21123743866368E+01     0.66989381250000E+06
0.21221928235278E+01     0.62575112500000E+06
0.21320112604189E+01     0.58122500000000E+06
0.21418296973099E+01     0.52928256250000E+06
0.21516481342010E+01     0.47972921875000E+06
0.21614665710920E+01     0.43257806250000E+06
0.21712850079831E+01     0.33455353125000E+06
0.21811034448741E+01     0.29351140625000E+06
0.21909218817652E+01     0.25492746875000E+06
0.22007403186562E+01     0.21886959375000E+06
0.22105587555473E+01     0.18534723437500E+06
0.22203771924383E+01     0.15433873437500E+06
0.22301956293294E+01     0.12580203125000E+06
0.22400140662204E+01     0.99700960937500E+05
0.22498325031115E+01     0.76027882812500E+05
0.22596509400025E+01     0.54842386718750E+05
0.22694693768935E+01     0.36314140625000E+05
0.22792878137846E+01     0.20784625000000E+05
0.22891062506756E+01     0.88431650390625E+04
0.22989246875667E+01     0.18835429687500E+04
0.23087431244577E+01     0.00000000000000E+00
0.23185615613488E+01     0.00000000000000E+00
0.23283799982398E+01     0.00000000000000E+00
