0.10716200761859E+01     0.00000000000000E+00
0.10814385130769E+01     0.00000000000000E+00
0.10912569499680E+01     0.00000000000000E+00
0.11010753868590E+01     0.12921512451172E+04
0.11108938237501E+01     0.17313201904297E+04
0.11207122606411E+01     0.46768037109375E+04
0.11305306975321E+01     0.55185185546875E+04
0.11403491344232E+01     0.11093964843750E+05
0.11501675713142E+01     0.12479277343750E+05
0.11599860082053E+01     0.20272166015625E+05
0.11698044450963E+01     0.22755664062500E+05
0.11796228819874E+01     0.32217115234375E+05
0.11894413188784E+01     0.36267621093750E+05
0.11992597557695E+01     0.46900027343750E+05
0.12090781926605E+01     0.52879027343750E+05
0.12188966295516E+01     0.64407601562500E+05
0.12287150664426E+01     0.72423125000000E+05
0.12385335033337E+01     0.84786679687500E+05
0.12483519402247E+01     0.94934179687500E+05
0.12581703771157E+01     0.10823929687500E+06
0.12679888140068E+01     0.12052480468750E+06
0.12778072508978E+01     0.13509554687500E+06
0.12876256877889E+01     0.14954045312500E+06
0.12974441246799E+01     0.16576789062500E+06
0.13072625615710E+01     0.18246659375000E+06
0.13170809984620E+01     0.20074440625000E+06
0.13268994353531E+01     0.21987306250000E+06
0.13367178722441E+01     0.24062023437500E+06
0.13465363091352E+01     0.26235668750000E+06
0.13563547460262E+01     0.28594103125000E+06
0.13661731829173E+01     0.31053662500000E+06
0.13759916198083E+01     0.33734140625000E+06
0.13858100566994E+01     0.36486143750000E+06
0.13956284935904E+01     0.39477803125000E+06
0.14054469304814E+01     0.42588790625000E+06
0.14152653673725E+01     0.45938787500000E+06
0.14250838042635E+01     0.49362268750000E+06
0.14349022411546E+01     0.53051568750000E+06
0.14447206780456E+01     0.56816118750000E+06
0.14545391149367E+01     0.60162850000000E+06
0.14643575518277E+01     0.63401712500000E+06
0.14741759887188E+01     0.66801106250000E+06
0.14839944256098E+01     0.70044875000000E+06
0.14938128625009E+01     0.73466437500000E+06
0.15036312993919E+01     0.76695143750000E+06
0.15134497362830E+01     0.80100262500000E+06
0.15232681731740E+01     0.83276725000000E+06
0.15330866100651E+01     0.86658956250000E+06
0.15429050469561E+01     0.89816718750000E+06
0.15527234838471E+01     0.93225312500000E+06
0.15625419207382E+01     0.96406725000000E+06
0.15723603576292E+01     0.99922212500000E+06
0.15821787945203E+01     0.10324798750000E+07
0.15919972314113E+01     0.10698727500000E+07
0.16018156683024E+01     0.11057215000000E+07
0.16116341051934E+01     0.11468998750000E+07
0.16214525420845E+01     0.11866625000000E+07
0.16312709789755E+01     0.12330286250000E+07
0.16410894158666E+01     0.12780707500000E+07
0.16509078527576E+01     0.13306803750000E+07
0.16607262896487E+01     0.13817657500000E+07
0.16705447265397E+01     0.14411923750000E+07
0.16803631634308E+01     0.14984687500000E+07
0.16901816003218E+01     0.15640791250000E+07
0.17000000372128E+01     0.16264783750000E+07
0.17098184741039E+01     0.16968777500000E+07
0.17196369109949E+01     0.17617951250000E+07
0.17294553478860E+01     0.18336646250000E+07
0.17392737847770E+01     0.18973170000000E+07
0.17490922216681E+01     0.19661298750000E+07
0.17589106585591E+01     0.20234431250000E+07
0.17687290954502E+01     0.20837802500000E+07
0.17785475323412E+01     0.21293865000000E+07
0.17883659692323E+01     0.21755757500000E+07
0.17981844061233E+01     0.22040125000000E+07
0.18080028430144E+01     0.22311285000000E+07
0.18178212799054E+01     0.22388505000000E+07
0.18276397167965E+01     0.22443840000000E+07
0.18374581536875E+01     0.22301430000000E+07
0.18472765905785E+01     0.22137995000000E+07
0.18570950274696E+01     0.21786502500000E+07
0.18669134643606E+01     0.21424140000000E+07
0.18767319012517E+01     0.20898227500000E+07
0.18865503381427E+01     0.20382308750000E+07
0.18963687750338E+01     0.19733745000000E+07
0.19061872119248E+01     0.19117546250000E+07
0.19160056488159E+01     0.18400315000000E+07
0.19258240857069E+01     0.17734991250000E+07
0.19356425225980E+01     0.16997721250000E+07
0.19454609594890E+01     0.16323496250000E+07
0.19552793963801E+01     0.15601100000000E+07
0.19650978332711E+01     0.14947827500000E+07
0.19749162701621E+01     0.14262235000000E+07
0.19847347070532E+01     0.13646503750000E+07
0.19945531439442E+01     0.13005520000000E+07
0.20043715808353E+01     0.12430506250000E+07
0.20141900177263E+01     0.11833356250000E+07
0.20240084546174E+01     0.11294172500000E+07
0.20338268915084E+01     0.10730688750000E+07
0.20436453283995E+01     0.10215466250000E+07
0.20534637652905E+01     0.96711362500000E+06
0.20632822021816E+01     0.91688112500000E+06
0.20731006390726E+01     0.86344662500000E+06
0.20829190759637E+01     0.81396143750000E+06
0.20927375128547E+01     0.76151437500000E+06
0.21025559497458E+01     0.71354037500000E+06
0.21123743866368E+01     0.66298550000000E+06
0.21221928235278E+01     0.61752737500000E+06
0.21320112604189E+01     0.56861743750000E+06
0.21418296973099E+01     0.51818800000000E+06
0.21516481342010E+01     0.46663196875000E+06
0.21614665710920E+01     0.42319562500000E+06
0.21712850079831E+01     0.31505471875000E+06
0.21811034448741E+01     0.26545003125000E+06
0.21909218817652E+01     0.22693476562500E+06
0.22007403186562E+01     0.19502337500000E+06
0.22105587555473E+01     0.16237121875000E+06
0.22203771924383E+01     0.13580464062500E+06
0.22301956293294E+01     0.10870667968750E+06
0.22400140662204E+01     0.86924046875000E+05
0.22498325031115E+01     0.64982597656250E+05
0.22596509400025E+01     0.47556406250000E+05
0.22694693768935E+01     0.30747685546875E+05
0.22792878137846E+01     0.17972580078125E+05
0.22891062506756E+01     0.74101157226563E+04
0.22989246875667E+01     0.16128127441406E+04
0.23087431244577E+01     0.00000000000000E+00
0.23185615613488E+01     0.00000000000000E+00
0.23283799982398E+01     0.00000000000000E+00
