0.10716200761859E+01     0.00000000000000E+00
0.10814385130769E+01     0.00000000000000E+00
0.10912569499680E+01     0.00000000000000E+00
0.11010753868590E+01     0.12558698242188E+05
0.11108938237501E+01     0.22233036804199E+03
0.11207122606411E+01     0.51380438232422E+03
0.11305306975321E+01     0.88900024414063E+03
0.11403491344232E+01     0.13520142822266E+04
0.11501675713142E+01     0.19039726562500E+04
0.11599860082053E+01     0.25455351562500E+04
0.11698044450963E+01     0.32770395507813E+04
0.11796228819874E+01     0.40982680664063E+04
0.11894413188784E+01     0.50088627929688E+04
0.11992597557695E+01     0.60085839843750E+04
0.12090781926605E+01     0.70972919921875E+04
0.12188966295516E+01     0.82741875000000E+04
0.12287150664426E+01     0.95391416015625E+04
0.12385335033337E+01     0.10893476562500E+05
0.12483519402247E+01     0.12337692382813E+05
0.12581703771157E+01     0.13874167968750E+05
0.12679888140068E+01     0.15506494140625E+05
0.12778072508978E+01     0.17238666015625E+05
0.12876256877889E+01     0.19077388671875E+05
0.12974441246799E+01     0.21030193359375E+05
0.13072625615710E+01     0.23106556640625E+05
0.13170809984620E+01     0.25318425781250E+05
0.13268994353531E+01     0.27678146484375E+05
0.13367178722441E+01     0.30201464843750E+05
0.13465363091352E+01     0.32903753906250E+05
0.13563547460262E+01     0.35800492187500E+05
0.13661731829173E+01     0.38902644531250E+05
0.13759916198083E+01     0.41606773437500E+05
0.13858100566994E+01     0.46004281250000E+05
0.13956284935904E+01     0.50520355468750E+05
0.14054469304814E+01     0.53902632812500E+05
0.14152653673725E+01     0.58399042968750E+05
0.14250838042635E+01     0.63177031250000E+05
0.14349022411546E+01     0.68256851562500E+05
0.14447206780456E+01     0.72178578125000E+05
0.14545391149367E+01     0.73998140625000E+05
0.14643575518277E+01     0.75919890625000E+05
0.14741759887188E+01     0.79298031250000E+05
0.14839944256098E+01     0.83596062500000E+05
0.14938128625009E+01     0.88479140625000E+05
0.15036312993919E+01     0.93730585937500E+05
0.15134497362830E+01     0.99196500000000E+05
0.15232681731740E+01     0.10475909375000E+06
0.15330866100651E+01     0.11032295312500E+06
0.15429050469561E+01     0.11581357031250E+06
0.15527234838471E+01     0.12117467968750E+06
0.15625419207382E+01     0.12636403125000E+06
0.15723603576292E+01     0.13134612500000E+06
0.15821787945203E+01     0.13609806250000E+06
0.15919972314113E+01     0.14060476562500E+06
0.16018156683024E+01     0.14484862500000E+06
0.16116341051934E+01     0.14881321875000E+06
0.16214525420845E+01     0.15248126562500E+06
0.16312709789755E+01     0.15582037500000E+06
0.16410894158666E+01     0.15879296875000E+06
0.16509078527576E+01     0.16134071875000E+06
0.16607262896487E+01     0.16338807812500E+06
0.16705447265397E+01     0.16483679687500E+06
0.16803631634308E+01     0.16556179687500E+06
0.16901816003218E+01     0.16541028125000E+06
0.17000000372128E+01     0.16420948437500E+06
0.17098184741039E+01     0.16175482812500E+06
0.17196369109949E+01     0.15783318750000E+06
0.17294553478860E+01     0.15222356250000E+06
0.17392737847770E+01     0.14472187500000E+06
0.17490922216681E+01     0.13514995312500E+06
0.17589106585591E+01     0.12338754687500E+06
0.17687290954502E+01     0.10938029687500E+06
0.17785475323412E+01     0.93179625000000E+05
0.17883659692323E+01     0.74932992187500E+05
0.17981844061233E+01     0.54904769531250E+05
0.18080028430144E+01     0.33479894531250E+05
0.18178212799054E+01     0.11136887695313E+05
0.18276397167965E+01     -.11578386718750E+05
0.18374581536875E+01     -.34080769531250E+05
0.18472765905785E+01     -.55777453125000E+05
0.18570950274696E+01     -.76107781250000E+05
0.18669134643606E+01     -.94574148437500E+05
0.18767319012517E+01     -.11079998437500E+06
0.18865503381427E+01     -.12452959375000E+06
0.18963687750338E+01     -.13564300000000E+06
0.19061872119248E+01     -.14416078125000E+06
0.19160056488159E+01     -.15024253125000E+06
0.19258240857069E+01     -.15415276562500E+06
0.19356425225980E+01     -.15624610937500E+06
0.19454609594890E+01     -.15692112500000E+06
0.19552793963801E+01     -.15660478125000E+06
0.19650978332711E+01     -.15569853125000E+06
0.19749162701621E+01     -.15455907812500E+06
0.19847347070532E+01     -.15347050000000E+06
0.19945531439442E+01     -.15262784375000E+06
0.20043715808353E+01     -.15212253125000E+06
0.20141900177263E+01     -.15194709375000E+06
0.20240084546174E+01     -.15199190625000E+06
0.20338268915084E+01     -.15205434375000E+06
0.20436453283995E+01     -.15184268750000E+06
0.20534637652905E+01     -.15098934375000E+06
0.20632822021816E+01     -.14906417187500E+06
0.20731006390726E+01     -.14559671875000E+06
0.20829190759637E+01     -.14012712500000E+06
0.20927375128547E+01     -.13228226562500E+06
0.21025559497458E+01     -.12187710156250E+06
0.21123743866368E+01     -.10902589062500E+06
0.21221928235278E+01     -.94219960937500E+05
0.21320112604189E+01     -.79163679687500E+05
0.21418296973099E+01     -.65506468750000E+05
0.21516481342010E+01     -.53205894531250E+05
0.21614665710920E+01     0.14693643750000E+06
0.21712850079831E+01     0.13051421875000E+06
0.21811034448741E+01     -.76622046875000E+05
0.21909218817652E+01     -.66314695312500E+05
0.22007403186562E+01     -.56873109375000E+05
0.22105587555473E+01     -.48252277343750E+05
0.22203771924383E+01     -.40393722656250E+05
0.22301956293294E+01     -.33228675781250E+05
0.22400140662204E+01     -.26686822265625E+05
0.22498325031115E+01     -.20711509765625E+05
0.22596509400025E+01     -.15274854492188E+05
0.22694693768935E+01     -.10399894531250E+05
0.22792878137846E+01     -.61856240234375E+04
0.22891062506756E+01     -.28167546386719E+04
0.22989246875667E+01     -.27414504394531E+04
0.23087431244577E+01     0.00000000000000E+00
0.23185615613488E+01     0.00000000000000E+00
0.23283799982398E+01     0.00000000000000E+00
