0.10716200761859E+01     0.00000000000000E+00
0.10814385130769E+01     0.00000000000000E+00
0.10912569499680E+01     0.00000000000000E+00
0.11010753868590E+01     0.42980009311577E-05
0.11108938237501E+01     0.57121314966935E-05
0.11207122606411E+01     0.88382066678605E-05
0.11305306975321E+01     0.14282272786659E-04
0.11403491344232E+01     0.22717669708072E-04
0.11501675713142E+01     0.34844524634536E-04
0.11599860082053E+01     0.51388469728408E-04
0.11698044450963E+01     0.73090268415399E-04
0.11796228819874E+01     0.10070647113025E-03
0.11894413188784E+01     0.13499270426109E-03
0.11992597557695E+01     0.17670706438366E-03
0.12090781926605E+01     0.22658747911919E-03
0.12188966295516E+01     0.28535688761622E-03
0.12287150664426E+01     0.35369663964957E-03
0.12385335033337E+01     0.43225151603110E-03
0.12483519402247E+01     0.52160181803629E-03
0.12581703771157E+01     0.62226556474343E-03
0.12679888140068E+01     0.73467235779390E-03
0.12778072508978E+01     0.85916108218953E-03
0.12876256877889E+01     0.99595647770911E-03
0.12974441246799E+01     0.11451627360657E-02
0.13072625615710E+01     0.13067431282252E-02
0.13170809984620E+01     0.14805108075961E-02
0.13268994353531E+01     0.16661105910316E-02
0.13367178722441E+01     0.18630089471117E-02
0.13465363091352E+01     0.20704767666757E-02
0.13563547460262E+01     0.22875787690282E-02
0.13661731829173E+01     0.25131416041404E-02
0.13759916198083E+01     0.27456521056592E-02
0.13858100566994E+01     0.29735972639173E-02
0.13956284935904E+01     0.32282574102283E-02
0.14054469304814E+01     0.34717679955065E-02
0.14152653673725E+01     0.37152906879783E-02
0.14250838042635E+01     0.39560985751450E-02
0.14349022411546E+01     0.41915746405721E-02
0.14447206780456E+01     0.44189915060997E-02
0.14545391149367E+01     0.46008708886802E-02
0.14643575518277E+01     0.47059319913387E-02
0.14741759887188E+01     0.47431481070817E-02
0.14839944256098E+01     0.47179469838738E-02
0.14938128625009E+01     0.46344352886081E-02
0.15036312993919E+01     0.44967317953706E-02
0.15134497362830E+01     0.43096030130982E-02
0.15232681731740E+01     0.40787314064801E-02
0.15330866100651E+01     0.38107277359813E-02
0.15429050469561E+01     0.35130549222231E-02
0.15527234838471E+01     0.31937884632498E-02
0.15625419207382E+01     0.28613912872970E-02
0.15723603576292E+01     0.25243530981243E-02
0.15821787945203E+01     0.21909198258072E-02
0.15919972314113E+01     0.18687086412683E-02
0.16018156683024E+01     0.15644703526050E-02
0.16116341051934E+01     0.12837708927691E-02
0.16214525420845E+01     0.10308669880033E-02
0.16312709789755E+01     0.80852012615651E-03
0.16410894158666E+01     0.61803829157725E-03
0.16509078527576E+01     0.45926606981084E-03
0.16607262896487E+01     0.33079358399846E-03
0.16705447265397E+01     0.23011764278635E-03
0.16803631634308E+01     0.15396995877381E-03
0.16901816003218E+01     0.98580443591345E-04
0.17000000372128E+01     0.60026548453607E-04
0.17098184741039E+01     0.34491324186092E-04
0.17196369109949E+01     0.18521925085224E-04
0.17294553478860E+01     0.91774236352649E-05
0.17392737847770E+01     0.41263269849878E-05
0.17490922216681E+01     0.16446228983114E-05
0.17589106585591E+01     0.56224990885312E-06
0.17687290954502E+01     0.15675033182561E-06
0.17785475323412E+01     0.32869124311219E-07
0.17883659692323E+01     0.44748245109361E-08
0.17981844061233E+01     0.29067548368289E-09
0.18080028430144E+01     0.36624345049752E-11
0.18178212799054E+01     0.00000000000000E+00
0.18276397167965E+01     0.23801377340545E-19
0.18374581536875E+01     0.43190013197802E-11
0.18472765905785E+01     0.33619371175853E-09
0.18570950274696E+01     0.52567141750615E-08
0.18669134643606E+01     0.39476734770005E-07
0.18767319012517E+01     0.19329695533088E-06
0.18865503381427E+01     0.71245699473366E-06
0.18963687750338E+01     0.21434916561702E-05
0.19061872119248E+01     0.55299728956015E-05
0.19160056488159E+01     0.12645710739889E-04
0.19258240857069E+01     0.26220634026686E-04
0.19356425225980E+01     0.50129638111684E-04
0.19454609594890E+01     0.89460103481542E-04
0.19552793963801E+01     0.15045104373712E-03
0.19650978332711E+01     0.24018838303164E-03
0.19749162701621E+01     0.36612295662053E-03
0.19847347070532E+01     0.53527270210907E-03
0.19945531439442E+01     0.75330235995352E-03
0.20043715808353E+01     0.10233279317617E-02
0.20141900177263E+01     0.13448131503537E-02
0.20240084546174E+01     0.17124037258327E-02
0.20338268915084E+01     0.21152347326279E-02
0.20436453283995E+01     0.25365545880049E-02
0.20534637652905E+01     0.29542744159698E-02
0.20632822021816E+01     0.33421982079744E-02
0.20731006390726E+01     0.36723702214658E-02
0.20829190759637E+01     0.39179786108434E-02
0.20927375128547E+01     0.40567298419774E-02
0.21025559497458E+01     0.40737502276897E-02
0.21123743866368E+01     0.39635384455323E-02
0.21221928235278E+01     0.37304344587028E-02
0.21320112604189E+01     0.33881559502333E-02
0.21418296973099E+01     0.30007006134838E-02
0.21516481342010E+01     0.26107754092664E-02
0.21614665710920E+01     0.22282658610493E-02
0.21712850079831E+01     0.65809153020382E-02
0.21811034448741E+01     0.55628917180002E-02
0.21909218817652E+01     0.46077012084425E-02
0.22007403186562E+01     0.37280011456460E-02
0.22105587555473E+01     0.29343478381634E-02
0.22203771924383E+01     0.22348561324179E-02
0.22301956293294E+01     0.16347937053069E-02
0.22400140662204E+01     0.11365313548595E-02
0.22498325031115E+01     0.73930929647759E-03
0.22596509400025E+01     0.43920468306169E-03
0.22694693768935E+01     0.22894382709637E-03
0.22792878137846E+01     0.97734438895714E-04
0.22891062506756E+01     0.30901093850844E-04
0.22989246875667E+01     0.99682256404776E-05
0.23087431244577E+01     0.00000000000000E+00
0.23185615613488E+01     0.00000000000000E+00
0.23283799982398E+01     0.00000000000000E+00
