0.10716200761859E+01     0.00000000000000E+00
0.10814385130769E+01     0.00000000000000E+00
0.10912569499680E+01     0.00000000000000E+00
0.11010753868590E+01     0.32993328571320E+01
0.11108938237501E+01     0.30323147773743E+01
0.11207122606411E+01     0.28396432399750E+01
0.11305306975321E+01     0.26746890544891E+01
0.11403491344232E+01     0.25307040214539E+01
0.11501675713142E+01     0.24031081199646E+01
0.11599860082053E+01     0.22886297702789E+01
0.11698044450963E+01     0.21848957538605E+01
0.11796228819874E+01     0.20900971889496E+01
0.11894413188784E+01     0.20028636455536E+01
0.11992597557695E+01     0.19220992326736E+01
0.12090781926605E+01     0.18469481468201E+01
0.12188966295516E+01     0.17767014503479E+01
0.12287150664426E+01     0.17107912302017E+01
0.12385335033337E+01     0.16487348079681E+01
0.12483519402247E+01     0.15901364088058E+01
0.12581703771157E+01     0.15346534252167E+01
0.12679888140068E+01     0.14819986820221E+01
0.12778072508978E+01     0.14319199323654E+01
0.12876256877889E+01     0.13842015266418E+01
0.12974441246799E+01     0.13386512994766E+01
0.13072625615710E+01     0.12951016426086E+01
0.13170809984620E+01     0.12534013986588E+01
0.13268994353531E+01     0.12134158611298E+01
0.13367178722441E+01     0.11750216484070E+01
0.13465363091352E+01     0.11381056308746E+01
0.13563547460262E+01     0.11025598049164E+01
0.13661731829173E+01     0.10682735443115E+01
0.13759916198083E+01     0.10350860357285E+01
0.13858100566994E+01     0.99848693609238E+00
0.13956284935904E+01     0.97311693429947E+00
0.14054469304814E+01     0.94295221567154E+00
0.14152653673725E+01     0.91386306285858E+00
0.14250838042635E+01     0.88563895225525E+00
0.14349022411546E+01     0.85818982124329E+00
0.14447206780456E+01     0.83144456148148E+00
0.14545391149367E+01     0.80060923099518E+00
0.14643575518277E+01     0.76400834321976E+00
0.14741759887188E+01     0.72509485483170E+00
0.14839944256098E+01     0.68548589944839E+00
0.14938128625009E+01     0.64590930938721E+00
0.15036312993919E+01     0.60668921470642E+00
0.15134497362830E+01     0.56796693801880E+00
0.15232681731740E+01     0.52981078624725E+00
0.15330866100651E+01     0.49226295948029E+00
0.15429050469561E+01     0.45536917448044E+00
0.15527234838471E+01     0.41918638348579E+00
0.15625419207382E+01     0.38379272818565E+00
0.15723603576292E+01     0.34928292036057E+00
0.15821787945203E+01     0.31577298045158E+00
0.15919972314113E+01     0.28339123725891E+00
0.16018156683024E+01     0.25228038430214E+00
0.16116341051934E+01     0.22258640825748E+00
0.16214525420845E+01     0.19445985555649E+00
0.16312709789755E+01     0.16804273426533E+00
0.16410894158666E+01     0.14346991479397E+00
0.16509078527576E+01     0.12085499614477E+00
0.16607262896487E+01     0.10029216855764E+00
0.16705447265397E+01     0.81842496991158E-01
0.16803631634308E+01     0.65537355840206E-01
0.16901816003218E+01     0.51366869360209E-01
0.17000000372128E+01     0.39285566657782E-01
0.17098184741039E+01     0.29205087572336E-01
0.17196369109949E+01     0.21002769470215E-01
0.17294553478860E+01     0.14518869109452E-01
0.17392737847770E+01     0.95681557431817E-02
0.17490922216681E+01     0.59417509473860E-02
0.17589106585591E+01     0.34203450195491E-02
0.17687290954502E+01     0.17797049367800E-02
0.17785475323412E+01     0.80392876407132E-03
0.17883659692323E+01     0.29292429098859E-03
0.17981844061233E+01     0.73807961598504E-04
0.18080028430144E+01     0.82001788541675E-05
0.18178212799054E+01     0.00000000000000E+00
0.18276397167965E+01     0.65001759530503E-09
0.18374581536875E+01     0.86996742538759E-05
0.18472765905785E+01     0.76363263360690E-04
0.18570950274696E+01     0.30084396712482E-03
0.18669134643606E+01     0.82260271301493E-03
0.18767319012517E+01     0.18190210685134E-02
0.18865503381427E+01     0.34955013543367E-02
0.18963687750338E+01     0.60789324343205E-02
0.19061872119248E+01     0.98067456856370E-02
0.19160056488159E+01     0.14921839348972E-01
0.19258240857069E+01     0.21660700440407E-01
0.19356425225980E+01     0.30250275507569E-01
0.19454609594890E+01     0.40894534438849E-01
0.19552793963801E+01     0.53771395236254E-01
0.19650978332711E+01     0.69015920162201E-01
0.19749162701621E+01     0.86714692413807E-01
0.19847347070532E+01     0.10688395053148E+00
0.19945531439442E+01     0.12946039438248E+00
0.20043715808353E+01     0.15427514910698E+00
0.20141900177263E+01     0.18104416131973E+00
0.20240084546174E+01     0.20934465527534E+00
0.20338268915084E+01     0.23861405253410E+00
0.20436453283995E+01     0.26814317703247E+00
0.20534637652905E+01     0.29710111021996E+00
0.20632822021816E+01     0.32456645369530E+00
0.20731006390726E+01     0.34959658980370E+00
0.20829190759637E+01     0.37130406498909E+00
0.20927375128547E+01     0.38895094394684E+00
0.21025559497458E+01     0.40201312303543E+00
0.21123743866368E+01     0.41020244359970E+00
0.21221928235278E+01     0.41340756416321E+00
0.21320112604189E+01     0.41158169507980E+00
0.21418296973099E+01     0.40680482983589E+00
0.21516481342010E+01     0.40054729580879E+00
0.21614665710920E+01     0.39284569025040E+00
0.21712850079831E+01     0.20742225646973E+01
0.21811034448741E+01     0.21104407310486E+01
0.21909218817652E+01     0.21530439853668E+01
0.22007403186562E+01     0.22030551433563E+01
0.22105587555473E+01     0.22619566917419E+01
0.22203771924383E+01     0.23317954540253E+01
0.22301956293294E+01     0.24154174327850E+01
0.22400140662204E+01     0.25168309211731E+01
0.22498325031115E+01     0.26418640613556E+01
0.22596509400025E+01     0.27993519306183E+01
0.22694693768935E+01     0.30035753250122E+01
0.22792878137846E+01     0.32797508239746E+01
0.22891062506756E+01     0.36787681579590E+01
0.22989246875667E+01     0.47263164520264E+01
0.23087431244577E+01     0.00000000000000E+00
0.23185615613488E+01     0.00000000000000E+00
0.23283799982398E+01     0.00000000000000E+00
