0.10716200761859E+01     0.00000000000000E+00
0.10814385130769E+01     0.00000000000000E+00
0.10912569499680E+01     0.00000000000000E+00
0.11010753868590E+01     0.31601541042328E+01
0.11108938237501E+01     0.28801643848419E+01
0.11207122606411E+01     0.26745185852051E+01
0.11305306975321E+01     0.24971230030060E+01
0.11403491344232E+01     0.23411953449249E+01
0.11501675713142E+01     0.22021343708038E+01
0.11599860082053E+01     0.20766575336456E+01
0.11698044450963E+01     0.19623881578445E+01
0.11796228819874E+01     0.18575187921524E+01
0.11894413188784E+01     0.17606865167618E+01
0.11992597557695E+01     0.16708049774170E+01
0.12090781926605E+01     0.15870324373245E+01
0.12188966295516E+01     0.15086753368378E+01
0.12287150664426E+01     0.14351843595505E+01
0.12385335033337E+01     0.13660961389542E+01
0.12483519402247E+01     0.13010374307632E+01
0.12581703771157E+01     0.12396881580353E+01
0.12679888140068E+01     0.11817864179611E+01
0.12778072508978E+01     0.11271052360535E+01
0.12876256877889E+01     0.10754561424255E+01
0.12974441246799E+01     0.10266746282578E+01
0.13072625615710E+01     0.98062211275101E+00
0.13170809984620E+01     0.93717700242996E+00
0.13268994353531E+01     0.89623475074768E+00
0.13367178722441E+01     0.85770291090012E+00
0.13465363091352E+01     0.82149952650070E+00
0.13563547460262E+01     0.78754848241806E+00
0.13661731829173E+01     0.75577175617218E+00
0.13759916198083E+01     0.72604608535767E+00
0.13858100566994E+01     0.69429540634155E+00
0.13956284935904E+01     0.67384701967239E+00
0.14054469304814E+01     0.65016043186188E+00
0.14152653673725E+01     0.62859058380127E+00
0.14250838042635E+01     0.60896414518356E+00
0.14349022411546E+01     0.59121543169022E+00
0.14447206780456E+01     0.57529270648956E+00
0.14545391149367E+01     0.55791938304901E+00
0.14643575518277E+01     0.53863984346390E+00
0.14741759887188E+01     0.52038681507111E+00
0.14839944256098E+01     0.50441908836365E+00
0.14938128625009E+01     0.49118447303772E+00
0.15036312993919E+01     0.48075792193413E+00
0.15134497362830E+01     0.47304379940033E+00
0.15232681731740E+01     0.46787163615227E+00
0.15330866100651E+01     0.46504229307175E+00
0.15429050469561E+01     0.46435120701790E+00
0.15527234838471E+01     0.46560016274452E+00
0.15625419207382E+01     0.46860238909721E+00
0.15723603576292E+01     0.47318550944328E+00
0.15821787945203E+01     0.47919076681137E+00
0.15919972314113E+01     0.48647338151932E+00
0.16018156683024E+01     0.49489936232567E+00
0.16116341051934E+01     0.50434517860413E+00
0.16214525420845E+01     0.51469337940216E+00
0.16312709789755E+01     0.52583205699921E+00
0.16410894158666E+01     0.53765010833740E+00
0.16509078527576E+01     0.55003768205643E+00
0.16607262896487E+01     0.56288051605225E+00
0.16705447265397E+01     0.57606297731400E+00
0.16803631634308E+01     0.58946239948273E+00
0.16901816003218E+01     0.60295414924622E+00
0.17000000372128E+01     0.61640703678131E+00
0.17098184741039E+01     0.62969070672989E+00
0.17196369109949E+01     0.64267164468765E+00
0.17294553478860E+01     0.65522265434265E+00
0.17392737847770E+01     0.66721802949905E+00
0.17490922216681E+01     0.67854464054108E+00
0.17589106585591E+01     0.68909549713135E+00
0.17687290954502E+01     0.69878047704697E+00
0.17785475323412E+01     0.70751762390137E+00
0.17883659692323E+01     0.71524327993393E+00
0.17981844061233E+01     0.72190093994141E+00
0.18080028430144E+01     0.72745037078857E+00
0.18178212799054E+01     0.73185420036316E+00
0.18276397167965E+01     0.73508626222610E+00
0.18374581536875E+01     0.73711723089218E+00
0.18472765905785E+01     0.73792243003845E+00
0.18570950274696E+01     0.73746812343597E+00
0.18669134643606E+01     0.73571997880936E+00
0.18767319012517E+01     0.73263037204742E+00
0.18865503381427E+01     0.72814851999283E+00
0.18963687750338E+01     0.72220975160599E+00
0.19061872119248E+01     0.71474725008011E+00
0.19160056488159E+01     0.70568376779556E+00
0.19258240857069E+01     0.69494462013245E+00
0.19356425225980E+01     0.68245011568069E+00
0.19454609594890E+01     0.66812920570374E+00
0.19552793963801E+01     0.65191185474396E+00
0.19650978332711E+01     0.63374042510986E+00
0.19749162701621E+01     0.61356115341187E+00
0.19847347070532E+01     0.59133303165436E+00
0.19945531439442E+01     0.56701767444611E+00
0.20043715808353E+01     0.54058718681335E+00
0.20141900177263E+01     0.51201480627060E+00
0.20240084546174E+01     0.48128548264503E+00
0.20338268915084E+01     0.44839438796043E+00
0.20436453283995E+01     0.41336929798126E+00
0.20534637652905E+01     0.37628695368767E+00
0.20632822021816E+01     0.33731910586357E+00
0.20731006390726E+01     0.29677361249924E+00
0.20829190759637E+01     0.25515979528427E+00
0.20927375128547E+01     0.21323089301586E+00
0.21025559497458E+01     0.17201864719391E+00
0.21123743866368E+01     0.13280892372131E+00
0.21221928235278E+01     0.97083240747452E-01
0.21320112604189E+01     0.66373035311699E-01
0.21418296973099E+01     0.39121758192778E-01
0.21516481342010E+01     0.13866329565644E-01
0.21614665710920E+01     0.91707119718194E-02
0.21712850079831E+01     0.13627992868423E+01
0.21811034448741E+01     0.13765177726746E+01
0.21909218817652E+01     0.14012154340744E+01
0.22007403186562E+01     0.14380645751953E+01
0.22105587555473E+01     0.14887484312057E+01
0.22203771924383E+01     0.15555355548859E+01
0.22301956293294E+01     0.16415232419968E+01
0.22400140662204E+01     0.17510145902634E+01
0.22498325031115E+01     0.18901860713959E+01
0.22596509400025E+01     0.20682880878448E+01
0.22694693768935E+01     0.23000743389130E+01
0.22792878137846E+01     0.26112279891968E+01
0.22891062506756E+01     0.30527753829956E+01
0.22989246875667E+01     0.41172757148743E+01
0.23087431244577E+01     0.00000000000000E+00
0.23185615613488E+01     0.00000000000000E+00
0.23283799982398E+01     0.00000000000000E+00
