0.10716200761859E+01     0.00000000000000E+00
0.10814385130769E+01     0.00000000000000E+00
0.10912569499680E+01     0.00000000000000E+00
0.11010753868590E+01     0.71588462591171E+00
0.11108938237501E+01     0.11073069572449E+01
0.11207122606411E+01     0.19209846258163E+01
0.11305306975321E+01     0.34410145282745E+01
0.11403491344232E+01     0.60137352943420E+01
0.11501675713142E+01     0.10063690185547E+02
0.11599860082053E+01     0.16101545333862E+02
0.11698044450963E+01     0.24729282379150E+02
0.11796228819874E+01     0.36650016784668E+02
0.11894413188784E+01     0.52670654296875E+02
0.11992597557695E+01     0.73713836669922E+02
0.12090781926605E+01     0.10081656646729E+03
0.12188966295516E+01     0.13514372253418E+03
0.12287150664426E+01     0.17798181152344E+03
0.12385335033337E+01     0.23075253295898E+03
0.12483519402247E+01     0.29500131225586E+03
0.12581703771157E+01     0.37240826416016E+03
0.12679888140068E+01     0.46477188110352E+03
0.12778072508978E+01     0.57401409912109E+03
0.12876256877889E+01     0.70215917968750E+03
0.12974441246799E+01     0.85133020019531E+03
0.13072625615710E+01     0.10237224121094E+04
0.13170809984620E+01     0.12215895996094E+04
0.13268994353531E+01     0.14472114257813E+04
0.13367178722441E+01     0.17028692626953E+04
0.13465363091352E+01     0.19908088378906E+04
0.13563547460262E+01     0.23132148437500E+04
0.13661731829173E+01     0.26721943359375E+04
0.13759916198083E+01     0.30699423828125E+04
0.13858100566994E+01     0.35277365722656E+04
0.13956284935904E+01     0.39816520996094E+04
0.14054469304814E+01     0.45035644531250E+04
0.14152653673725E+01     0.50677827148438E+04
0.14250838042635E+01     0.56752368164063E+04
0.14349022411546E+01     0.63258959960938E+04
0.14447206780456E+01     0.70191723632813E+04
0.14545391149367E+01     0.77869155273438E+04
0.14643575518277E+01     0.86410087890625E+04
0.14741759887188E+01     0.95535000000000E+04
0.14839944256098E+01     0.10506087890625E+05
0.14938128625009E+01     0.11486079101563E+05
0.15036312993919E+01     0.12483951171875E+05
0.15134497362830E+01     0.13492323242188E+05
0.15232681731740E+01     0.14505311523438E+05
0.15330866100651E+01     0.15518370117188E+05
0.15429050469561E+01     0.16528000000000E+05
0.15527234838471E+01     0.17531761718750E+05
0.15625419207382E+01     0.18528031250000E+05
0.15723603576292E+01     0.19516064453125E+05
0.15821787945203E+01     0.20495710937500E+05
0.15919972314113E+01     0.21467488281250E+05
0.16018156683024E+01     0.22432271484375E+05
0.16116341051934E+01     0.23391355468750E+05
0.16214525420845E+01     0.24346085937500E+05
0.16312709789755E+01     0.25297943359375E+05
0.16410894158666E+01     0.26248089843750E+05
0.16509078527576E+01     0.27197478515625E+05
0.16607262896487E+01     0.28146339843750E+05
0.16705447265397E+01     0.29094353515625E+05
0.16803631634308E+01     0.30040095703125E+05
0.16901816003218E+01     0.30981316406250E+05
0.17000000372128E+01     0.31914441406250E+05
0.17098184741039E+01     0.32834984375000E+05
0.17196369109949E+01     0.33737109375000E+05
0.17294553478860E+01     0.34614292968750E+05
0.17392737847770E+01     0.35458894531250E+05
0.17490922216681E+01     0.36263007812500E+05
0.17589106585591E+01     0.37018035156250E+05
0.17687290954502E+01     0.37715660156250E+05
0.17785475323412E+01     0.38347304687500E+05
0.17883659692323E+01     0.38905136718750E+05
0.17981844061233E+01     0.39381382812500E+05
0.18080028430144E+01     0.39769343750000E+05
0.18178212799054E+01     0.40062515625000E+05
0.18276397167965E+01     0.40255554687500E+05
0.18374581536875E+01     0.40343304687500E+05
0.18472765905785E+01     0.40321738281250E+05
0.18570950274696E+01     0.40186980468750E+05
0.18669134643606E+01     0.39936316406250E+05
0.18767319012517E+01     0.39567289062500E+05
0.18865503381427E+01     0.39078808593750E+05
0.18963687750338E+01     0.38470421875000E+05
0.19061872119248E+01     0.37743531250000E+05
0.19160056488159E+01     0.36900796875000E+05
0.19258240857069E+01     0.35947339843750E+05
0.19356425225980E+01     0.34890125000000E+05
0.19454609594890E+01     0.33738929687500E+05
0.19552793963801E+01     0.32505515625000E+05
0.19650978332711E+01     0.31204138671875E+05
0.19749162701621E+01     0.29850449218750E+05
0.19847347070532E+01     0.28461548828125E+05
0.19945531439442E+01     0.27054701171875E+05
0.20043715808353E+01     0.25647156250000E+05
0.20141900177263E+01     0.24254900390625E+05
0.20240084546174E+01     0.22892435546875E+05
0.20338268915084E+01     0.21571732421875E+05
0.20436453283995E+01     0.20302015625000E+05
0.20534637652905E+01     0.19088835937500E+05
0.20632822021816E+01     0.17933755859375E+05
0.20731006390726E+01     0.16833455078125E+05
0.20829190759637E+01     0.15779555664063E+05
0.20927375128547E+01     0.14758438476563E+05
0.21025559497458E+01     0.13752445312500E+05
0.21123743866368E+01     0.12741937500000E+05
0.21221928235278E+01     0.11709135742188E+05
0.21320112604189E+01     0.10642641601563E+05
0.21418296973099E+01     0.95720039062500E+04
0.21516481342010E+01     0.85235546875000E+04
0.21614665710920E+01     0.75047612304688E+04
0.21712850079831E+01     0.79552612304688E+03
0.21811034448741E+01     0.64356866455078E+03
0.21909218817652E+01     0.50747225952148E+03
0.22007403186562E+01     0.38860006713867E+03
0.22105587555473E+01     0.28755065917969E+03
0.22203771924383E+01     0.20426017761230E+03
0.22301956293294E+01     0.13803466796875E+03
0.22400140662204E+01     0.87625228881836E+02
0.22498325031115E+01     0.51293346405029E+02
0.22596509400025E+01     0.26913063049316E+02
0.22694693768935E+01     0.12085843086243E+02
0.22792878137846E+01     0.42920570373535E+01
0.22891062506756E+01     0.10700571537018E+01
0.22989246875667E+01     0.20749853551388E+00
0.23087431244577E+01     0.00000000000000E+00
0.23185615613488E+01     0.00000000000000E+00
0.23283799982398E+01     0.00000000000000E+00
