0.10716200761859E+01     0.00000000000000E+00
0.10814385130769E+01     -.11522429995239E-02
0.10912569499680E+01     -.23012845776975E-02
0.11010753868590E+01     0.25753278168850E-03
0.11108938237501E+01     0.28745071031153E-02
0.11207122606411E+01     0.55503090843558E-02
0.11305306975321E+01     0.82856025546789E-02
0.11403491344232E+01     0.11081391945481E-01
0.11501675713142E+01     0.13938234187663E-01
0.11599860082053E+01     0.16857119277120E-01
0.11698044450963E+01     0.19838349893689E-01
0.11796228819874E+01     0.22882768884301E-01
0.11894413188784E+01     0.25990452617407E-01
0.11992597557695E+01     0.29162041842937E-01
0.12090781926605E+01     0.32397449016571E-01
0.12188966295516E+01     0.35697072744370E-01
0.12287150664426E+01     0.39060689508915E-01
0.12385335033337E+01     0.42488444596529E-01
0.12483519402247E+01     0.45979972928762E-01
0.12581703771157E+01     0.49535147845745E-01
0.12679888140068E+01     0.53153455257416E-01
0.12778072508978E+01     0.56834466755390E-01
0.12876256877889E+01     0.60577467083931E-01
0.12974441246799E+01     0.64381711184978E-01
0.13072625615710E+01     0.68246215581894E-01
0.13170809984620E+01     0.72169870138168E-01
0.13268994353531E+01     0.76151356101036E-01
0.13367178722441E+01     0.80189168453217E-01
0.13465363091352E+01     0.84281533956528E-01
0.13563547460262E+01     0.88426500558853E-01
0.13661731829173E+01     0.92621795833111E-01
0.13759916198083E+01     0.96864923834801E-01
0.13858100566994E+01     0.10115300118923E+00
0.13956284935904E+01     0.10548292100430E+00
0.14054469304814E+01     0.10985118150711E+00
0.14152653673725E+01     0.11425398290157E+00
0.14250838042635E+01     0.11868708580732E+00
0.14349022411546E+01     0.12314596027136E+00
0.14447206780456E+01     0.12762559950352E+00
0.14545391149367E+01     0.13212066888809E+00
0.14643575518277E+01     0.13662655651569E+00
0.14741759887188E+01     0.14113868772984E+00
0.14839944256098E+01     0.14565218985081E+00
0.14938128625009E+01     0.15016232430935E+00
0.15036312993919E+01     0.15466405451298E+00
0.15134497362830E+01     0.15915253758430E+00
0.15232681731740E+01     0.16362264752388E+00
0.15330866100651E+01     0.16806952655315E+00
0.15429050469561E+01     0.17248797416687E+00
0.15527234838471E+01     0.17687310278416E+00
0.15625419207382E+01     0.18121957778931E+00
0.15723603576292E+01     0.18552239239216E+00
0.15821787945203E+01     0.18977598845959E+00
0.15919972314113E+01     0.19397501647472E+00
0.16018156683024E+01     0.19811348617077E+00
0.16116341051934E+01     0.20218549668789E+00
0.16214525420845E+01     0.20618429780006E+00
0.16312709789755E+01     0.21010318398476E+00
0.16410894158666E+01     0.21393431723118E+00
0.16509078527576E+01     0.21766988933086E+00
0.16607262896487E+01     0.22130072116852E+00
0.16705447265397E+01     0.22481760382652E+00
0.16803631634308E+01     0.22820980846882E+00
0.16901816003218E+01     0.23146665096283E+00
0.17000000372128E+01     0.23457579314709E+00
0.17098184741039E+01     0.23752513527870E+00
0.17196369109949E+01     0.24030089378357E+00
0.17294553478860E+01     0.24288985133171E+00
0.17392737847770E+01     0.24527733027935E+00
0.17490922216681E+01     0.24744963645935E+00
0.17589106585591E+01     0.24939191341400E+00
0.17687290954502E+01     0.25109091401100E+00
0.17785475323412E+01     0.25253266096115E+00
0.17883659692323E+01     0.25370535254478E+00
0.17981844061233E+01     0.25459697842598E+00
0.18080028430144E+01     0.25519838929176E+00
0.18178212799054E+01     0.25550058484077E+00
0.18276397167965E+01     0.25549787282944E+00
0.18374581536875E+01     0.25518494844437E+00
0.18472765905785E+01     0.25455999374390E+00
0.18570950274696E+01     0.25362163782120E+00
0.18669134643606E+01     0.25237184762955E+00
0.18767319012517E+01     0.25081303715706E+00
0.18865503381427E+01     0.24895048141479E+00
0.18963687750338E+01     0.24678948521614E+00
0.19061872119248E+01     0.24433782696724E+00
0.19160056488159E+01     0.24160282313824E+00
0.19258240857069E+01     0.23859368264675E+00
0.19356425225980E+01     0.23531876504421E+00
0.19454609594890E+01     0.23178786039352E+00
0.19552793963801E+01     0.22800962626934E+00
0.19650978332711E+01     0.22399371862411E+00
0.19749162701621E+01     0.21974858641624E+00
0.19847347070532E+01     0.21528327465057E+00
0.19945531439442E+01     0.21060569584370E+00
0.20043715808353E+01     0.20572422444820E+00
0.20141900177263E+01     0.20064616203308E+00
0.20240084546174E+01     0.19537927210331E+00
0.20338268915084E+01     0.18993034958839E+00
0.20436453283995E+01     0.18430677056313E+00
0.20534637652905E+01     0.17851515114307E+00
0.20632822021816E+01     0.17256279289722E+00
0.20731006390726E+01     0.16645640134811E+00
0.20829190759637E+01     0.16020341217518E+00
0.20927375128547E+01     0.15381070971489E+00
0.21025559497458E+01     0.14728586375713E+00
0.21123743866368E+01     0.14063574373722E+00
0.21221928235278E+01     0.13386780023575E+00
0.21320112604189E+01     0.12698857486248E+00
0.21418296973099E+01     0.12000542879105E+00
0.21516481342010E+01     0.11292652040720E+00
0.21614665710920E+01     0.10576019436121E+00
0.21712850079831E+01     0.98513074219227E-01
0.21811034448741E+01     0.91208733618259E-01
0.21909218817652E+01     0.83855867385864E-01
0.22007403186562E+01     0.76460137963295E-01
0.22105587555473E+01     0.69025821983814E-01
0.22203771924383E+01     0.61557278037071E-01
0.22301956293294E+01     0.54057568311691E-01
0.22400140662204E+01     0.46529781073332E-01
0.22498325031115E+01     0.38975857198238E-01
0.22596509400025E+01     0.31397677958012E-01
0.22694693768935E+01     0.23796126246452E-01
0.22792878137846E+01     0.16171842813492E-01
0.22891062506756E+01     0.85245110094547E-02
0.22989246875667E+01     0.85320387734100E-03
0.23087431244577E+01     -.68441899493337E-02
0.23185615613488E+01     -.34226481802762E-02
0.23283799982398E+01     0.00000000000000E+00
