0.10716200761859E+01     0.00000000000000E+00
0.10814385130769E+01     -.12039748253301E-02
0.10912569499680E+01     -.23549911566079E-02
0.11010753868590E+01     0.20354977459647E-03
0.11108938237501E+01     0.28198461513966E-02
0.11207122606411E+01     0.54944609291852E-02
0.11305306975321E+01     0.82284826785326E-02
0.11403491344232E+01     0.11022686958313E-01
0.11501675713142E+01     0.13878163881600E-01
0.11599860082053E+01     0.16795359551907E-01
0.11698044450963E+01     0.19775208085775E-01
0.11796228819874E+01     0.22817878052592E-01
0.11894413188784E+01     0.25924116373062E-01
0.11992597557695E+01     0.29093898832798E-01
0.12090781926605E+01     0.32327752560377E-01
0.12188966295516E+01     0.35625502467155E-01
0.12287150664426E+01     0.38987424224615E-01
0.12385335033337E+01     0.42413219809532E-01
0.12483519402247E+01     0.45902900397778E-01
0.12581703771157E+01     0.49456022679806E-01
0.12679888140068E+01     0.53072318434715E-01
0.12778072508978E+01     0.56751172989607E-01
0.12876256877889E+01     0.60492005199194E-01
0.12974441246799E+01     0.64293965697289E-01
0.13072625615710E+01     0.68156145513058E-01
0.13170809984620E+01     0.72077393531799E-01
0.13268994353531E+01     0.76056413352489E-01
0.13367178722441E+01     0.80091670155525E-01
0.13465363091352E+01     0.84181435406208E-01
0.13563547460262E+01     0.88323712348938E-01
0.13661731829173E+01     0.92516273260117E-01
0.13759916198083E+01     0.96756577491760E-01
0.13858100566994E+01     0.10104185342789E+00
0.13956284935904E+01     0.10536885261536E+00
0.14054469304814E+01     0.10973414033651E+00
0.14152653673725E+01     0.11413390189409E+00
0.14250838042635E+01     0.11856398731470E+00
0.14349022411546E+01     0.12301976233721E+00
0.14447206780456E+01     0.12749634683132E+00
0.14545391149367E+01     0.13198827207088E+00
0.14643575518277E+01     0.13649103045464E+00
0.14741759887188E+01     0.14099989831448E+00
0.14839944256098E+01     0.14551016688347E+00
0.14938128625009E+01     0.15001690387726E+00
0.15036312993919E+01     0.15451529622078E+00
0.15134497362830E+01     0.15900023281574E+00
0.15232681731740E+01     0.16346684098244E+00
0.15330866100651E+01     0.16790999472141E+00
0.15429050469561E+01     0.17232477664948E+00
0.15527234838471E+01     0.17670594155788E+00
0.15625419207382E+01     0.18104852735996E+00
0.15723603576292E+01     0.18534712493420E+00
0.15821787945203E+01     0.18959656357765E+00
0.15919972314113E+01     0.19379107654095E+00
0.16018156683024E+01     0.19792509078979E+00
0.16116341051934E+01     0.20199225842953E+00
0.16214525420845E+01     0.20598630607128E+00
0.16312709789755E+01     0.20990000665188E+00
0.16410894158666E+01     0.21372610330582E+00
0.16509078527576E+01     0.21745616197586E+00
0.16607262896487E+01     0.22108168900013E+00
0.16705447265397E+01     0.22459280490875E+00
0.16803631634308E+01     0.22797957062721E+00
0.16901816003218E+01     0.23123049736023E+00
0.17000000372128E+01     0.23433418571949E+00
0.17098184741039E+01     0.23727762699127E+00
0.17196369109949E+01     0.24004812538624E+00
0.17294553478860E+01     0.24263146519661E+00
0.17392737847770E+01     0.24501411616802E+00
0.17490922216681E+01     0.24718131124973E+00
0.17589106585591E+01     0.24911949038506E+00
0.17687290954502E+01     0.25081419944763E+00
0.17785475323412E+01     0.25225284695625E+00
0.17883659692323E+01     0.25342231988907E+00
0.17981844061233E+01     0.25431212782860E+00
0.18080028430144E+01     0.25491166114807E+00
0.18178212799054E+01     0.25521343946457E+00
0.18276397167965E+01     0.25521031022072E+00
0.18374581536875E+01     0.25489845871925E+00
0.18472765905785E+01     0.25427457690239E+00
0.18570950274696E+01     0.25333875417709E+00
0.18669134643606E+01     0.25209149718285E+00
0.18767319012517E+01     0.25053656101227E+00
0.18865503381427E+01     0.24867780506611E+00
0.18963687750338E+01     0.24652180075645E+00
0.19061872119248E+01     0.24407497048378E+00
0.19160056488159E+01     0.24134580790997E+00
0.19258240857069E+01     0.23834224045277E+00
0.19356425225980E+01     0.23507377505302E+00
0.19454609594890E+01     0.23154896497726E+00
0.19552793963801E+01     0.22777752578259E+00
0.19650978332711E+01     0.22376804053783E+00
0.19749162701621E+01     0.21952983736992E+00
0.19847347070532E+01     0.21507108211517E+00
0.19945531439442E+01     0.21040046215057E+00
0.20043715808353E+01     0.20552556216717E+00
0.20141900177263E+01     0.20045439898968E+00
0.20240084546174E+01     0.19519399106503E+00
0.20338268915084E+01     0.18975186347961E+00
0.20436453283995E+01     0.18413466215134E+00
0.20534637652905E+01     0.17834971845150E+00
0.20632822021816E+01     0.17240366339684E+00
0.20731006390726E+01     0.16630384325981E+00
0.20829190759637E+01     0.16005705296993E+00
0.20927375128547E+01     0.15367084741592E+00
0.21025559497458E+01     0.14715214073658E+00
0.21123743866368E+01     0.14050845801830E+00
0.21221928235278E+01     0.13374657928944E+00
0.21320112604189E+01     0.12687374651432E+00
0.21418296973099E+01     0.11989665031433E+00
0.21516481342010E+01     0.11282417923212E+00
0.21614665710920E+01     0.10566390305758E+00
0.21712850079831E+01     0.98423235118389E-01
0.21811034448741E+01     0.91124944388866E-01
0.21909218817652E+01     0.83778485655785E-01
0.22007403186562E+01     0.76388776302338E-01
0.22105587555473E+01     0.68960800766945E-01
0.22203771924383E+01     0.61498235911131E-01
0.22301956293294E+01     0.54004788398743E-01
0.22400140662204E+01     0.46482946723700E-01
0.22498325031115E+01     0.38935199379921E-01
0.22596509400025E+01     0.31362950801849E-01
0.22694693768935E+01     0.23767486214638E-01
0.22792878137846E+01     0.16149118542671E-01
0.22891062506756E+01     0.85077472031116E-02
0.22989246875667E+01     0.84220420103520E-03
0.23087431244577E+01     -.68498123437166E-02
0.23185615613488E+01     -.34273718483746E-02
0.23283799982398E+01     0.00000000000000E+00
