0.10716200761859E+01     0.00000000000000E+00
0.10814385130769E+01     0.00000000000000E+00
0.10912569499680E+01     0.00000000000000E+00
0.11010753868590E+01     0.15109418750000E+07
0.11108938237501E+01     0.14853797500000E+07
0.11207122606411E+01     0.14605170000000E+07
0.11305306975321E+01     0.14363345000000E+07
0.11403491344232E+01     0.14128103750000E+07
0.11501675713142E+01     0.13899245000000E+07
0.11599860082053E+01     0.13676558750000E+07
0.11698044450963E+01     0.13459848750000E+07
0.11796228819874E+01     0.13248923750000E+07
0.11894413188784E+01     0.13043600000000E+07
0.11992597557695E+01     0.12843707500000E+07
0.12090781926605E+01     0.12649075000000E+07
0.12188966295516E+01     0.12459548750000E+07
0.12287150664426E+01     0.12274971250000E+07
0.12385335033337E+01     0.12095203750000E+07
0.12483519402247E+01     0.11920098750000E+07
0.12581703771157E+01     0.11749531250000E+07
0.12679888140068E+01     0.11583366250000E+07
0.12778072508978E+01     0.11421483750000E+07
0.12876256877889E+01     0.11263761250000E+07
0.12974441246799E+01     0.11110086250000E+07
0.13072625615710E+01     0.10960345000000E+07
0.13170809984620E+01     0.10814431250000E+07
0.13268994353531E+01     0.10672238750000E+07
0.13367178722441E+01     0.10533665000000E+07
0.13465363091352E+01     0.10398610000000E+07
0.13563547460262E+01     0.10266976250000E+07
0.13661731829173E+01     0.10138669375000E+07
0.13759916198083E+01     0.10013591875000E+07
0.13858100566994E+01     0.98916593750000E+06
0.13956284935904E+01     0.97727550000000E+06
0.14054469304814E+01     0.96568156250000E+06
0.14152653673725E+01     0.95437375000000E+06
0.14250838042635E+01     0.94334312500000E+06
0.14349022411546E+01     0.93258037500000E+06
0.14447206780456E+01     0.92207612500000E+06
0.14545391149367E+01     0.91182218750000E+06
0.14643575518277E+01     0.90181018750000E+06
0.14741759887188E+01     0.89203212500000E+06
0.14839944256098E+01     0.88248056250000E+06
0.14938128625009E+01     0.87314787500000E+06
0.15036312993919E+01     0.86402643750000E+06
0.15134497362830E+01     0.85510900000000E+06
0.15232681731740E+01     0.84638850000000E+06
0.15330866100651E+01     0.83785806250000E+06
0.15429050469561E+01     0.82951075000000E+06
0.15527234838471E+01     0.82134006250000E+06
0.15625419207382E+01     0.81333968750000E+06
0.15723603576292E+01     0.80550356250000E+06
0.15821787945203E+01     0.79782531250000E+06
0.15919972314113E+01     0.79029912500000E+06
0.16018156683024E+01     0.78291900000000E+06
0.16116341051934E+01     0.77567887500000E+06
0.16214525420845E+01     0.76857275000000E+06
0.16312709789755E+01     0.76159418750000E+06
0.16410894158666E+01     0.75473668750000E+06
0.16509078527576E+01     0.74799331250000E+06
0.16607262896487E+01     0.74135668750000E+06
0.16705447265397E+01     0.73481906250000E+06
0.16803631634308E+01     0.72837200000000E+06
0.16901816003218E+01     0.72200681250000E+06
0.17000000372128E+01     0.71571375000000E+06
0.17098184741039E+01     0.70948287500000E+06
0.17196369109949E+01     0.70330343750000E+06
0.17294553478860E+01     0.69716487500000E+06
0.17392737847770E+01     0.69105556250000E+06
0.17490922216681E+01     0.68496481250000E+06
0.17589106585591E+01     0.67888131250000E+06
0.17687290954502E+01     0.67279506250000E+06
0.17785475323412E+01     0.66669581250000E+06
0.17883659692323E+01     0.66057593750000E+06
0.17981844061233E+01     0.65442750000000E+06
0.18080028430144E+01     0.64824606250000E+06
0.18178212799054E+01     0.64202731250000E+06
0.18276397167965E+01     0.63577062500000E+06
0.18374581536875E+01     0.62947562500000E+06
0.18472765905785E+01     0.62314562500000E+06
0.18570950274696E+01     0.61678393750000E+06
0.18669134643606E+01     0.61039712500000E+06
0.18767319012517E+01     0.60399131250000E+06
0.18865503381427E+01     0.59757518750000E+06
0.18963687750338E+01     0.59115643750000E+06
0.19061872119248E+01     0.58474456250000E+06
0.19160056488159E+01     0.57834775000000E+06
0.19258240857069E+01     0.57197512500000E+06
0.19356425225980E+01     0.56563450000000E+06
0.19454609594890E+01     0.55933393750000E+06
0.19552793963801E+01     0.55308043750000E+06
0.19650978332711E+01     0.54688081250000E+06
0.19749162701621E+01     0.54074118750000E+06
0.19847347070532E+01     0.53466743750000E+06
0.19945531439442E+01     0.52866450000000E+06
0.20043715808353E+01     0.52273725000000E+06
0.20141900177263E+01     0.51689000000000E+06
0.20240084546174E+01     0.51112681250000E+06
0.20338268915084E+01     0.50545125000000E+06
0.20436453283995E+01     0.49986665625000E+06
0.20534637652905E+01     0.49437584375000E+06
0.20632822021816E+01     0.48898162500000E+06
0.20731006390726E+01     0.48368621875000E+06
0.20829190759637E+01     0.47849168750000E+06
0.20927375128547E+01     0.47339931250000E+06
0.21025559497458E+01     0.46841037500000E+06
0.21123743866368E+01     0.46352506250000E+06
0.21221928235278E+01     0.45874359375000E+06
0.21320112604189E+01     0.45406428125000E+06
0.21418296973099E+01     0.44948940625000E+06
0.21516481342010E+01     0.44501687500000E+06
0.21614665710920E+01     0.44064909375000E+06
0.21712850079831E+01     0.43420425000000E+06
0.21811034448741E+01     0.43004087500000E+06
0.21909218817652E+01     0.42596143750000E+06
0.22007403186562E+01     0.42198440625000E+06
0.22105587555473E+01     0.41810837500000E+06
0.22203771924383E+01     0.41433153125000E+06
0.22301956293294E+01     0.41065240625000E+06
0.22400140662204E+01     0.40706903125000E+06
0.22498325031115E+01     0.40358009375000E+06
0.22596509400025E+01     0.40018346875000E+06
0.22694693768935E+01     0.39687800000000E+06
0.22792878137846E+01     0.39366159375000E+06
0.22891062506756E+01     0.39053315625000E+06
0.22989246875667E+01     0.38749115625000E+06
0.23087431244577E+01     0.00000000000000E+00
0.23185615613488E+01     0.00000000000000E+00
0.23283799982398E+01     0.00000000000000E+00
