0.10716200761859E+01     0.00000000000000E+00
0.10814385130769E+01     0.00000000000000E+00
0.10912569499680E+01     0.00000000000000E+00
0.11010753868590E+01     0.83358791016508E-04
0.11108938237501E+01     0.11292704148218E-02
0.11207122606411E+01     0.21281356457621E-02
0.11305306975321E+01     0.29350963886827E-02
0.11403491344232E+01     0.36440005060285E-02
0.11501675713142E+01     0.40613543242216E-02
0.11599860082053E+01     0.43646232225001E-02
0.11698044450963E+01     0.43767662718892E-02
0.11796228819874E+01     0.42926738969982E-02
0.11894413188784E+01     0.39988625794649E-02
0.11992597557695E+01     0.36471046041697E-02
0.12090781926605E+01     0.32008814159781E-02
0.12188966295516E+01     0.27374397031963E-02
0.12287150664426E+01     0.22814513649791E-02
0.12385335033337E+01     0.18381004920229E-02
0.12483519402247E+01     0.14640082372352E-02
0.12581703771157E+01     0.11169111821800E-02
0.12679888140068E+01     0.85855048382655E-03
0.12778072508978E+01     0.62878383323550E-03
0.12876256877889E+01     0.47827707021497E-03
0.12974441246799E+01     0.35102738183923E-03
0.13072625615710E+01     0.28149693389423E-03
0.13170809984620E+01     0.22817988065071E-03
0.13268994353531E+01     0.21125278726686E-03
0.13367178722441E+01     0.20476052304730E-03
0.13465363091352E+01     0.21912246302236E-03
0.13563547460262E+01     0.24024423328228E-03
0.13661731829173E+01     0.27288508135825E-03
0.13759916198083E+01     0.31036831205711E-03
0.13858100566994E+01     0.35433986340649E-03
0.13956284935904E+01     0.40216167690232E-03
0.14054469304814E+01     0.45388168655336E-03
0.14152653673725E+01     0.50870544509962E-03
0.14250838042635E+01     0.56528265122324E-03
0.14349022411546E+01     0.62430236721411E-03
0.14447206780456E+01     0.68320601712912E-03
0.14545391149367E+01     0.74391794623807E-03
0.14643575518277E+01     0.80225872807205E-03
0.14741759887188E+01     0.86107646347955E-03
0.14839944256098E+01     0.91654120478779E-03
0.14938128625009E+01     0.97212946275249E-03
0.15036312993919E+01     0.10245583252981E-02
0.15134497362830E+01     0.10771651286632E-02
0.15232681731740E+01     0.11282976483926E-02
0.15330866100651E+01     0.11802308727056E-02
0.15429050469561E+01     0.12333901831880E-02
0.15527234838471E+01     0.12882497394457E-02
0.15625419207382E+01     0.13477398315445E-02
0.15723603576292E+01     0.14101291308180E-02
0.15821787945203E+01     0.14803040539846E-02
0.15919972314113E+01     0.15544904163107E-02
0.16018156683024E+01     0.16389210941270E-02
0.16116341051934E+01     0.17283260822296E-02
0.16214525420845E+01     0.18289099680260E-02
0.16312709789755E+01     0.19351773662493E-02
0.16410894158666E+01     0.20517092198133E-02
0.16509078527576E+01     0.21742468234152E-02
0.16607262896487E+01     0.23041027598083E-02
0.16705447265397E+01     0.24398448877037E-02
0.16803631634308E+01     0.25780019350350E-02
0.16901816003218E+01     0.27214889414608E-02
0.17000000372128E+01     0.28607626445591E-02
0.17098184741039E+01     0.30043816659600E-02
0.17196369109949E+01     0.31362075824291E-02
0.17294553478860E+01     0.32710069790483E-02
0.17392737847770E+01     0.33860562834889E-02
0.17490922216681E+01     0.35025586839765E-02
0.17589106585591E+01     0.35919060464948E-02
0.17687290954502E+01     0.36812322214246E-02
0.17785475323412E+01     0.37373639643192E-02
0.17883659692323E+01     0.37923618219793E-02
0.17981844061233E+01     0.38102292455733E-02
0.18080028430144E+01     0.38263807073236E-02
0.18178212799054E+01     0.38040175568312E-02
0.18276397167965E+01     0.37800685968250E-02
0.18374581536875E+01     0.37189261056483E-02
0.18472765905785E+01     0.36570411175489E-02
0.18570950274696E+01     0.35617856774479E-02
0.18669134643606E+01     0.34672075416893E-02
0.18767319012517E+01     0.33450766932219E-02
0.18865503381427E+01     0.32253677491099E-02
0.18963687750338E+01     0.30851764604449E-02
0.19061872119248E+01     0.29491826426238E-02
0.19160056488159E+01     0.28002515900880E-02
0.19258240857069E+01     0.26570828631520E-02
0.19356425225980E+01     0.25082903448492E-02
0.19454609594890E+01     0.23664825130254E-02
0.19552793963801E+01     0.22256562951952E-02
0.19650978332711E+01     0.20926643628627E-02
0.19749162701621E+01     0.19662235863507E-02
0.19847347070532E+01     0.18482421291992E-02
0.19945531439442E+01     0.17414154717699E-02
0.20043715808353E+01     0.16435541911051E-02
0.20141900177263E+01     0.15603419160470E-02
0.20240084546174E+01     0.14866680139676E-02
0.20338268915084E+01     0.14297602465376E-02
0.20436453283995E+01     0.13829985400662E-02
0.20534637652905E+01     0.13530107680708E-02
0.20632822021816E+01     0.13335853582248E-02
0.20731006390726E+01     0.13278527185321E-02
0.20829190759637E+01     0.13325617183000E-02
0.20927375128547E+01     0.13442852068692E-02
0.21025559497458E+01     0.13656239025295E-02
0.21123743866368E+01     0.13842353364453E-02
0.21221928235278E+01     0.14110468327999E-02
0.21320112604189E+01     0.14241889584810E-02
0.21418296973099E+01     0.14438637299463E-02
0.21516481342010E+01     0.14401708031073E-02
0.21614665710920E+01     0.14416063204408E-02
0.21712850079831E+01     0.14068207237870E-02
0.21811034448741E+01     0.13838484883308E-02
0.21909218817652E+01     0.13289321213961E-02
0.22007403186562E+01     0.12773420894518E-02
0.22105587555473E+01     0.11944030411541E-02
0.22203771924383E+01     0.11140085989609E-02
0.22301956293294E+01     0.10046706302091E-02
0.22400140662204E+01     0.89694326743484E-03
0.22498325031115E+01     0.76429819455370E-03
0.22596509400025E+01     0.63256005523726E-03
0.22694693768935E+01     0.48227346269414E-03
0.22792878137846E+01     0.33289697603323E-03
0.22891062506756E+01     0.17415735055692E-03
0.22989246875667E+01     0.17177957488457E-04
0.23087431244577E+01     0.00000000000000E+00
0.23185615613488E+01     0.00000000000000E+00
0.23283799982398E+01     0.00000000000000E+00
