0.10716200761859E+01     0.00000000000000E+00
0.10814385130769E+01     0.00000000000000E+00
0.10912569499680E+01     0.00000000000000E+00
0.11010753868590E+01     0.94106544565875E-04
0.11108938237501E+01     0.11257770238444E-02
0.11207122606411E+01     0.20480502862483E-02
0.11305306975321E+01     0.28952420689166E-02
0.11403491344232E+01     0.35004981327802E-02
0.11501675713142E+01     0.39986404590309E-02
0.11599860082053E+01     0.42074932716787E-02
0.11698044450963E+01     0.43105115182698E-02
0.11796228819874E+01     0.41663474403322E-02
0.11894413188784E+01     0.39446293376386E-02
0.11992597557695E+01     0.35742050968111E-02
0.12090781926605E+01     0.31657954677939E-02
0.12188966295516E+01     0.27165370993316E-02
0.12287150664426E+01     0.22645755670965E-02
0.12385335033337E+01     0.18525347113609E-02
0.12483519402247E+01     0.14598516281694E-02
0.12581703771157E+01     0.11467172298580E-02
0.12679888140068E+01     0.86092913988978E-03
0.12778072508978E+01     0.65903615904972E-03
0.12876256877889E+01     0.48267040983774E-03
0.12974441246799E+01     0.37441417225637E-03
0.13072625615710E+01     0.28558477060869E-03
0.13170809984620E+01     0.24339545052499E-03
0.13268994353531E+01     0.21434515656438E-03
0.13367178722441E+01     0.21355815988500E-03
0.13465363091352E+01     0.22127434203867E-03
0.13563547460262E+01     0.24489147472195E-03
0.13661731829173E+01     0.27423902065493E-03
0.13759916198083E+01     0.31245945137925E-03
0.13858100566994E+01     0.35486801061779E-03
0.13956284935904E+01     0.40238490328193E-03
0.14054469304814E+01     0.45343776582740E-03
0.14152653673725E+01     0.50715176621452E-03
0.14250838042635E+01     0.56358706206083E-03
0.14349022411546E+01     0.62080821953714E-03
0.14447206780456E+01     0.68010331597179E-03
0.14545391149367E+01     0.73854764923453E-03
0.14643575518277E+01     0.79778302460909E-03
0.14741759887188E+01     0.85421046242118E-03
0.14839944256098E+01     0.91088452609256E-03
0.14938128625009E+01     0.96445163944736E-03
0.15036312993919E+01     0.10180613026023E-02
0.15134497362830E+01     0.10694805532694E-02
0.15232681731740E+01     0.11213317047805E-02
0.15330866100651E+01     0.11732655111700E-02
0.15429050469561E+01     0.12263272656128E-02
0.15527234838471E+01     0.12824838049710E-02
0.15625419207382E+01     0.13408763334155E-02
0.15723603576292E+01     0.14057239750400E-02
0.15821787945203E+01     0.14738960890099E-02
0.15919972314113E+01     0.15512842219323E-02
0.16018156683024E+01     0.16331608640030E-02
0.16116341051934E+01     0.17258832231164E-02
0.16214525420845E+01     0.18239119090140E-02
0.16312709789755E+01     0.19328882917762E-02
0.16410894158666E+01     0.20476707722992E-02
0.16509078527576E+01     0.21714651957154E-02
0.16607262896487E+01     0.23011961020529E-02
0.16705447265397E+01     0.24359184317291E-02
0.16803631634308E+01     0.25762696750462E-02
0.16901816003218E+01     0.27158786542714E-02
0.17000000372128E+01     0.28602562379092E-02
0.17098184741039E+01     0.29967848677188E-02
0.17196369109949E+01     0.31369465868920E-02
0.17294553478860E+01     0.32613743096590E-02
0.17392737847770E+01     0.33879734110087E-02
0.17490922216681E+01     0.34910731483251E-02
0.17589106585591E+01     0.35948322620243E-02
0.17687290954502E+01     0.36682870704681E-02
0.17785475323412E+01     0.37410610821098E-02
0.17883659692323E+01     0.37784746382385E-02
0.17981844061233E+01     0.38143342826515E-02
0.18080028430144E+01     0.38121240213513E-02
0.18178212799054E+01     0.38081223610789E-02
0.18276397167965E+01     0.37660235539079E-02
0.18374581536875E+01     0.37226260174066E-02
0.18472765905785E+01     0.36437523085624E-02
0.18570950274696E+01     0.35647342447191E-02
0.18669134643606E+01     0.34551431890577E-02
0.18767319012517E+01     0.33470292109996E-02
0.18865503381427E+01     0.32148875761777E-02
0.18963687750338E+01     0.30860067345202E-02
0.19061872119248E+01     0.29405162204057E-02
0.19160056488159E+01     0.27999973390251E-02
0.19258240857069E+01     0.26503896806389E-02
0.19356425225980E+01     0.25071436539292E-02
0.19454609594890E+01     0.23618163540959E-02
0.19552793963801E+01     0.22239238023758E-02
0.19650978332711E+01     0.20900871604681E-02
0.19749162701621E+01     0.19644177518785E-02
0.19847347070532E+01     0.18479616846889E-02
0.19945531439442E+01     0.17402358353138E-02
0.20043715808353E+01     0.16457933234051E-02
0.20141900177263E+01     0.15606425004080E-02
0.20240084546174E+01     0.14916117070243E-02
0.20338268915084E+01     0.14324904186651E-02
0.20436453283995E+01     0.13905517989770E-02
0.20534637652905E+01     0.13590650632977E-02
0.20632822021816E+01     0.13431784464046E-02
0.20731006390726E+01     0.13378887670115E-02
0.20829190759637E+01     0.13431591214612E-02
0.20927375128547E+01     0.13585515553132E-02
0.21025559497458E+01     0.13760350411758E-02
0.21123743866368E+01     0.14024928677827E-02
0.21221928235278E+01     0.14203890459612E-02
0.21320112604189E+01     0.14457055367529E-02
0.21418296973099E+01     0.14518322423100E-02
0.21516481342010E+01     0.14637374551967E-02
0.21614665710920E+01     0.14483173144981E-02
0.21712850079831E+01     0.14307381352410E-02
0.21811034448741E+01     0.13893594732508E-02
0.21909218817652E+01     0.13516069157049E-02
0.22007403186562E+01     0.12814414221793E-02
0.22105587555473E+01     0.12141990009695E-02
0.22203771924383E+01     0.11162441223860E-02
0.22301956293294E+01     0.10203827405348E-02
0.22400140662204E+01     0.89723692508414E-03
0.22498325031115E+01     0.77538489131257E-03
0.22596509400025E+01     0.63161965226755E-03
0.22694693768935E+01     0.48879481619224E-03
0.22792878137846E+01     0.33192595583387E-03
0.22891062506756E+01     0.17631637456361E-03
0.22989246875667E+01     0.16681447959854E-04
0.23087431244577E+01     0.00000000000000E+00
0.23185615613488E+01     0.00000000000000E+00
0.23283799982398E+01     0.00000000000000E+00
