0.10716200761859E+01     0.66227730499785E+19
0.10814385130769E+01     0.66227730499785E+19
0.10912569499680E+01     0.66227730499785E+19
0.11010753868590E+01     0.80522005633722E+18
0.11108938237501E+01     0.18449548103238E+19
0.11207122606411E+01     0.24509777194464E+19
0.11305306975321E+01     0.31947687483345E+19
0.11403491344232E+01     0.39651685083707E+19
0.11501675713142E+01     0.47805457156863E+19
0.11599860082053E+01     0.56476156375482E+19
0.11698044450963E+01     0.65642773821134E+19
0.11796228819874E+01     0.75322846704283E+19
0.11894413188784E+01     0.85515132576790E+19
0.11992597557695E+01     0.96220406594352E+19
0.12090781926605E+01     0.10743487544185E+20
0.12188966295516E+01     0.11915527356976E+20
0.12287150664426E+01     0.13137450912807E+20
0.12385335033337E+01     0.14408564419842E+20
0.12483519402247E+01     0.15727842033731E+20
0.12581703771157E+01     0.17094207332592E+20
0.12679888140068E+01     0.18506236448865E+20
0.12778072508978E+01     0.19962368076041E+20
0.12876256877889E+01     0.21460716551676E+20
0.12974441246799E+01     0.22999188405632E+20
0.13072625615710E+01     0.24575364712328E+20
0.13170809984620E+01     0.26186582454602E+20
0.13268994353531E+01     0.27829848761801E+20
0.13367178722441E+01     0.29501906880486E+20
0.13465363091352E+01     0.31199209786144E+20
0.13563547460262E+01     0.32918014741195E+20
0.13661731829173E+01     0.34654576809035E+20
0.13759916198083E+01     0.36406512248454E+20
0.13858100566994E+01     0.38296333043066E+20
0.13956284935904E+01     0.39895920151341E+20
0.14054469304814E+01     0.41658709969549E+20
0.14152653673725E+01     0.43408547540783E+20
0.14250838042635E+01     0.45144139839366E+20
0.14349022411546E+01     0.46860794149674E+20
0.14447206780456E+01     0.48553351563146E+20
0.14545391149367E+01     0.50344535169631E+20
0.14643575518277E+01     0.52253872295636E+20
0.14741759887188E+01     0.54159325946572E+20
0.14839944256098E+01     0.55998272338167E+20
0.14938128625009E+01     0.57739806397587E+20
0.15036312993919E+01     0.59369638871718E+20
0.15134497362830E+01     0.60882958297678E+20
0.15232681731740E+01     0.62280485955093E+20
0.15330866100651E+01     0.63566593502195E+20
0.15429050469561E+01     0.64747869212659E+20
0.15527234838471E+01     0.65832458268623E+20
0.15625419207382E+01     0.66829341481062E+20
0.15723603576292E+01     0.67748115387465E+20
0.15821787945203E+01     0.68598482078433E+20
0.15919972314113E+01     0.69390187625036E+20
0.16018156683024E+01     0.70132635050715E+20
0.16116341051934E+01     0.70834893127376E+20
0.16214525420845E+01     0.71505340133622E+20
0.16312709789755E+01     0.72151681446940E+20
0.16410894158666E+01     0.72780646078493E+20
0.16509078527576E+01     0.73397991071164E+20
0.16607262896487E+01     0.74008224422626E+20
0.16705447265397E+01     0.74614679852135E+20
0.16803631634308E+01     0.75219261713830E+20
0.16901816003218E+01     0.75822629714689E+20
0.17000000372128E+01     0.76424053778989E+20
0.17098184741039E+01     0.77021748299848E+20
0.17196369109949E+01     0.77612722605638E+20
0.17294553478860E+01     0.78193387890406E+20
0.17392737847770E+01     0.78759354903734E+20
0.17490922216681E+01     0.79306111249902E+20
0.17589106585591E+01     0.79828836669932E+20
0.17687290954502E+01     0.80322983583734E+20
0.17785475323412E+01     0.80784013207307E+20
0.17883659692323E+01     0.81207861745675E+20
0.17981844061233E+01     0.81590553364792E+20
0.18080028430144E+01     0.81928569627450E+20
0.18178212799054E+01     0.82218312931601E+20
0.18276397167965E+01     0.82456431965805E+20
0.18374581536875E+01     0.82639205982714E+20
0.18472765905785E+01     0.82762879050606E+20
0.18570950274696E+01     0.82823070715157E+20
0.18669134643606E+01     0.82815233396274E+20
0.18767319012517E+01     0.82734168602982E+20
0.18865503381427E+01     0.82574651456024E+20
0.18963687750338E+01     0.82331201989448E+20
0.19061872119248E+01     0.81998938371627E+20
0.19160056488159E+01     0.81573524128701E+20
0.19258240857069E+01     0.81052258860112E+20
0.19356425225980E+01     0.80434078238605E+20
0.19454609594890E+01     0.79720609541387E+20
0.19552793963801E+01     0.78916083689204E+20
0.19650978332711E+01     0.78028082914240E+20
0.19749162701621E+01     0.77067127343750E+20
0.19847347070532E+01     0.76047026843778E+20
0.19945531439442E+01     0.74984080574696E+20
0.20043715808353E+01     0.73896980234174E+20
0.20141900177263E+01     0.72805785312350E+20
0.20240084546174E+01     0.71731404122339E+20
0.20338268915084E+01     0.70694291978462E+20
0.20436453283995E+01     0.69713395665091E+20
0.20534637652905E+01     0.68804081956734E+20
0.20632822021816E+01     0.67975947390879E+20
0.20731006390726E+01     0.67229343811247E+20
0.20829190759637E+01     0.66551798357933E+20
0.20927375128547E+01     0.65914138788427E+20
0.21025559497458E+01     0.65268303250458E+20
0.21123743866368E+01     0.64547832863195E+20
0.21221928235278E+01     0.63673131780880E+20
0.21320112604189E+01     0.62562440318873E+20
0.21418296973099E+01     0.61262544895958E+20
0.21516481342010E+01     0.59825782265618E+20
0.21614665710920E+01     0.58241245272504E+20
0.21712850079831E+01     0.15986194280910E+20
0.21811034448741E+01     0.14923062194362E+20
0.21909218817652E+01     0.13792484965055E+20
0.22007403186562E+01     0.12605429121964E+20
0.22105587555473E+01     0.11372776531669E+20
0.22203771924383E+01     0.10106263381284E+20
0.22301956293294E+01     0.88185692389030E+19
0.22400140662204E+01     0.75238343738130E+19
0.22498325031115E+01     0.62378235837337E+19
0.22596509400025E+01     0.49784259228488E+19
0.22694693768935E+01     0.37657984629526E+19
0.22792878137846E+01     0.26224440838969E+19
0.22891062506756E+01     0.15704697039089E+19
0.22989246875667E+01     0.50072762833279E+18
0.23087431244577E+01     0.66227730499785E+19
0.23185615613488E+01     0.66227730499785E+19
0.23283799982398E+01     0.66227730499785E+19
