0.10716200761859E+01     0.22154500456395E-07
0.10814385130769E+01     0.22154500456395E-07
0.10912569499680E+01     0.22154500456395E-07
0.11010753868590E+01     0.25972404227304E-08
0.11108938237501E+01     0.61292881881059E-08
0.11207122606411E+01     0.81501108084581E-08
0.11305306975321E+01     0.10632132507737E-07
0.11403491344232E+01     0.13206810756117E-07
0.11501675713142E+01     0.15929987995378E-07
0.11599860082053E+01     0.18825993208793E-07
0.11698044450963E+01     0.21887991863423E-07
0.11796228819874E+01     0.25121272173578E-07
0.11894413188784E+01     0.28526175199772E-07
0.11992597557695E+01     0.32102143165957E-07
0.12090781926605E+01     0.35848664481364E-07
0.12188966295516E+01     0.39763889958522E-07
0.12287150664426E+01     0.43846085873156E-07
0.12385335033337E+01     0.48092296367486E-07
0.12483519402247E+01     0.52499615321722E-07
0.12581703771157E+01     0.57063921587996E-07
0.12679888140068E+01     0.61780774274212E-07
0.12778072508978E+01     0.66644552987327E-07
0.12876256877889E+01     0.71649068900115E-07
0.12974441246799E+01     0.76786960789832E-07
0.13072625615710E+01     0.82050021887881E-07
0.13170809984620E+01     0.87428780659593E-07
0.13268994353531E+01     0.92912650018206E-07
0.13367178722441E+01     0.98489358890674E-07
0.13465363091352E+01     0.10414466089514E-06
0.13563547460262E+01     0.10986040166472E-06
0.13661731829173E+01     0.11560865686988E-06
0.13759916198083E+01     0.12131815196881E-06
0.13858100566994E+01     0.12644557045860E-06
0.13956284935904E+01     0.13377808727455E-06
0.14054469304814E+01     0.13943149212992E-06
0.14152653673725E+01     0.14520595925660E-06
0.14250838042635E+01     0.15097272410003E-06
0.14349022411546E+01     0.15669172626076E-06
0.14447206780456E+01     0.16233805411048E-06
0.14545391149367E+01     0.16829436333410E-06
0.14643575518277E+01     0.17466135204813E-06
0.14741759887188E+01     0.18102589649516E-06
0.14839944256098E+01     0.18717452121564E-06
0.14938128625009E+01     0.19300097164887E-06
0.15036312993919E+01     0.19845623455694E-06
0.15134497362830E+01     0.20352297269710E-06
0.15232681731740E+01     0.20820328927584E-06
0.15330866100651E+01     0.21251106829823E-06
0.15429050469561E+01     0.21646832237820E-06
0.15527234838471E+01     0.22010182476606E-06
0.15625419207382E+01     0.22344171668465E-06
0.15723603576292E+01     0.22651967412912E-06
0.15821787945203E+01     0.22936833943277E-06
0.15919972314113E+01     0.23201994281408E-06
0.16018156683024E+01     0.23450616026821E-06
0.16116341051934E+01     0.23685700512033E-06
0.16214525420845E+01     0.23910070012789E-06
0.16312709789755E+01     0.24126279640768E-06
0.16410894158666E+01     0.24336600290553E-06
0.16509078527576E+01     0.24542939058847E-06
0.16607262896487E+01     0.24746830717959E-06
0.16705447265397E+01     0.24949369503702E-06
0.16803631634308E+01     0.25151234694931E-06
0.16901816003218E+01     0.25352622401442E-06
0.17000000372128E+01     0.25553342197782E-06
0.17098184741039E+01     0.25752763122000E-06
0.17196369109949E+01     0.25949958626370E-06
0.17294553478860E+01     0.26143672471335E-06
0.17392737847770E+01     0.26332517677474E-06
0.17490922216681E+01     0.26514931050770E-06
0.17589106585591E+01     0.26689369292399E-06
0.17687290954502E+01     0.26854249313146E-06
0.17785475323412E+01     0.27008118763661E-06
0.17883659692323E+01     0.27149542347615E-06
0.17981844061233E+01     0.27277263825454E-06
0.18080028430144E+01     0.27390015588935E-06
0.18178212799054E+01     0.27486669296195E-06
0.18276397167965E+01     0.27566011340241E-06
0.18374581536875E+01     0.27626873588815E-06
0.18472765905785E+01     0.27667906010720E-06
0.18570950274696E+01     0.27687732995219E-06
0.18669134643606E+01     0.27684743031386E-06
0.18767319012517E+01     0.27657293344419E-06
0.18865503381427E+01     0.27603559260569E-06
0.18963687750338E+01     0.27521815582077E-06
0.19061872119248E+01     0.27410362690716E-06
0.19160056488159E+01     0.27267864766145E-06
0.19258240857069E+01     0.27093358312413E-06
0.19356425225980E+01     0.26886598902820E-06
0.19454609594890E+01     0.26648075390767E-06
0.19552793963801E+01     0.26379302653368E-06
0.19650978332711E+01     0.26082747695000E-06
0.19749162701621E+01     0.25762014388420E-06
0.19847347070532E+01     0.25421641680623E-06
0.19945531439442E+01     0.25067137698898E-06
0.20043715808353E+01     0.24704669954190E-06
0.20141900177263E+01     0.24340980075976E-06
0.20240084546174E+01     0.23982974539649E-06
0.20338268915084E+01     0.23637510082608E-06
0.20436453283995E+01     0.23310830954415E-06
0.20534637652905E+01     0.23008064431451E-06
0.20632822021816E+01     0.22732314164386E-06
0.20731006390726E+01     0.22483655470751E-06
0.20829190759637E+01     0.22257802356762E-06
0.20927375128547E+01     0.22044935121812E-06
0.21025559497458E+01     0.21828891760833E-06
0.21123743866368E+01     0.21587443654880E-06
0.21221928235278E+01     0.21293980978498E-06
0.21320112604189E+01     0.20921423526943E-06
0.21418296973099E+01     0.20486369578521E-06
0.21516481342010E+01     0.20005577994198E-06
0.21614665710920E+01     0.19475363899346E-06
0.21712850079831E+01     0.53432550828347E-07
0.21811034448741E+01     0.49876387464565E-07
0.21909218817652E+01     0.46095568251303E-07
0.22007403186562E+01     0.42126341526227E-07
0.22105587555473E+01     0.38005374847216E-07
0.22203771924383E+01     0.33771517138348E-07
0.22301956293294E+01     0.29467424056406E-07
0.22400140662204E+01     0.25140018067304E-07
0.22498325031115E+01     0.20842218617645E-07
0.22596509400025E+01     0.16633519450693E-07
0.22694693768935E+01     0.12581420349989E-07
0.22792878137846E+01     0.87608809096196E-08
0.22891062506756E+01     0.52455915167116E-08
0.22989246875667E+01     0.16670443914180E-08
0.23087431244577E+01     0.22154500456395E-07
0.23185615613488E+01     0.22154500456395E-07
0.23283799982398E+01     0.22154500456395E-07
