0.10716200761859E+01     0.00000000000000E+00
0.10814385130769E+01     0.00000000000000E+00
0.10912569499680E+01     0.00000000000000E+00
0.11010753868590E+01     0.55489621162415E+01
0.11108938237501E+01     0.37459809780121E+01
0.11207122606411E+01     0.48917899131775E+01
0.11305306975321E+01     0.67224926948547E+01
0.11403491344232E+01     0.94659881591797E+01
0.11501675713142E+01     0.13139022827148E+02
0.11599860082053E+01     0.17794496536255E+02
0.11698044450963E+01     0.23512990951538E+02
0.11796228819874E+01     0.30369018554688E+02
0.11894413188784E+01     0.38442272186279E+02
0.11992597557695E+01     0.47815105438232E+02
0.12090781926605E+01     0.58569282531738E+02
0.12188966295516E+01     0.70789016723633E+02
0.12287150664426E+01     0.84556648254395E+02
0.12385335033337E+01     0.99956047058105E+02
0.12483519402247E+01     0.11706797027588E+03
0.12581703771157E+01     0.13597328186035E+03
0.12679888140068E+01     0.15674908447266E+03
0.12778072508978E+01     0.17947077941895E+03
0.12876256877889E+01     0.20420889282227E+03
0.12974441246799E+01     0.23103022766113E+03
0.13072625615710E+01     0.25999530029297E+03
0.13170809984620E+01     0.29115869140625E+03
0.13268994353531E+01     0.32456701660156E+03
0.13367178722441E+01     0.36025869750977E+03
0.13465363091352E+01     0.39826232910156E+03
0.13563547460262E+01     0.43859695434570E+03
0.13661731829173E+01     0.48127215576172E+03
0.13759916198083E+01     0.52630126953125E+03
0.13858100566994E+01     0.57493957519531E+03
0.13956284935904E+01     0.62289965820313E+03
0.14054469304814E+01     0.67473590087891E+03
0.14152653673725E+01     0.72866186523438E+03
0.14250838042635E+01     0.78463177490234E+03
0.14349022411546E+01     0.84254998779297E+03
0.14447206780456E+01     0.90229797363281E+03
0.14545391149367E+01     0.96537579345703E+03
0.14643575518277E+01     0.10321176757813E+04
0.14741759887188E+01     0.11009625244141E+04
0.14839944256098E+01     0.11709804687500E+04
0.14938128625009E+01     0.12415943603516E+04
0.15036312993919E+01     0.13124141845703E+04
0.15134497362830E+01     0.13831658935547E+04
0.15232681731740E+01     0.14536448974609E+04
0.15330866100651E+01     0.15237033691406E+04
0.15429050469561E+01     0.15932286376953E+04
0.15527234838471E+01     0.16621444091797E+04
0.15625419207382E+01     0.17303953857422E+04
0.15723603576292E+01     0.17979528808594E+04
0.15821787945203E+01     0.18647977294922E+04
0.15919972314113E+01     0.19309295654297E+04
0.16018156683024E+01     0.19963485107422E+04
0.16116341051934E+01     0.20610637207031E+04
0.16214525420845E+01     0.21250734863281E+04
0.16312709789755E+01     0.21883764648438E+04
0.16410894158666E+01     0.22509460449219E+04
0.16509078527576E+01     0.23127448730469E+04
0.16607262896487E+01     0.23736965332031E+04
0.16705447265397E+01     0.24337036132813E+04
0.16803631634308E+01     0.24926169433594E+04
0.16901816003218E+01     0.25502590332031E+04
0.17000000372128E+01     0.26063962402344E+04
0.17098184741039E+01     0.26607663574219E+04
0.17196369109949E+01     0.27130527343750E+04
0.17294553478860E+01     0.27629228515625E+04
0.17392737847770E+01     0.28100000000000E+04
0.17490922216681E+01     0.28539111328125E+04
0.17589106585591E+01     0.28942553710938E+04
0.17687290954502E+01     0.29306582031250E+04
0.17785475323412E+01     0.29627343750000E+04
0.17883659692323E+01     0.29901440429688E+04
0.17981844061233E+01     0.30125505371094E+04
0.18080028430144E+01     0.30296767578125E+04
0.18178212799054E+01     0.30412556152344E+04
0.18276397167965E+01     0.30470849609375E+04
0.18374581536875E+01     0.30469731445313E+04
0.18472765905785E+01     0.30407937011719E+04
0.18570950274696E+01     0.30284287109375E+04
0.18669134643606E+01     0.30098234863281E+04
0.18767319012517E+01     0.29849333496094E+04
0.18865503381427E+01     0.29537778320313E+04
0.18963687750338E+01     0.29163908691406E+04
0.19061872119248E+01     0.28728806152344E+04
0.19160056488159E+01     0.28233828125000E+04
0.19258240857069E+01     0.27681198730469E+04
0.19356425225980E+01     0.27073581542969E+04
0.19454609594890E+01     0.26414594726563E+04
0.19552793963801E+01     0.25708386230469E+04
0.19650978332711E+01     0.24959997558594E+04
0.19749162701621E+01     0.24174916992188E+04
0.19847347070532E+01     0.23359284667969E+04
0.19945531439442E+01     0.22519406738281E+04
0.20043715808353E+01     0.21661862792969E+04
0.20141900177263E+01     0.20792988281250E+04
0.20240084546174E+01     0.19918928222656E+04
0.20338268915084E+01     0.19045129394531E+04
0.20436453283995E+01     0.18176329345703E+04
0.20534637652905E+01     0.17316036376953E+04
0.20632822021816E+01     0.16466423339844E+04
0.20731006390726E+01     0.15627792968750E+04
0.20829190759637E+01     0.14798518066406E+04
0.20927375128547E+01     0.13974783935547E+04
0.21025559497458E+01     0.13151063232422E+04
0.21123743866368E+01     0.12320747070313E+04
0.21221928235278E+01     0.11477620849609E+04
0.21320112604189E+01     0.10617420654297E+04
0.21418296973099E+01     0.97519427490234E+03
0.21516481342010E+01     0.88923315429688E+03
0.21614665710920E+01     0.80424707031250E+03
0.21712850079831E+01     0.31059368896484E+03
0.21811034448741E+01     0.26916601562500E+03
0.21909218817652E+01     0.22964291381836E+03
0.22007403186562E+01     0.19241038513184E+03
0.22105587555473E+01     0.15780876159668E+03
0.22203771924383E+01     0.12614682769775E+03
0.22301956293294E+01     0.97695220947266E+02
0.22400140662204E+01     0.72689750671387E+02
0.22498325031115E+01     0.51322902679443E+02
0.22596509400025E+01     0.33740718841553E+02
0.22694693768935E+01     0.20031023025513E+02
0.22792878137846E+01     0.10215097427368E+02
0.22891062506756E+01     0.42526602745056E+01
0.22989246875667E+01     0.25864062309265E+01
0.23087431244577E+01     0.00000000000000E+00
0.23185615613488E+01     0.00000000000000E+00
0.23283799982398E+01     0.00000000000000E+00
