0.10716200761859E+01     -.10000000000000E+01
0.10814385130769E+01     -.10000000000000E+01
0.10912569499680E+01     -.10000000000000E+01
0.11010753868590E+01     -.10000000000000E+01
0.11108938237501E+01     -.10000000000000E+01
0.11207122606411E+01     -.10000000000000E+01
0.11305306975321E+01     0.14189163222909E-01
0.11403491344232E+01     0.92913759872317E-02
0.11501675713142E+01     0.13576285913587E-01
0.11599860082053E+01     0.90490560978651E-02
0.11698044450963E+01     0.12741358019412E-01
0.11796228819874E+01     0.68136770278215E-02
0.11894413188784E+01     0.11834695935249E-01
0.11992597557695E+01     0.41954517364502E-02
0.12090781926605E+01     0.11459332890809E-01
0.12188966295516E+01     0.89885089546442E-02
0.12287150664426E+01     0.10687027126551E-01
0.12385335033337E+01     0.10452703572810E-01
0.12483519402247E+01     0.66623617894948E-02
0.12581703771157E+01     0.10175685398281E-01
0.12679888140068E+01     0.80210305750370E-02
0.12778072508978E+01     0.87249781936407E-02
0.12876256877889E+01     0.94091165810823E-02
0.12974441246799E+01     0.58816079981625E-02
0.13072625615710E+01     0.82585997879505E-02
0.13170809984620E+01     0.87450835853815E-02
0.13268994353531E+01     0.60630813241005E-02
0.13367178722441E+01     0.70642074570060E-02
0.13465363091352E+01     0.81383958458900E-02
0.13563547460262E+01     0.68386020138860E-02
0.13661731829173E+01     0.38205662276596E-02
0.13759916198083E+01     0.67488984204829E-02
0.13858100566994E+01     0.76053966768086E-02
0.13956284935904E+01     0.51772501319647E-02
0.14054469304814E+01     0.40027019567788E-02
0.14152653673725E+01     0.60454010963440E-02
0.14250838042635E+01     0.61451564542949E-02
0.14349022411546E+01     0.48338207416236E-02
0.14447206780456E+01     0.16983734676614E-02
0.14545391149367E+01     0.39208005182445E-02
0.14643575518277E+01     0.47461818903685E-02
0.14741759887188E+01     0.44151786714792E-02
0.14839944256098E+01     0.27904680464417E-02
0.14938128625009E+01     0.33604211639613E-02
0.15036312993919E+01     0.42847953736782E-02
0.15134497362830E+01     0.41732504032552E-02
0.15232681731740E+01     0.31259872484952E-02
0.15330866100651E+01     0.16799320001155E-02
0.15429050469561E+01     0.29396817553788E-02
0.15527234838471E+01     0.28976087924093E-02
0.15625419207382E+01     0.20601421128958E-02
0.15723603576292E+01     0.83797430852428E-03
0.15821787945203E+01     0.00000000000000E+00
0.15919972314113E+01     0.00000000000000E+00
0.16018156683024E+01     0.00000000000000E+00
0.16116341051934E+01     0.00000000000000E+00
0.16214525420845E+01     0.00000000000000E+00
0.16312709789755E+01     0.00000000000000E+00
0.16410894158666E+01     0.00000000000000E+00
0.16509078527576E+01     0.00000000000000E+00
0.16607262896487E+01     0.00000000000000E+00
0.16705447265397E+01     0.00000000000000E+00
0.16803631634308E+01     0.00000000000000E+00
0.16901816003218E+01     0.00000000000000E+00
0.17000000372128E+01     0.00000000000000E+00
0.17098184741039E+01     0.00000000000000E+00
0.17196369109949E+01     0.00000000000000E+00
0.17294553478860E+01     0.00000000000000E+00
0.17392737847770E+01     0.00000000000000E+00
0.17490922216681E+01     0.00000000000000E+00
0.17589106585591E+01     0.00000000000000E+00
0.17687290954502E+01     0.00000000000000E+00
0.17785475323412E+01     0.00000000000000E+00
0.17883659692323E+01     0.00000000000000E+00
0.17981844061233E+01     0.00000000000000E+00
0.18080028430144E+01     0.00000000000000E+00
0.18178212799054E+01     0.00000000000000E+00
0.18276397167965E+01     0.00000000000000E+00
0.18374581536875E+01     0.00000000000000E+00
0.18472765905785E+01     0.00000000000000E+00
0.18570950274696E+01     0.00000000000000E+00
0.18669134643606E+01     0.21753826737404E+00
0.18767319012517E+01     0.24006503820419E+00
0.18865503381427E+01     0.26089191436768E+00
0.18963687750338E+01     0.27921807765961E+00
0.19061872119248E+01     0.29721617698669E+00
0.19160056488159E+01     0.31331679224968E+00
0.19258240857069E+01     0.32878339290619E+00
0.19356425225980E+01     0.34310182929039E+00
0.19454609594890E+01     0.35688516497612E+00
0.19552793963801E+01     0.36987116932869E+00
0.19650978332711E+01     0.38235855102539E+00
0.19749162701621E+01     0.39438799023628E+00
0.19847347070532E+01     0.40596291422844E+00
0.19945531439442E+01     0.41715821623802E+00
0.20043715808353E+01     0.42804735898972E+00
0.20141900177263E+01     0.43866288661957E+00
0.20240084546174E+01     0.44903588294983E+00
0.20338268915084E+01     0.45919555425644E+00
0.20436453283995E+01     0.46916764974594E+00
0.20534637652905E+01     0.47897049784660E+00
0.20632822021816E+01     0.48861527442932E+00
0.20731006390726E+01     0.49811139702797E+00
0.20829190759637E+01     0.50746291875839E+00
0.20927375128547E+01     0.51666212081909E+00
0.21025559497458E+01     0.52570265531540E+00
0.21123743866368E+01     0.53458178043365E+00
0.21221928235278E+01     0.54328250885010E+00
0.21320112604189E+01     0.55180335044861E+00
0.21418296973099E+01     0.56019943952560E+00
0.21516481342010E+01     0.56850761175156E+00
0.21614665710920E+01     0.57675623893738E+00
0.21712850079831E+01     0.58265572786331E+00
0.21811034448741E+01     0.59143340587616E+00
0.21909218817652E+01     0.60018283128738E+00
0.22007403186562E+01     0.60889708995819E+00
0.22105587555473E+01     0.61763632297516E+00
0.22203771924383E+01     0.62642949819565E+00
0.22301956293294E+01     0.63527238368988E+00
0.22400140662204E+01     0.64417463541031E+00
0.22498325031115E+01     0.65327823162079E+00
0.22596509400025E+01     0.66250300407410E+00
0.22694693768935E+01     0.67189621925354E+00
0.22792878137846E+01     0.68159520626068E+00
0.22891062506756E+01     0.69159030914307E+00
0.22989246875667E+01     -.10000000000000E+01
0.23087431244577E+01     -.10000000000000E+01
0.23185615613488E+01     -.10000000000000E+01
0.23283799982398E+01     -.10000000000000E+01
