0.10716200761859E+01     0.00000000000000E+00
0.10814385130769E+01     0.00000000000000E+00
0.10912569499680E+01     0.00000000000000E+00
0.11010753868590E+01     0.66509828125000E+05
0.11108938237501E+01     0.49804863281250E+05
0.11207122606411E+01     0.52850757812500E+05
0.11305306975321E+01     0.57846464843750E+05
0.11403491344232E+01     0.64356488281250E+05
0.11501675713142E+01     0.71317648437500E+05
0.11599860082053E+01     0.78267132812500E+05
0.11698044450963E+01     0.85017929687500E+05
0.11796228819874E+01     0.91457703125000E+05
0.11894413188784E+01     0.97534492187500E+05
0.11992597557695E+01     0.10322384375000E+06
0.12090781926605E+01     0.10851567187500E+06
0.12188966295516E+01     0.11340975781250E+06
0.12287150664426E+01     0.11791071093750E+06
0.12385335033337E+01     0.12202743750000E+06
0.12483519402247E+01     0.12577100000000E+06
0.12581703771157E+01     0.12915492187500E+06
0.12679888140068E+01     0.13219443750000E+06
0.12778072508978E+01     0.13490654687500E+06
0.12876256877889E+01     0.13730985937500E+06
0.12974441246799E+01     0.13942445312500E+06
0.13072625615710E+01     0.14127201562500E+06
0.13170809984620E+01     0.14287564062500E+06
0.13268994353531E+01     0.14425990625000E+06
0.13367178722441E+01     0.14545070312500E+06
0.13465363091352E+01     0.14647504687500E+06
0.13563547460262E+01     0.14736073437500E+06
0.13661731829173E+01     0.14813500000000E+06
0.13759916198083E+01     0.14881718750000E+06
0.13858100566994E+01     0.14873976562500E+06
0.13956284935904E+01     0.15025954687500E+06
0.14054469304814E+01     0.15088954687500E+06
0.14152653673725E+01     0.15160117187500E+06
0.14250838042635E+01     0.15240400000000E+06
0.14349022411546E+01     0.15332582812500E+06
0.14447206780456E+01     0.15439582812500E+06
0.14545391149367E+01     0.15487857812500E+06
0.14643575518277E+01     0.15460900000000E+06
0.14741759887188E+01     0.15427098437500E+06
0.14839944256098E+01     0.15421904687500E+06
0.14938128625009E+01     0.15463442187500E+06
0.15036312993919E+01     0.15560860937500E+06
0.15134497362830E+01     0.15718467187500E+06
0.15232681731740E+01     0.15937770312500E+06
0.15330866100651E+01     0.16218637500000E+06
0.15429050469561E+01     0.16559885937500E+06
0.15527234838471E+01     0.16959740625000E+06
0.15625419207382E+01     0.17416018750000E+06
0.15723603576292E+01     0.17926367187500E+06
0.15821787945203E+01     0.18488259375000E+06
0.15919972314113E+01     0.19099146875000E+06
0.16018156683024E+01     0.19756351562500E+06
0.16116341051934E+01     0.20457157812500E+06
0.16214525420845E+01     0.21198603125000E+06
0.16312709789755E+01     0.21977576562500E+06
0.16410894158666E+01     0.22790507812500E+06
0.16509078527576E+01     0.23633496875000E+06
0.16607262896487E+01     0.24501942187500E+06
0.16705447265397E+01     0.25390750000000E+06
0.16803631634308E+01     0.26293934375000E+06
0.16901816003218E+01     0.27204962500000E+06
0.17000000372128E+01     0.28116384375000E+06
0.17098184741039E+01     0.29020331250000E+06
0.17196369109949E+01     0.29908178125000E+06
0.17294553478860E+01     0.30771237500000E+06
0.17392737847770E+01     0.31600403125000E+06
0.17490922216681E+01     0.32386971875000E+06
0.17589106585591E+01     0.33122228125000E+06
0.17687290954502E+01     0.33798315625000E+06
0.17785475323412E+01     0.34407671875000E+06
0.17883659692323E+01     0.34943912500000E+06
0.17981844061233E+01     0.35401078125000E+06
0.18080028430144E+01     0.35774468750000E+06
0.18178212799054E+01     0.36059750000000E+06
0.18276397167965E+01     0.36253696875000E+06
0.18374581536875E+01     0.36353190625000E+06
0.18472765905785E+01     0.36355981250000E+06
0.18570950274696E+01     0.36259650000000E+06
0.18669134643606E+01     0.36062412500000E+06
0.18767319012517E+01     0.35762175000000E+06
0.18865503381427E+01     0.35357421875000E+06
0.18963687750338E+01     0.34846396875000E+06
0.19061872119248E+01     0.34228115625000E+06
0.19160056488159E+01     0.33501690625000E+06
0.19258240857069E+01     0.32667381250000E+06
0.19356425225980E+01     0.31726009375000E+06
0.19454609594890E+01     0.30679915625000E+06
0.19552793963801E+01     0.29532346875000E+06
0.19650978332711E+01     0.28288206250000E+06
0.19749162701621E+01     0.26953306250000E+06
0.19847347070532E+01     0.25534867187500E+06
0.19945531439442E+01     0.24040681250000E+06
0.20043715808353E+01     0.22479432812500E+06
0.20141900177263E+01     0.20859920312500E+06
0.20240084546174E+01     0.19191434375000E+06
0.20338268915084E+01     0.17483317187500E+06
0.20436453283995E+01     0.15745737500000E+06
0.20534637652905E+01     0.13989915625000E+06
0.20632822021816E+01     0.12229600781250E+06
0.20731006390726E+01     0.10482039843750E+06
0.20829190759637E+01     0.87698679687500E+05
0.20927375128547E+01     0.71218750000000E+05
0.21025559497458E+01     0.55734957031250E+05
0.21123743866368E+01     0.41650238281250E+05
0.21221928235278E+01     0.29386097656250E+05
0.21320112604189E+01     0.19322925781250E+05
0.21418296973099E+01     0.10915298828125E+05
0.21516481342010E+01     0.36943754882813E+04
0.21614665710920E+01     -.23236435546875E+04
0.21712850079831E+01     0.21458526562500E+06
0.21811034448741E+01     0.20177326562500E+06
0.21909218817652E+01     0.18971564062500E+06
0.22007403186562E+01     0.17822325000000E+06
0.22105587555473E+01     0.16709310937500E+06
0.22203771924383E+01     0.15609528125000E+06
0.22301956293294E+01     0.14496240625000E+06
0.22400140662204E+01     0.13338225000000E+06
0.22498325031115E+01     0.12098508593750E+06
0.22596509400025E+01     0.10733957812500E+06
0.22694693768935E+01     0.91974007812500E+05
0.22792878137846E+01     0.74565468750000E+05
0.22891062506756E+01     0.56246679687500E+05
0.22989246875667E+01     0.59160253906250E+05
0.23087431244577E+01     0.00000000000000E+00
0.23185615613488E+01     0.00000000000000E+00
0.23283799982398E+01     0.00000000000000E+00
