0.10716200761859E+01     0.00000000000000E+00
0.10814385130769E+01     0.00000000000000E+00
0.10912569499680E+01     0.00000000000000E+00
0.11010753868590E+01     -.57840013160948E-11
0.11108938237501E+01     -.61190466756067E-11
0.11207122606411E+01     -.60003946256160E-11
0.11305306975321E+01     -.60209558692959E-11
0.11403491344232E+01     -.67574387925540E-11
0.11501675713142E+01     -.60454167713497E-11
0.11599860082053E+01     -.66974026151356E-11
0.11698044450963E+01     -.73465235631009E-11
0.11796228819874E+01     -.15966545793833E-10
0.11894413188784E+01     -.86029915830066E-11
0.11992597557695E+01     -.92032024362476E-11
0.12090781926605E+01     -.97824985959005E-11
0.12188966295516E+01     -.10340213928151E-10
0.12287150664426E+01     -.10875959854939E-10
0.12385335033337E+01     -.22779228156522E-10
0.12483519402247E+01     -.11881103739730E-10
0.12581703771157E+01     -.12350450523391E-10
0.12679888140068E+01     0.00000000000000E+00
0.12778072508978E+01     0.00000000000000E+00
0.12876256877889E+01     0.00000000000000E+00
0.12974441246799E+01     -.28014155231681E-10
0.13072625615710E+01     -.28732349832694E-10
0.13170809984620E+01     0.00000000000000E+00
0.13268994353531E+01     0.00000000000000E+00
0.13367178722441E+01     -.30621855745538E-10
0.13465363091352E+01     -.31162634972493E-10
0.13563547460262E+01     -.31658238530685E-10
0.13661731829173E+01     -.32107854569530E-10
0.13759916198083E+01     -.65018400385863E-10
0.13858100566994E+01     -.65505476043448E-10
0.13956284935904E+01     -.66400114573373E-10
0.14054469304814E+01     0.00000000000000E+00
0.14152653673725E+01     0.00000000000000E+00
0.14250838042635E+01     0.00000000000000E+00
0.14349022411546E+01     0.00000000000000E+00
0.14447206780456E+01     -.13605576387743E-09
0.14545391149367E+01     -.67707575657217E-10
0.14643575518277E+01     0.00000000000000E+00
0.14741759887188E+01     0.00000000000000E+00
0.14839944256098E+01     0.00000000000000E+00
0.14938128625009E+01     0.00000000000000E+00
0.15036312993919E+01     0.00000000000000E+00
0.15134497362830E+01     0.00000000000000E+00
0.15232681731740E+01     0.00000000000000E+00
0.15330866100651E+01     0.00000000000000E+00
0.15429050469561E+01     0.00000000000000E+00
0.15527234838471E+01     0.00000000000000E+00
0.15625419207382E+01     0.00000000000000E+00
0.15723603576292E+01     0.00000000000000E+00
0.15821787945203E+01     -.36797582342318E-10
0.15919972314113E+01     -.33581363384494E-10
0.16018156683024E+01     -.30375951753925E-10
0.16116341051934E+01     -.27212756353867E-10
0.16214525420845E+01     -.24123852221392E-10
0.16312709789755E+01     0.00000000000000E+00
0.16410894158666E+01     0.00000000000000E+00
0.16509078527576E+01     0.00000000000000E+00
0.16607262896487E+01     -.26229457841809E-10
0.16705447265397E+01     -.21659755586323E-10
0.16803631634308E+01     0.00000000000000E+00
0.16901816003218E+01     -.13899892521707E-10
0.17000000372128E+01     -.10741292404137E-10
0.17098184741039E+01     -.80639366711877E-11
0.17196369109949E+01     -.58531369855064E-11
0.17294553478860E+01     -.40814539248313E-11
0.17392737847770E+01     -.27115126550320E-11
0.17490922216681E+01     0.00000000000000E+00
0.17589106585591E+01     -.98308232214517E-12
0.17687290954502E+01     -.51460246654200E-12
0.17785475323412E+01     -.23367633240727E-12
0.17883659692323E+01     -.85522700846077E-13
0.17981844061233E+01     -.21627129611918E-13
0.18080028430144E+01     -.24094447225294E-14
0.18178212799054E+01     0.00000000000000E+00
0.18276397167965E+01     -.19153449801727E-18
0.18374581536875E+01     0.00000000000000E+00
0.18472765905785E+01     -.44959753286869E-13
0.18570950274696E+01     -.88388599553662E-13
0.18669134643606E+01     -.24095731920165E-12
0.18767319012517E+01     0.00000000000000E+00
0.18865503381427E+01     0.00000000000000E+00
0.18963687750338E+01     0.00000000000000E+00
0.19061872119248E+01     0.00000000000000E+00
0.19160056488159E+01     -.42339825222226E-11
0.19258240857069E+01     -.60851497452052E-11
0.19356425225980E+01     0.00000000000000E+00
0.19454609594890E+01     0.00000000000000E+00
0.19552793963801E+01     0.00000000000000E+00
0.19650978332711E+01     -.18395653056391E-10
0.19749162701621E+01     0.00000000000000E+00
0.19847347070532E+01     -.27541829927813E-10
0.19945531439442E+01     -.32741861305530E-10
0.20043715808353E+01     -.19126462566521E-10
0.20141900177263E+01     -.21981961390027E-10
0.20240084546174E+01     0.00000000000000E+00
0.20338268915084E+01     -.27707157748691E-10
0.20436453283995E+01     -.60814520086439E-10
0.20534637652905E+01     -.32873814781453E-10
0.20632822021816E+01     -.35010529197965E-10
0.20731006390726E+01     0.00000000000000E+00
0.20829190759637E+01     0.00000000000000E+00
0.20927375128547E+01     0.00000000000000E+00
0.21025559497458E+01     0.00000000000000E+00
0.21123743866368E+01     0.00000000000000E+00
0.21221928235278E+01     0.00000000000000E+00
0.21320112604189E+01     0.00000000000000E+00
0.21418296973099E+01     0.00000000000000E+00
0.21516481342010E+01     -.31629195790250E-10
0.21614665710920E+01     0.00000000000000E+00
0.21712850079831E+01     0.00000000000000E+00
0.21811034448741E+01     -.91193504136999E-10
0.21909218817652E+01     -.42971730340735E-10
0.22007403186562E+01     0.00000000000000E+00
0.22105587555473E+01     -.74858189091920E-10
0.22203771924383E+01     -.68995628654811E-10
0.22301956293294E+01     -.31446931864076E-10
0.22400140662204E+01     -.42393616395131E-10
0.22498325031115E+01     -.37387502815900E-10
0.22596509400025E+01     -.42821801660153E-10
0.22694693768935E+01     -.57515357060334E-10
0.22792878137846E+01     -.79328314750438E-10
0.22891062506756E+01     -.10979630399310E-09
0.22989246875667E+01     -.22196594562374E-09
0.23087431244577E+01     0.00000000000000E+00
0.23185615613488E+01     0.00000000000000E+00
0.23283799982398E+01     0.00000000000000E+00
