0.10716200761859E+01     0.00000000000000E+00
0.10814385130769E+01     0.00000000000000E+00
0.10912569499680E+01     0.00000000000000E+00
0.11010753868590E+01     0.85299677734375E+04
0.11108938237501E+01     0.65845922851563E+04
0.11207122606411E+01     0.72013706054688E+04
0.11305306975321E+01     0.81249072265625E+04
0.11403491344232E+01     0.93191347656250E+04
0.11501675713142E+01     0.10648434570313E+05
0.11599860082053E+01     0.12050908203125E+05
0.11698044450963E+01     0.13500148437500E+05
0.11796228819874E+01     0.14978122070313E+05
0.11894413188784E+01     0.16474482421875E+05
0.11992597557695E+01     0.17982345703125E+05
0.12090781926605E+01     0.19496216796875E+05
0.12188966295516E+01     0.21012023437500E+05
0.12287150664426E+01     0.22525669921875E+05
0.12385335033337E+01     0.24033824218750E+05
0.12483519402247E+01     0.25532634765625E+05
0.12581703771157E+01     0.27018769531250E+05
0.12679888140068E+01     0.28488291015625E+05
0.12778072508978E+01     0.29937552734375E+05
0.12876256877889E+01     0.31362347656250E+05
0.12974441246799E+01     0.32758550781250E+05
0.13072625615710E+01     0.34121558593750E+05
0.13170809984620E+01     0.35446664062500E+05
0.13268994353531E+01     0.36728757812500E+05
0.13367178722441E+01     0.37962464843750E+05
0.13465363091352E+01     0.39142082031250E+05
0.13563547460262E+01     0.40261441406250E+05
0.13661731829173E+01     0.41313804687500E+05
0.13759916198083E+01     0.42290160156250E+05
0.13858100566994E+01     0.43040468750000E+05
0.13956284935904E+01     0.44034207031250E+05
0.14054469304814E+01     0.44747820312500E+05
0.14152653673725E+01     0.45366308593750E+05
0.14250838042635E+01     0.45877777343750E+05
0.14349022411546E+01     0.46274140625000E+05
0.14447206780456E+01     0.46547917968750E+05
0.14545391149367E+01     0.46464289062500E+05
0.14643575518277E+01     0.45902796875000E+05
0.14741759887188E+01     0.45002457031250E+05
0.14839944256098E+01     0.43837917968750E+05
0.14938128625009E+01     0.42451289062500E+05
0.15036312993919E+01     0.40870199218750E+05
0.15134497362830E+01     0.39116003906250E+05
0.15232681731740E+01     0.37208324218750E+05
0.15330866100651E+01     0.35166531250000E+05
0.15429050469561E+01     0.33011191406250E+05
0.15527234838471E+01     0.30764099609375E+05
0.15625419207382E+01     0.28448898437500E+05
0.15723603576292E+01     0.26090199218750E+05
0.15821787945203E+01     0.23713947265625E+05
0.15919972314113E+01     0.21346511718750E+05
0.16018156683024E+01     0.19014783203125E+05
0.16116341051934E+01     0.16744908203125E+05
0.16214525420845E+01     0.14562562500000E+05
0.16312709789755E+01     0.12491396484375E+05
0.16410894158666E+01     0.10553252929688E+05
0.16509078527576E+01     0.87666533203125E+04
0.16607262896487E+01     0.71469184570313E+04
0.16705447265397E+01     0.57047617187500E+04
0.16803631634308E+01     0.44465297851563E+04
0.16901816003218E+01     0.33731848144531E+04
0.17000000372128E+01     0.24807519531250E+04
0.17098184741039E+01     0.17599177246094E+04
0.17196369109949E+01     0.11970128173828E+04
0.17294553478860E+01     0.77427783203125E+03
0.17392737847770E+01     0.47132308959961E+03
0.17490922216681E+01     0.26607543945313E+03
0.17589106585591E+01     0.13646072387695E+03
0.17687290954502E+01     0.61612205505371E+02
0.17785475323412E+01     0.23289157867432E+02
0.17883659692323E+01     0.67300901412964E+01
0.17981844061233E+01     0.12309221029282E+01
0.18080028430144E+01     0.82996338605881E-01
0.18178212799054E+01     0.00000000000000E+00
0.18276397167965E+01     -.23045181478665E-05
0.18374581536875E+01     -.91650784015656E-01
0.18472765905785E+01     -.13396953344345E+01
0.18570950274696E+01     -.73728222846985E+01
0.18669134643606E+01     -.25798395156860E+02
0.18767319012517E+01     -.69212020874023E+02
0.18865503381427E+01     -.15559951782227E+03
0.18963687750338E+01     -.30826016235352E+03
0.19061872119248E+01     -.55499816894531E+03
0.19160056488159E+01     -.92712475585938E+03
0.19258240857069E+01     -.14577203369141E+04
0.19356425225980E+01     -.21801901855469E+04
0.19454609594890E+01     -.31259687500000E+04
0.19552793963801E+01     -.43230000000000E+04
0.19650978332711E+01     -.57931323242188E+04
0.19749162701621E+01     -.75506181640625E+04
0.19847347070532E+01     -.95992900390625E+04
0.19945531439442E+01     -.11931107421875E+05
0.20043715808353E+01     -.14523326171875E+05
0.20141900177263E+01     -.17337560546875E+05
0.20240084546174E+01     -.20317636718750E+05
0.20338268915084E+01     -.23390025390625E+05
0.20436453283995E+01     -.26463896484375E+05
0.20534637652905E+01     -.29434589843750E+05
0.20632822021816E+01     -.32187982421875E+05
0.20731006390726E+01     -.34608429687500E+05
0.20829190759637E+01     -.36587511718750E+05
0.20927375128547E+01     -.38034304687500E+05
0.21025559497458E+01     -.38882964843750E+05
0.21123743866368E+01     -.39095933593750E+05
0.21221928235278E+01     -.38660839843750E+05
0.21320112604189E+01     -.37582402343750E+05
0.21418296973099E+01     -.36090195312500E+05
0.21516481342010E+01     -.34351890625000E+05
0.21614665710920E+01     -.32396578125000E+05
0.21712850079831E+01     -.10680015625000E+06
0.21811034448741E+01     -.10190792187500E+06
0.21909218817652E+01     -.96639898437500E+05
0.22007403186562E+01     -.91021632812500E+05
0.22105587555473E+01     -.85055367187500E+05
0.22203771924383E+01     -.78738203125000E+05
0.22301956293294E+01     -.72058921875000E+05
0.22400140662204E+01     -.64995406250000E+05
0.22498325031115E+01     -.57511839843750E+05
0.22596509400025E+01     -.49558914062500E+05
0.22694693768935E+01     -.41087000000000E+05
0.22792878137846E+01     -.32126853515625E+05
0.22891062506756E+01     -.23315140625000E+05
0.22989246875667E+01     -.23427839843750E+05
0.23087431244577E+01     0.00000000000000E+00
0.23185615613488E+01     0.00000000000000E+00
0.23283799982398E+01     0.00000000000000E+00
