0.10716201844600E+01     0.00000000000000E+00
0.10814386204856E+01     0.00000000000000E+00
0.10912570565112E+01     0.00000000000000E+00
0.11010754925368E+01     0.19659699201584E+01
0.11108939285624E+01     0.19492301940918E+01
0.11207123645880E+01     0.19328210353851E+01
0.11305308006136E+01     0.19167346954346E+01
0.11403492366393E+01     0.19009639024734E+01
0.11501676726649E+01     0.18855018615723E+01
0.11599861086905E+01     0.18703418970108E+01
0.11698045447161E+01     0.18554773330688E+01
0.11796229807417E+01     0.18409022092819E+01
0.11894414167673E+01     0.18266100883484E+01
0.11992598527929E+01     0.18125951290131E+01
0.12090782888185E+01     0.17988513708115E+01
0.12188967248442E+01     0.17853730916977E+01
0.12287151608698E+01     0.17721544504166E+01
0.12385335968954E+01     0.17591897249222E+01
0.12483520329210E+01     0.17464735507965E+01
0.12581704689466E+01     0.17340000867844E+01
0.12679889049722E+01     0.17217638492584E+01
0.12778073409978E+01     0.17097593545914E+01
0.12876257770234E+01     0.16979812383652E+01
0.12974442130490E+01     0.16864235401154E+01
0.13072626490747E+01     0.16750807762146E+01
0.13170810851003E+01     0.16639474630356E+01
0.13268995211259E+01     0.16530179977417E+01
0.13367179571515E+01     0.16422865390778E+01
0.13465363931771E+01     0.16317474842072E+01
0.13563548292027E+01     0.16213947534561E+01
0.13661732652283E+01     0.16112228631973E+01
0.13759917012539E+01     0.16012256145477E+01
0.13858101372796E+01     0.15913974046707E+01
0.13956285733052E+01     0.15817321538925E+01
0.14054470093308E+01     0.15722236633301E+01
0.14152654453564E+01     0.15628644227982E+01
0.14250838813820E+01     0.15536974668503E+01
0.14349023174076E+01     0.15445901155472E+01
0.14447207534332E+01     0.15356481075287E+01
0.14545391894588E+01     0.15268350839615E+01
0.14643576254844E+01     0.15181434154510E+01
0.14741760615101E+01     0.15095667839050E+01
0.14839944975357E+01     0.15010991096497E+01
0.14938129335613E+01     0.14927343130112E+01
0.15036313695869E+01     0.14844665527344E+01
0.15134498056125E+01     0.14762896299362E+01
0.15232682416381E+01     0.14681973457336E+01
0.15330866776637E+01     0.14601684808731E+01
0.15429051136893E+01     0.14521868228912E+01
0.15527235497150E+01     0.14442613124847E+01
0.15625419857406E+01     0.14363977909088E+01
0.15723604217662E+01     0.14285985231400E+01
0.15821788577918E+01     0.14208641052246E+01
0.15919972938174E+01     0.14131932258606E+01
0.16018157298430E+01     0.14055832624435E+01
0.16116341658686E+01     0.13980312347412E+01
0.16214526018942E+01     0.13905327320099E+01
0.16312710379199E+01     0.13830835819244E+01
0.16410894739455E+01     0.13756788969040E+01
0.16509079099711E+01     0.13683142662048E+01
0.16607263459967E+01     0.13609846830368E+01
0.16705447820223E+01     0.13536862134933E+01
0.16803632180479E+01     0.13464145660400E+01
0.16901816540735E+01     0.13391666412354E+01
0.17000000900991E+01     0.13319389820099E+01
0.17098185261247E+01     0.13247295618057E+01
0.17196369621504E+01     0.13175362348557E+01
0.17294553981760E+01     0.13103581666946E+01
0.17392738342016E+01     0.13031944036484E+01
0.17490922702272E+01     0.12960455417633E+01
0.17589107062528E+01     0.12889113426208E+01
0.17687291422784E+01     0.12817934751511E+01
0.17785475783040E+01     0.12746925354004E+01
0.17883660143296E+01     0.12676105499268E+01
0.17981844503553E+01     0.12605488300323E+01
0.18080028863809E+01     0.12535094022751E+01
0.18178213224065E+01     0.12464938163757E+01
0.18276397584321E+01     0.12395039796829E+01
0.18374581944577E+01     0.12325410842896E+01
0.18472766304833E+01     0.12256070375443E+01
0.18570950665089E+01     0.12187027931213E+01
0.18669135025345E+01     0.12118299007416E+01
0.18767319385602E+01     0.12049894332886E+01
0.18865503745858E+01     0.11981834173203E+01
0.18963688106114E+01     0.11914135217667E+01
0.19061872466370E+01     0.11846822500229E+01
0.19160056826626E+01     0.11779930591583E+01
0.19258241186882E+01     0.11713500022888E+01
0.19356425547138E+01     0.11647583246231E+01
0.19454609907394E+01     0.11582239866257E+01
0.19552794267650E+01     0.11517544984818E+01
0.19650978627907E+01     0.11453571319580E+01
0.19749162988163E+01     0.11390399932861E+01
0.19847347348419E+01     0.11328036785126E+01
0.19945531708675E+01     0.11266449689865E+01
0.20043716068931E+01     0.11205602884293E+01
0.20141900429187E+01     0.11145526170731E+01
0.20240084789443E+01     0.11086218357086E+01
0.20338269149699E+01     0.11027692556381E+01
0.20436453509956E+01     0.10969935655594E+01
0.20534637870212E+01     0.10912978649139E+01
0.20632822230468E+01     0.10945506095886E+01
0.20731006590724E+01     0.10880876779556E+01
0.20829190950980E+01     0.10816805362701E+01
0.20927375311236E+01     0.10753548145294E+01
0.21025559671492E+01     0.10691103935242E+01
0.21123744031748E+01     0.10629464387894E+01
0.21221928392005E+01     0.10568628311157E+01
0.21320112752261E+01     0.10508583784103E+01
0.21418297112517E+01     0.10449330806732E+01
0.21516481472773E+01     0.10390852689743E+01
0.21614665833029E+01     0.10333154201508E+01
0.21712850193285E+01     0.10276216268539E+01
0.21811034553541E+01     0.10220043659210E+01
0.21909218913797E+01     0.10164619684219E+01
0.22007403274054E+01     0.10109949111938E+01
0.22105587634310E+01     0.10056015253067E+01
0.22203771994566E+01     0.10002821683884E+01
0.22301956354822E+01     0.99503570795059E+00
0.22400140715078E+01     0.98986190557480E+00
0.22498325075334E+01     0.98476034402847E+00
0.22596509435590E+01     0.97972995042801E+00
0.22694693795846E+01     0.97477066516876E+00
0.22792878156102E+01     0.96988040208817E+00
0.22891062516359E+01     0.96505868434906E+00
0.22989246876615E+01     0.96030235290527E+00
0.23087431236871E+01     0.00000000000000E+00
0.23185615597127E+01     0.00000000000000E+00
0.23283799957383E+01     0.00000000000000E+00
