0.10716201844600E+01     0.00000000000000E+00
0.10814386204856E+01     0.00000000000000E+00
0.10912570565112E+01     0.00000000000000E+00
0.11010754925368E+01     0.46721791591153E-06
0.11108939285624E+01     0.83991989185961E-06
0.11207123645880E+01     0.17515477566121E-05
0.11305308006136E+01     0.35772711726167E-05
0.11403492366393E+01     0.67694672907237E-05
0.11501676726649E+01     0.11879453268193E-04
0.11599861086905E+01     0.19565548427636E-04
0.11698045447161E+01     0.30602048354922E-04
0.11796229807417E+01     0.45887954911450E-04
0.11894414167673E+01     0.66456872445997E-04
0.11992598527929E+01     0.93485628894996E-04
0.12090782888185E+01     0.12830452760682E-03
0.12188967248442E+01     0.17240493616555E-03
0.12287151608698E+01     0.22744899615645E-03
0.12385335968954E+01     0.29527518199757E-03
0.12483520329210E+01     0.37790596252307E-03
0.12581704689466E+01     0.47755055129528E-03
0.12679889049722E+01     0.59660832630470E-03
0.12778073409978E+01     0.73766720015556E-03
0.12876257770234E+01     0.90350134996697E-03
0.12974442130490E+01     0.10970635339618E-02
0.13072626490747E+01     0.13214733917266E-02
0.13170810851003E+01     0.15800035325810E-02
0.13268995211259E+01     0.18760559614748E-02
0.13367179571515E+01     0.22131409496069E-02
0.13465363931771E+01     0.25948381517082E-02
0.13563548292027E+01     0.30247680842876E-02
0.13661732652283E+01     0.35065382253379E-02
0.13759917012539E+01     0.40437155403197E-02
0.13858101372796E+01     0.46397633850574E-02
0.13956285733052E+01     0.52980571053922E-02
0.14054470093308E+01     0.60220020823181E-02
0.14152654453564E+01     0.68171652965248E-02
0.14250838813820E+01     0.76177618466318E-02
0.14349023174076E+01     0.85965329781175E-02
0.14447207534332E+01     0.96042547374964E-02
0.14545391894588E+01     0.10684327222407E-01
0.14643576254844E+01     0.11837950907648E-01
0.14741760615101E+01     0.13064799830318E-01
0.14839944975357E+01     0.14363578520715E-01
0.14938129335613E+01     0.15732269734144E-01
0.15036313695869E+01     0.17167968675494E-01
0.15134498056125E+01     0.18667096272111E-01
0.15232682416381E+01     0.20225204527378E-01
0.15330866776637E+01     0.21860321983695E-01
0.15429051136893E+01     0.23581573739648E-01
0.15527235497150E+01     0.25365298613906E-01
0.15625419857406E+01     0.27191691100597E-01
0.15723604217662E+01     0.29044605791569E-01
0.15821788577918E+01     0.30910380184650E-01
0.15919972938174E+01     0.32777704298496E-01
0.16018157298430E+01     0.34636706113815E-01
0.16116341658686E+01     0.36479115486145E-01
0.16214526018942E+01     0.38297429680824E-01
0.16312710379199E+01     0.40085244923830E-01
0.16410894739455E+01     0.41836459189653E-01
0.16509079099711E+01     0.43545659631491E-01
0.16607263459967E+01     0.45207358896732E-01
0.16705447820223E+01     0.46816442161798E-01
0.16803632180479E+01     0.48367418348789E-01
0.16901816540735E+01     0.49854967743158E-01
0.17000000900991E+01     0.51273219287395E-01
0.17098185261247E+01     0.52616346627474E-01
0.17196369621504E+01     0.53877912461758E-01
0.17294553981760E+01     0.55051587522030E-01
0.17392738342016E+01     0.56130524724722E-01
0.17490922702272E+01     0.57108163833618E-01
0.17589107062528E+01     0.57977657765150E-01
0.17687291422784E+01     0.58732755482197E-01
0.17785475783040E+01     0.59367228299379E-01
0.17883660143296E+01     0.59875834733248E-01
0.17981844503553E+01     0.60253743082285E-01
0.18080028863809E+01     0.60497503727674E-01
0.18178213224065E+01     0.60604423284531E-01
0.18276397584321E+01     0.60573499649763E-01
0.18374581944577E+01     0.60404662042856E-01
0.18472766304833E+01     0.60099616646767E-01
0.18570950665089E+01     0.59660986065865E-01
0.18669135025345E+01     0.59092979878187E-01
0.18767319385602E+01     0.58400373905897E-01
0.18865503745858E+01     0.57588983327150E-01
0.18963688106114E+01     0.56664485484362E-01
0.19061872466370E+01     0.55632807314396E-01
0.19160056826626E+01     0.54498843848705E-01
0.19258241186882E+01     0.53266782313585E-01
0.19356425547138E+01     0.51939036697149E-01
0.19454609907394E+01     0.50516776740551E-01
0.19552794267650E+01     0.48999261111021E-01
0.19650978627907E+01     0.47384891659021E-01
0.19749162988163E+01     0.45671306550503E-01
0.19847347348419E+01     0.43862722814083E-01
0.19945531708675E+01     0.41989821940660E-01
0.20043716068931E+01     0.40065094828606E-01
0.20141900429187E+01     0.38096945732832E-01
0.20240084789443E+01     0.36094136536121E-01
0.20338269149699E+01     0.34065723419189E-01
0.20436453509956E+01     0.32021019607782E-01
0.20534637870212E+01     0.29969532042742E-01
0.20632822230468E+01     0.43159201741219E-02
0.20731006590724E+01     0.38366070948541E-02
0.20829190950980E+01     0.33820183016360E-02
0.20927375311236E+01     0.29551286716014E-02
0.21025559671492E+01     0.25581382215023E-02
0.21123744031748E+01     0.21926146000624E-02
0.21221928392005E+01     0.18594367429614E-02
0.21320112752261E+01     0.15589104732499E-02
0.21418297112517E+01     0.12907653581351E-02
0.21516481472773E+01     0.10542537784204E-02
0.21614665833029E+01     0.84818876348436E-03
0.21712850193285E+01     0.67101960303262E-03
0.21811034553541E+01     0.52089663222432E-03
0.21909218913797E+01     0.39572591776960E-03
0.22007403274054E+01     0.29324594652280E-03
0.22105587634310E+01     0.21106767235324E-03
0.22203771994566E+01     0.14675178681500E-03
0.22301956354822E+01     0.97841060778592E-04
0.22400140715078E+01     0.61928971263114E-04
0.22498325075334E+01     0.36690111301141E-04
0.22596509435590E+01     0.19934899682994E-04
0.22694693795846E+01     0.96399171525263E-05
0.22792878156102E+01     0.39889159779705E-05
0.22891062516359E+01     0.14020091612110E-05
0.22989246876615E+01     0.53324885129769E-06
0.23087431236871E+01     0.00000000000000E+00
0.23185615597127E+01     0.00000000000000E+00
0.23283799957383E+01     0.00000000000000E+00
