0.10716201844600E+01     0.00000000000000E+00
0.10814386204856E+01     0.00000000000000E+00
0.10912570565112E+01     0.00000000000000E+00
0.11010754925368E+01     0.19339354038239E+01
0.11108939285624E+01     0.19168463945389E+01
0.11207123645880E+01     0.19000626802444E+01
0.11305308006136E+01     0.18835780620575E+01
0.11403492366393E+01     0.18673868179321E+01
0.11501676726649E+01     0.18514833450317E+01
0.11599861086905E+01     0.18358625173569E+01
0.11698045447161E+01     0.18205192089081E+01
0.11796229807417E+01     0.18054486513138E+01
0.11894414167673E+01     0.17906464338303E+01
0.11992598527929E+01     0.17761081457138E+01
0.12090782888185E+01     0.17618298530579E+01
0.12188967248442E+01     0.17478078603745E+01
0.12287151608698E+01     0.17340385913849E+01
0.12385335968954E+01     0.17205189466476E+01
0.12483520329210E+01     0.17072459459305E+01
0.12581704689466E+01     0.16942169666290E+01
0.12679889049722E+01     0.16814297437668E+01
0.12778073409978E+01     0.16688821315765E+01
0.12876257770234E+01     0.16565726995468E+01
0.12974442130490E+01     0.16444998979568E+01
0.13072626490747E+01     0.16326628923416E+01
0.13170810851003E+01     0.16210608482361E+01
0.13268995211259E+01     0.16096935272217E+01
0.13367179571515E+01     0.15985610485077E+01
0.13465363931771E+01     0.15876636505127E+01
0.13563548292027E+01     0.15770020484924E+01
0.13661732652283E+01     0.15665771961212E+01
0.13759917012539E+01     0.15563904047012E+01
0.13858101372796E+01     0.15464429855347E+01
0.13956285733052E+01     0.15367364883423E+01
0.14054470093308E+01     0.15272721052170E+01
0.14152654453564E+01     0.15180493593216E+01
0.14250838813820E+01     0.15091207027435E+01
0.14349023174076E+01     0.15003594160080E+01
0.14447207534332E+01     0.14918788671494E+01
0.14545391894588E+01     0.14836472272873E+01
0.14643576254844E+01     0.14756631851196E+01
0.14741760615101E+01     0.14679250717163E+01
0.14839944975357E+01     0.14604297876358E+01
0.14938129335613E+01     0.14531735181808E+01
0.15036313695869E+01     0.14461504220963E+01
0.15134498056125E+01     0.14393532276154E+01
0.15232682416381E+01     0.14327726364136E+01
0.15330866776637E+01     0.14263687133789E+01
0.15429051136893E+01     0.14201035499573E+01
0.15527235497150E+01     0.14139748811722E+01
0.15625419857406E+01     0.14079757928848E+01
0.15723604217662E+01     0.14020959138870E+01
0.15821788577918E+01     0.13963209390640E+01
0.15919972938174E+01     0.13906351327896E+01
0.16018157298430E+01     0.13850200176239E+01
0.16116341658686E+01     0.13794567584991E+01
0.16214526018942E+01     0.13739246129990E+01
0.16312710379199E+01     0.13684029579163E+01
0.16410894739455E+01     0.13628705739975E+01
0.16509079099711E+01     0.13573067188263E+01
0.16607263459967E+01     0.13516906499863E+01
0.16705447820223E+01     0.13460028171539E+01
0.16803632180479E+01     0.13402237892151E+01
0.16901816540735E+01     0.13343362808228E+01
0.17000000900991E+01     0.13283232450485E+01
0.17098185261247E+01     0.13221703767776E+01
0.17196369621504E+01     0.13158638477325E+01
0.17294553981760E+01     0.13093930482864E+01
0.17392738342016E+01     0.13027480840683E+01
0.17490922702272E+01     0.12959222793579E+01
0.17589107062528E+01     0.12889103889465E+01
0.17687291422784E+01     0.12817101478577E+01
0.17785475783040E+01     0.12743206024170E+01
0.17883660143296E+01     0.12667441368103E+01
0.17981844503553E+01     0.12589843273163E+01
0.18080028863809E+01     0.12510476112366E+01
0.18178213224065E+01     0.12429419755936E+01
0.18276397584321E+01     0.12346781492233E+01
0.18374581944577E+01     0.12262674570084E+01
0.18472766304833E+01     0.12177244424820E+01
0.18570950665089E+01     0.12090640068054E+01
0.18669135025345E+01     0.12003036737442E+01
0.18767319385602E+01     0.11914619207382E+01
0.18865503745858E+01     0.11825591325760E+01
0.18963688106114E+01     0.11736167669296E+01
0.19061872466370E+01     0.11646583080292E+01
0.19160056826626E+01     0.11557079553604E+01
0.19258241186882E+01     0.11467918157578E+01
0.19356425547138E+01     0.11379363536835E+01
0.19454609907394E+01     0.11291693449020E+01
0.19552794267650E+01     0.11205184459686E+01
0.19650978627907E+01     0.11120108366013E+01
0.19749162988163E+01     0.11036726236343E+01
0.19847347348419E+01     0.10955282449722E+01
0.19945531708675E+01     0.10875996351242E+01
0.20043716068931E+01     0.10798987150192E+01
0.20141900429187E+01     0.10724332332611E+01
0.20240084789443E+01     0.10652072429657E+01
0.20338269149699E+01     0.10582215785980E+01
0.20436453509956E+01     0.10514738559723E+01
0.20534637870212E+01     0.10449593067169E+01
0.20632822230468E+01     0.10480203628540E+01
0.20731006590724E+01     0.10411891937256E+01
0.20829190950980E+01     0.10345808267593E+01
0.20927375311236E+01     0.10281853675842E+01
0.21025559671492E+01     0.10219926834106E+01
0.21123744031748E+01     0.10159921646118E+01
0.21221928392005E+01     0.10101729631424E+01
0.21320112752261E+01     0.10045244693756E+01
0.21418297112517E+01     0.99903631210327E+00
0.21516481472773E+01     0.99369835853577E+00
0.21614665833029E+01     0.98850089311600E+00
0.21712850193285E+01     0.98343485593796E+00
0.21811034553541E+01     0.97849166393280E+00
0.21909218913797E+01     0.97366327047348E+00
0.22007403274054E+01     0.96894222497940E+00
0.22105587634310E+01     0.96432143449783E+00
0.22203771994566E+01     0.95979452133179E+00
0.22301956354822E+01     0.95535522699356E+00
0.22400140715078E+01     0.95099788904190E+00
0.22498325075334E+01     0.94671684503555E+00
0.22596509435590E+01     0.94250673055649E+00
0.22694693795846E+01     0.93836224079132E+00
0.22792878156102E+01     0.93427783250809E+00
0.22891062516359E+01     0.93024808168411E+00
0.22989246876615E+01     0.92626744508743E+00
0.23087431236871E+01     0.00000000000000E+00
0.23185615597127E+01     0.00000000000000E+00
0.23283799957383E+01     0.00000000000000E+00
