0.10716201844600E+01     0.00000000000000E+00
0.10814386204856E+01     0.00000000000000E+00
0.10912570565112E+01     0.00000000000000E+00
0.11010754925368E+01     0.35345655679703E+00
0.11108939285624E+01     0.35383367538452E+00
0.11207123645880E+01     0.35434335470200E+00
0.11305308006136E+01     0.35497260093689E+00
0.11403492366393E+01     0.35571122169495E+00
0.11501676726649E+01     0.35654819011688E+00
0.11599861086905E+01     0.35747382044792E+00
0.11698045447161E+01     0.35847768187523E+00
0.11796229807417E+01     0.35954982042313E+00
0.11894414167673E+01     0.36068007349968E+00
0.11992598527929E+01     0.36185795068741E+00
0.12090782888185E+01     0.36307305097580E+00
0.12188967248442E+01     0.36431410908699E+00
0.12287151608698E+01     0.36557009816170E+00
0.12385335968954E+01     0.36682850122452E+00
0.12483520329210E+01     0.36807760596275E+00
0.12581704689466E+01     0.36930364370346E+00
0.12679889049722E+01     0.37049302458763E+00
0.12778073409978E+01     0.37163087725639E+00
0.12876257770234E+01     0.37270224094391E+00
0.12974442130490E+01     0.37368991971016E+00
0.13072626490747E+01     0.37457671761513E+00
0.13170810851003E+01     0.37534385919571E+00
0.13268995211259E+01     0.37597233057022E+00
0.13367179571515E+01     0.37644097208977E+00
0.13465363931771E+01     0.37672808766365E+00
0.13563548292027E+01     0.37680986523628E+00
0.13661732652283E+01     0.37666279077530E+00
0.13759917012539E+01     0.37626117467880E+00
0.13858101372796E+01     0.37557947635651E+00
0.13956285733052E+01     0.37459003925323E+00
0.14054470093308E+01     0.37326565384865E+00
0.14152654453564E+01     0.37157994508743E+00
0.14250838813820E+01     0.36950016021729E+00
0.14349023174076E+01     0.36698824167252E+00
0.14447207534332E+01     0.36402279138565E+00
0.14545391894588E+01     0.36057722568512E+00
0.14643576254844E+01     0.35661962628365E+00
0.14741760615101E+01     0.35211929678917E+00
0.14839944975357E+01     0.34704974293709E+00
0.14938129335613E+01     0.34138336777687E+00
0.15036313695869E+01     0.33509686589241E+00
0.15134498056125E+01     0.32816636562347E+00
0.15232682416381E+01     0.32057172060013E+00
0.15330866776637E+01     0.31235259771347E+00
0.15429051136893E+01     0.30356609821320E+00
0.15527235497150E+01     0.29422053694725E+00
0.15625419857406E+01     0.28432819247246E+00
0.15723604217662E+01     0.27389973402023E+00
0.15821788577918E+01     0.26294979453087E+00
0.15919972938174E+01     0.25149357318878E+00
0.16018157298430E+01     0.23954938352108E+00
0.16116341658686E+01     0.22713512182236E+00
0.16214526018942E+01     0.21427211165428E+00
0.16312710379199E+01     0.20098172128201E+00
0.16410894739455E+01     0.18728698790073E+00
0.16509079099711E+01     0.17321141064167E+00
0.16607263459967E+01     0.15878136456013E+00
0.16705447820223E+01     0.14402337372303E+00
0.16803632180479E+01     0.12896637618542E+00
0.16901816540735E+01     0.11363982409239E+00
0.17000000900991E+01     0.98074778914452E-01
0.17098185261247E+01     0.82303889095783E-01
0.17196369621504E+01     0.66361375153065E-01
0.17294553981760E+01     0.50282664597034E-01
0.17392738342016E+01     0.34106589853764E-01
0.17490922702272E+01     0.17871811985970E-01
0.17589107062528E+01     0.16177772777155E-02
0.17687291422784E+01     0.14615801163018E-01
0.17785475783040E+01     0.30788401141763E-01
0.17883660143296E+01     0.46858701854944E-01
0.17981844503553E+01     0.62784560024738E-01
0.18080028863809E+01     0.78522861003876E-01
0.18178213224065E+01     0.94032064080238E-01
0.18276397584321E+01     0.10927115380764E+00
0.18374581944577E+01     0.12420026212931E+00
0.18472766304833E+01     0.13878026604652E+00
0.18570950665089E+01     0.15297329425812E+00
0.18669135025345E+01     0.16674175858498E+00
0.18767319385602E+01     0.18005070090294E+00
0.18865503745858E+01     0.19286631047726E+00
0.18963688106114E+01     0.20515798032284E+00
0.19061872466370E+01     0.21689441800117E+00
0.19160056826626E+01     0.22804990410805E+00
0.19258241186882E+01     0.23859879374504E+00
0.19356425547138E+01     0.24852122366428E+00
0.19454609907394E+01     0.25779706239700E+00
0.19552794267650E+01     0.26641491055489E+00
0.19650978627907E+01     0.27436232566833E+00
0.19749162988163E+01     0.28163608908653E+00
0.19847347348419E+01     0.28820499777794E+00
0.19945531708675E+01     0.29403403401375E+00
0.20043716068931E+01     0.29912239313126E+00
0.20141900429187E+01     0.30350357294083E+00
0.20240084789443E+01     0.30720674991608E+00
0.20338269149699E+01     0.31026947498322E+00
0.20436453509956E+01     0.31272602081299E+00
0.20534637870212E+01     0.31462845206261E+00
0.20632822230468E+01     0.31574431061745E+00
0.20731006590724E+01     0.31600621342659E+00
0.20829190950980E+01     0.31571391224861E+00
0.20927375311236E+01     0.31499636173248E+00
0.21025559671492E+01     0.31389164924622E+00
0.21123744031748E+01     0.31243413686752E+00
0.21221928392005E+01     0.31066021323204E+00
0.21320112752261E+01     0.30859974026680E+00
0.21418297112517E+01     0.30628663301468E+00
0.21516481472773E+01     0.30374625325203E+00
0.21614665833029E+01     0.30100935697556E+00
0.21712850193285E+01     0.29809728264809E+00
0.21811034553541E+01     0.29503729939461E+00
0.21909218913797E+01     0.29184719920158E+00
0.22007403274054E+01     0.28855100274086E+00
0.22105587634310E+01     0.28516411781311E+00
0.22203771994566E+01     0.28170713782310E+00
0.22301956354822E+01     0.27819496393204E+00
0.22400140715078E+01     0.27464464306831E+00
0.22498325075334E+01     0.27107214927673E+00
0.22596509435590E+01     0.26749166846275E+00
0.22694693795846E+01     0.26392075419426E+00
0.22792878156102E+01     0.26037067174911E+00
0.22891062516359E+01     0.25685927271843E+00
0.22989246876615E+01     0.25339543819427E+00
0.23087431236871E+01     0.00000000000000E+00
0.23185615597127E+01     0.00000000000000E+00
0.23283799957383E+01     0.00000000000000E+00
