0.10716201844600E+01     0.00000000000000E+00
0.10814386204856E+01     0.00000000000000E+00
0.10912570565112E+01     0.00000000000000E+00
0.11010754925368E+01     -.16836067316759E-14
0.11108939285624E+01     -.80794078855174E-15
0.11207123645880E+01     -.40974361202568E-15
0.11305308006136E+01     -.18462957145803E-15
0.11403492366393E+01     0.00000000000000E+00
0.11501676726649E+01     0.00000000000000E+00
0.11599861086905E+01     0.00000000000000E+00
0.11698045447161E+01     0.00000000000000E+00
0.11796229807417E+01     0.00000000000000E+00
0.11894414167673E+01     0.00000000000000E+00
0.11992598527929E+01     0.00000000000000E+00
0.12090782888185E+01     0.00000000000000E+00
0.12188967248442E+01     0.00000000000000E+00
0.12287151608698E+01     0.00000000000000E+00
0.12385335968954E+01     0.00000000000000E+00
0.12483520329210E+01     0.00000000000000E+00
0.12581704689466E+01     0.53087731735648E-15
0.12679889049722E+01     0.00000000000000E+00
0.12778073409978E+01     0.00000000000000E+00
0.12876257770234E+01     0.51873314129390E-15
0.12974442130490E+01     0.51480762003941E-15
0.13072626490747E+01     0.51094102051431E-15
0.13170810851003E+01     0.25356606255437E-15
0.13268995211259E+01     0.50337961033373E-15
0.13367179571515E+01     0.00000000000000E+00
0.13465363931771E+01     0.49603869341723E-15
0.13563548292027E+01     0.49244796193515E-15
0.13661732652283E+01     0.00000000000000E+00
0.13759917012539E+01     0.00000000000000E+00
0.13858101372796E+01     0.00000000000000E+00
0.13956285733052E+01     0.00000000000000E+00
0.14054470093308E+01     0.00000000000000E+00
0.14152654453564E+01     0.00000000000000E+00
0.14250838813820E+01     0.00000000000000E+00
0.14349023174076E+01     0.00000000000000E+00
0.14447207534332E+01     0.00000000000000E+00
0.14545391894588E+01     -.45920668331574E-15
0.14643576254844E+01     -.45612777149203E-15
0.14741760615101E+01     -.13592694517219E-14
0.14839944975357E+01     -.18003683176308E-14
0.14938129335613E+01     -.22356687136201E-14
0.15036313695869E+01     -.31094981834355E-14
0.15134498056125E+01     -.35306575761287E-14
0.15232682416381E+01     -.52618504070231E-14
0.15330866776637E+01     -.74065484173829E-14
0.15429051136893E+01     -.95239503675008E-14
0.15527235497150E+01     -.12044743288419E-13
0.15625419857406E+01     -.15388789553631E-13
0.15723604217662E+01     -.18691072859378E-13
0.15821788577918E+01     -.23641013124453E-13
0.15919972938174E+01     -.27690784371428E-13
0.16018157298430E+01     -.32524879328439E-13
0.16116341658686E+01     -.37300075002430E-13
0.16214526018942E+01     -.43665178623472E-13
0.16312710379199E+01     -.49134751578831E-13
0.16410894739455E+01     -.56166900422100E-13
0.16509079099711E+01     -.63115406455892E-13
0.16607263459967E+01     -.67568590696523E-13
0.16705447820223E+01     -.72769081613331E-13
0.16803632180479E+01     -.75523842821973E-13
0.16901816540735E+01     -.79827332623902E-13
0.17000000900991E+01     -.80152091832143E-13
0.17098185261247E+01     -.82035703371456E-13
0.17196369621504E+01     -.82344145337001E-13
0.17294553981760E+01     -.81104244956283E-13
0.17392738342016E+01     -.79110275188338E-13
0.17490922702272E+01     -.75611195635757E-13
0.17589107062528E+01     -.70632207222789E-13
0.17687291422784E+01     -.65708499568089E-13
0.17785475783040E+01     -.60839157876077E-13
0.17883660143296E+01     -.53782343433385E-13
0.17981844503553E+01     -.48288392869803E-13
0.18080028863809E+01     -.42854114083290E-13
0.18178213224065E+01     -.36743662447511E-13
0.18276397584321E+01     -.30698866029539E-13
0.18374581944577E+01     -.25445689663412E-13
0.18472766304833E+01     -.20971509170084E-13
0.18570950665089E+01     -.17263973115119E-13
0.18669135025345E+01     -.14310982479897E-13
0.18767319385602E+01     -.11388889065492E-13
0.18865503745858E+01     -.84972126042230E-14
0.18963688106114E+01     -.63399137082234E-14
0.19061872466370E+01     -.42048384156610E-14
0.19160056826626E+01     -.34860759027741E-14
0.19258241186882E+01     -.20809818627267E-14
0.19356425547138E+01     -.13802840215059E-14
0.19454609907394E+01     -.13733180225477E-14
0.19552794267650E+01     -.68321095190381E-15
0.19650978627907E+01     0.00000000000000E+00
0.19749162988163E+01     -.33820884736363E-15
0.19847347348419E+01     -.33653571906479E-15
0.19945531708675E+01     0.00000000000000E+00
0.20043716068931E+01     0.00000000000000E+00
0.20141900429187E+01     0.00000000000000E+00
0.20240084789443E+01     0.00000000000000E+00
0.20338269149699E+01     0.00000000000000E+00
0.20436453509956E+01     0.00000000000000E+00
0.20534637870212E+01     0.00000000000000E+00
0.20632822230468E+01     0.32372408103977E-15
0.20731006590724E+01     0.32219089846568E-15
0.20829190950980E+01     0.32067214192148E-15
0.20927375311236E+01     0.31916765258848E-15
0.21025559671492E+01     0.31767721870844E-15
0.21123744031748E+01     0.63240130998584E-15
0.21221928392005E+01     0.62947544642779E-15
0.21320112752261E+01     0.31328829102247E-15
0.21418297112517E+01     0.15592606009531E-15
0.21516481472773E+01     0.15521453918472E-15
0.21614665833029E+01     0.30901895380073E-15
0.21712850193285E+01     0.15381079383289E-15
0.21811034553541E+01     0.15311839733807E-15
0.21909218913797E+01     0.15243220800656E-15
0.22007403274054E+01     0.15175214642903E-15
0.22105587634310E+01     0.00000000000000E+00
0.22203771994566E+01     0.75205031214390E-16
0.22301956354822E+01     0.00000000000000E+00
0.22400140715078E+01     0.00000000000000E+00
0.22498325075334E+01     0.00000000000000E+00
0.22596509435590E+01     0.00000000000000E+00
0.22694693795846E+01     -.36789112514925E-16
0.22792878156102E+01     -.36630637944449E-16
0.22891062516359E+01     -.45591902419265E-16
0.22989246876615E+01     -.45397185757431E-17
0.23087431236871E+01     0.00000000000000E+00
0.23185615597127E+01     0.00000000000000E+00
0.23283799957383E+01     0.00000000000000E+00
