0.10716201844600E+01     0.00000000000000E+00
0.10814386204856E+01     0.00000000000000E+00
0.10912570565112E+01     0.00000000000000E+00
0.11010754925368E+01     0.20358843750000E+05
0.11108939285624E+01     0.17889535156250E+05
0.11207123645880E+01     0.21676033203125E+05
0.11305308006136E+01     0.26935937500000E+05
0.11403492366393E+01     0.32997300781250E+05
0.11501676726649E+01     0.39520652343750E+05
0.11599861086905E+01     0.46364796875000E+05
0.11698045447161E+01     0.53458136718750E+05
0.11796229807417E+01     0.60760871093750E+05
0.11894414167673E+01     0.68249070312500E+05
0.11992598527929E+01     0.75906929687500E+05
0.12090782888185E+01     0.83723507812500E+05
0.12188967248442E+01     0.91690453125000E+05
0.12287151608698E+01     0.99801218750000E+05
0.12385335968954E+01     0.10805007031250E+06
0.12483520329210E+01     0.11643198437500E+06
0.12581704689466E+01     0.12494210156250E+06
0.12679889049722E+01     0.13357564062500E+06
0.12778073409978E+01     0.14232770312500E+06
0.12876257770234E+01     0.15119315625000E+06
0.12974442130490E+01     0.16016650000000E+06
0.13072626490747E+01     0.16924182812500E+06
0.13170810851003E+01     0.17841270312500E+06
0.13268995211259E+01     0.18767210937500E+06
0.13367179571515E+01     0.19701250000000E+06
0.13465363931771E+01     0.20642554687500E+06
0.13563548292027E+01     0.21590237500000E+06
0.13661732652283E+01     0.22543321875000E+06
0.13759917012539E+01     0.23500784375000E+06
0.13858101372796E+01     0.24461517187500E+06
0.13956285733052E+01     0.25424415625000E+06
0.14054470093308E+01     0.26388496875000E+06
0.14152654453564E+01     0.27354575000000E+06
0.14250838813820E+01     0.28270534375000E+06
0.14349023174076E+01     0.29261825000000E+06
0.14447207534332E+01     0.30215100000000E+06
0.14545391894588E+01     0.31160393750000E+06
0.14643576254844E+01     0.32096825000000E+06
0.14741760615101E+01     0.33022853125000E+06
0.14839944975357E+01     0.33936731250000E+06
0.14938129335613E+01     0.34836715625000E+06
0.15036313695869E+01     0.35720962500000E+06
0.15134498056125E+01     0.36587690625000E+06
0.15232682416381E+01     0.37435043750000E+06
0.15330866776637E+01     0.38269187500000E+06
0.15429051136893E+01     0.39092012500000E+06
0.15527235497150E+01     0.39894868750000E+06
0.15625419857406E+01     0.40671806250000E+06
0.15723604217662E+01     0.41419012500000E+06
0.15821788577918E+01     0.42133912500000E+06
0.15919972938174E+01     0.42814971875000E+06
0.16018157298430E+01     0.43461140625000E+06
0.16116341658686E+01     0.44071887500000E+06
0.16214526018942E+01     0.44646800000000E+06
0.16312710379199E+01     0.45185762500000E+06
0.16410894739455E+01     0.45688590625000E+06
0.16509079099711E+01     0.46155271875000E+06
0.16607263459967E+01     0.46585634375000E+06
0.16705447820223E+01     0.46979618750000E+06
0.16803632180479E+01     0.47336968750000E+06
0.16901816540735E+01     0.47657506250000E+06
0.17000000900991E+01     0.47940846875000E+06
0.17098185261247E+01     0.48186684375000E+06
0.17196369621504E+01     0.48394512500000E+06
0.17294553981760E+01     0.48563934375000E+06
0.17392738342016E+01     0.48694371875000E+06
0.17490922702272E+01     0.48785390625000E+06
0.17589107062528E+01     0.48836428125000E+06
0.17687291422784E+01     0.48847096875000E+06
0.17785475783040E+01     0.48816921875000E+06
0.17883660143296E+01     0.48745653125000E+06
0.17981844503553E+01     0.48633000000000E+06
0.18080028863809E+01     0.48478943750000E+06
0.18178213224065E+01     0.48283459375000E+06
0.18276397584321E+01     0.48046828125000E+06
0.18374581944577E+01     0.47769334375000E+06
0.18472766304833E+01     0.47451578125000E+06
0.18570950665089E+01     0.47094153125000E+06
0.18669135025345E+01     0.46697943750000E+06
0.18767319385602E+01     0.46263790625000E+06
0.18865503745858E+01     0.45792746875000E+06
0.18963688106114E+01     0.45285731250000E+06
0.19061872466370E+01     0.44743759375000E+06
0.19160056826626E+01     0.44167584375000E+06
0.19258241186882E+01     0.43557906250000E+06
0.19356425547138E+01     0.42915034375000E+06
0.19454609907394E+01     0.42239087500000E+06
0.19552794267650E+01     0.41529746875000E+06
0.19650978627907E+01     0.40786465625000E+06
0.19749162988163E+01     0.40008375000000E+06
0.19847347348419E+01     0.39195484375000E+06
0.19945531708675E+01     0.38352475000000E+06
0.20043716068931E+01     0.37480956250000E+06
0.20141900429187E+01     0.36581828125000E+06
0.20240084789443E+01     0.35655921875000E+06
0.20338269149699E+01     0.34704087500000E+06
0.20436453509956E+01     0.33727090625000E+06
0.20534637870212E+01     0.32725746875000E+06
0.20632822230468E+01     0.21893300000000E+06
0.20731006590724E+01     0.20986221875000E+06
0.20829190950980E+01     0.20066118750000E+06
0.20927375311236E+01     0.19135534375000E+06
0.21025559671492E+01     0.18196606250000E+06
0.21123744031748E+01     0.17251481250000E+06
0.21221928392005E+01     0.16302129687500E+06
0.21320112752261E+01     0.15350520312500E+06
0.21418297112517E+01     0.14398475000000E+06
0.21516481472773E+01     0.13447798437500E+06
0.21614665833029E+01     0.12500194531250E+06
0.21712850193285E+01     0.11557350000000E+06
0.21811034553541E+01     0.10620916406250E+06
0.21909218913797E+01     0.96925304687500E+05
0.22007403274054E+01     0.87738929687500E+05
0.22105587634310E+01     0.78667273437500E+05
0.22203771994566E+01     0.69729703125000E+05
0.22301956354822E+01     0.60947523437500E+05
0.22400140715078E+01     0.52347636718750E+05
0.22498325075334E+01     0.43965558593750E+05
0.22596509435590E+01     0.35857226562500E+05
0.22694693795846E+01     0.28124859375000E+05
0.22792878156102E+01     0.21010404296875E+05
0.22891062516359E+01     0.15307834960938E+05
0.22989246876615E+01     0.14998665039063E+05
0.23087431236871E+01     0.00000000000000E+00
0.23185615597127E+01     0.00000000000000E+00
0.23283799957383E+01     0.00000000000000E+00
