0.10716201844600E+01     0.00000000000000E+00
0.10814386204856E+01     0.00000000000000E+00
0.10912570565112E+01     0.00000000000000E+00
0.11010754925368E+01     0.36602629394531E+04
0.11108939285624E+01     0.32473947753906E+04
0.11207123645880E+01     0.39738588867188E+04
0.11305308006136E+01     0.49884418945313E+04
0.11403492366393E+01     0.61745048828125E+04
0.11501676726649E+01     0.74733510742188E+04
0.11599861086905E+01     0.88615888671875E+04
0.11698045447161E+01     0.10328095703125E+05
0.11796229807417E+01     0.11867312500000E+05
0.11894414167673E+01     0.13476374023438E+05
0.11992598527929E+01     0.15153701171875E+05
0.12090782888185E+01     0.16898419921875E+05
0.12188967248442E+01     0.18709884765625E+05
0.12287151608698E+01     0.20587564453125E+05
0.12385335968954E+01     0.22530738281250E+05
0.12483520329210E+01     0.24538595703125E+05
0.12581704689466E+01     0.26609902343750E+05
0.12679889049722E+01     0.28743107421875E+05
0.12778073409978E+01     0.30936148437500E+05
0.12876257770234E+01     0.33186484375000E+05
0.12974442130490E+01     0.35490851562500E+05
0.13072626490747E+01     0.37845367187500E+05
0.13170810851003E+01     0.40245332031250E+05
0.13268995211259E+01     0.42685273437500E+05
0.13367179571515E+01     0.45158730468750E+05
0.13465363931771E+01     0.47658296875000E+05
0.13563548292027E+01     0.50175406250000E+05
0.13661732652283E+01     0.52700535156250E+05
0.13759917012539E+01     0.55222902343750E+05
0.13858101372796E+01     0.57730667968750E+05
0.13956285733052E+01     0.60210781250000E+05
0.14054470093308E+01     0.62649609375000E+05
0.14152654453564E+01     0.65037058593750E+05
0.14250838813820E+01     0.67232953125000E+05
0.14349023174076E+01     0.69524882812500E+05
0.14447207534332E+01     0.71624382812500E+05
0.14545391894588E+01     0.73588367187500E+05
0.14643576254844E+01     0.75397070312500E+05
0.14741760615101E+01     0.77028617187500E+05
0.14839944975357E+01     0.78460734375000E+05
0.14938129335613E+01     0.79670406250000E+05
0.15036313695869E+01     0.80634906250000E+05
0.15134498056125E+01     0.81331257812500E+05
0.15232682416381E+01     0.81737078125000E+05
0.15330866776637E+01     0.81863703125000E+05
0.15429051136893E+01     0.81718203125000E+05
0.15527235497150E+01     0.81272609375000E+05
0.15625419857406E+01     0.80507929687500E+05
0.15723604217662E+01     0.79411078125000E+05
0.15821788577918E+01     0.77974406250000E+05
0.15919972938174E+01     0.76194039062500E+05
0.16018157298430E+01     0.74069531250000E+05
0.16116341658686E+01     0.71602640625000E+05
0.16214526018942E+01     0.68797835937500E+05
0.16312710379199E+01     0.65661343750000E+05
0.16410894739455E+01     0.62201132812500E+05
0.16509079099711E+01     0.58426781250000E+05
0.16607263459967E+01     0.54349847656250E+05
0.16705447820223E+01     0.49983242187500E+05
0.16803632180479E+01     0.45341734375000E+05
0.16901816540735E+01     0.40441496093750E+05
0.17000000900991E+01     0.35300324218750E+05
0.17098185261247E+01     0.29937820312500E+05
0.17196369621504E+01     0.24375242187500E+05
0.17294553981760E+01     0.18635546875000E+05
0.17392738342016E+01     0.12744060546875E+05
0.17490922702272E+01     0.67272587890625E+04
0.17589107062528E+01     0.61297045898438E+03
0.17687291422784E+01     0.55698481445313E+04
0.17785475783040E+01     0.11791039062500E+05
0.17883660143296E+01     0.18019398437500E+05
0.17981844503553E+01     0.24222794921875E+05
0.18080028863809E+01     0.30368380859375E+05
0.18178213224065E+01     0.36423714843750E+05
0.18276397584321E+01     0.42356718750000E+05
0.18374581944577E+01     0.48136031250000E+05
0.18472766304833E+01     0.53731269531250E+05
0.18570950665089E+01     0.59113246093750E+05
0.18669135025345E+01     0.64254042968750E+05
0.18767319385602E+01     0.69127804687500E+05
0.18865503745858E+01     0.73710570312500E+05
0.18963688106114E+01     0.77980734375000E+05
0.19061872466370E+01     0.81917921875000E+05
0.19160056826626E+01     0.85504867187500E+05
0.19258241186882E+01     0.88725523437500E+05
0.19356425547138E+01     0.91566609375000E+05
0.19454609907394E+01     0.94015601562500E+05
0.19552794267650E+01     0.96063390625000E+05
0.19650978627907E+01     0.97701140625000E+05
0.19749162988163E+01     0.98923671875000E+05
0.19847347348419E+01     0.99720140625000E+05
0.19945531708675E+01     0.10009305468750E+06
0.20043716068931E+01     0.10005167187500E+06
0.20141900429187E+01     0.99615898437500E+05
0.20240084789443E+01     0.98805015625000E+05
0.20338269149699E+01     0.97641632812500E+05
0.20436453509956E+01     0.96147687500000E+05
0.20534637870212E+01     0.94350515625000E+05
0.20632822230468E+01     0.63155460937500E+05
0.20731006590724E+01     0.60948914062500E+05
0.20829190950980E+01     0.58567687500000E+05
0.20927375311236E+01     0.56052417968750E+05
0.21025559671492E+01     0.53425378906250E+05
0.21123744031748E+01     0.50707652343750E+05
0.21221928392005E+01     0.47919394531250E+05
0.21320112752261E+01     0.45079023437500E+05
0.21418297112517E+01     0.42204238281250E+05
0.21516481472773E+01     0.39310710937500E+05
0.21614665833029E+01     0.36413621093750E+05
0.21712850193285E+01     0.33526101562500E+05
0.21811034553541E+01     0.30660988281250E+05
0.21909218913797E+01     0.27829255859375E+05
0.22007403274054E+01     0.25041822265625E+05
0.22105587634310E+01     0.22308125000000E+05
0.22203771994566E+01     0.19637814453125E+05
0.22301956354822E+01     0.17039884765625E+05
0.22400140715078E+01     0.14524246093750E+05
0.22498325075334E+01     0.12102272460938E+05
0.22596509435590E+01     0.97899521484375E+04
0.22694693795846E+01     0.76148525390625E+04
0.22792878156102E+01     0.56403789062500E+04
0.22891062516359E+01     0.40743217773438E+04
0.22989246876615E+01     0.39577048339844E+04
0.23087431236871E+01     0.00000000000000E+00
0.23185615597127E+01     0.00000000000000E+00
0.23283799957383E+01     0.00000000000000E+00
