0.10716201844600E+01     0.00000000000000E+00
0.10814386204856E+01     0.00000000000000E+00
0.10912570565112E+01     0.00000000000000E+00
0.11010754925368E+01     0.31991169433594E+04
0.11108939285624E+01     0.31559611816406E+04
0.11207123645880E+01     0.64200766601563E+04
0.11305308006136E+01     0.10578040039063E+05
0.11403492366393E+01     0.15652466796875E+05
0.11501676726649E+01     0.21614392578125E+05
0.11599861086905E+01     0.28516453125000E+05
0.11698045447161E+01     0.36324511718750E+05
0.11796229807417E+01     0.45108410156250E+05
0.11894414167673E+01     0.54850542968750E+05
0.11992598527929E+01     0.65608539062500E+05
0.12090782888185E+01     0.77418570312500E+05
0.12188967248442E+01     0.90284898437500E+05
0.12287151608698E+01     0.10433910937500E+06
0.12385335968954E+01     0.11956189062500E+06
0.12483520329210E+01     0.13600843750000E+06
0.12581704689466E+01     0.15383323437500E+06
0.12679889049722E+01     0.17302896875000E+06
0.12778073409978E+01     0.19366995312500E+06
0.12876257770234E+01     0.21586235937500E+06
0.12974442130490E+01     0.23973145312500E+06
0.13072626490747E+01     0.26530734375000E+06
0.13170810851003E+01     0.29268193750000E+06
0.13268995211259E+01     0.32194821875000E+06
0.13367179571515E+01     0.35320040625000E+06
0.13465363931771E+01     0.38659103125000E+06
0.13563548292027E+01     0.42214171875000E+06
0.13661732652283E+01     0.45993256250000E+06
0.13759917012539E+01     0.50003609375000E+06
0.13858101372796E+01     0.54251318750000E+06
0.13956285733052E+01     0.58741081250000E+06
0.14054470093308E+01     0.63474168750000E+06
0.14152654453564E+01     0.68501168750000E+06
0.14250838813820E+01     0.73715712500000E+06
0.14349023174076E+01     0.79135918750000E+06
0.14447207534332E+01     0.84882968750000E+06
0.14545391894588E+01     0.90830925000000E+06
0.14643576254844E+01     0.97002143750000E+06
0.14741760615101E+01     0.10338047500000E+07
0.14839944975357E+01     0.10994885000000E+07
0.14938129335613E+01     0.11668728750000E+07
0.15036313695869E+01     0.12357190000000E+07
0.15134498056125E+01     0.13057603750000E+07
0.15232682416381E+01     0.13764376250000E+07
0.15330866776637E+01     0.14367428750000E+07
0.15429051136893E+01     0.14957377500000E+07
0.15527235497150E+01     0.15538832500000E+07
0.15625419857406E+01     0.16108713750000E+07
0.15723604217662E+01     0.16666920000000E+07
0.15821788577918E+01     0.17208803750000E+07
0.15919972938174E+01     0.17733557500000E+07
0.16018157298430E+01     0.18238813750000E+07
0.16116341658686E+01     0.18723930000000E+07
0.16214526018942E+01     0.19185661250000E+07
0.16312710379199E+01     0.19624401250000E+07
0.16410894739455E+01     0.20038558750000E+07
0.16509079099711E+01     0.20426125000000E+07
0.16607263459967E+01     0.20785915000000E+07
0.16705447820223E+01     0.21116695000000E+07
0.16803632180479E+01     0.21416865000000E+07
0.16901816540735E+01     0.21685412500000E+07
0.17000000900991E+01     0.21921920000000E+07
0.17098185261247E+01     0.22122937500000E+07
0.17196369621504E+01     0.22289660000000E+07
0.17294553981760E+01     0.22417605000000E+07
0.17392738342016E+01     0.22506577500000E+07
0.17490922702272E+01     0.22556392500000E+07
0.17589107062528E+01     0.22566495000000E+07
0.17687291422784E+01     0.22536590000000E+07
0.17785475783040E+01     0.22465767500000E+07
0.17883660143296E+01     0.22353407500000E+07
0.17981844503553E+01     0.22198597500000E+07
0.18080028863809E+01     0.22000532500000E+07
0.18178213224065E+01     0.21761960000000E+07
0.18276397584321E+01     0.21482002500000E+07
0.18374581944577E+01     0.21163320000000E+07
0.18472766304833E+01     0.20805680000000E+07
0.18570950665089E+01     0.20410187500000E+07
0.18669135025345E+01     0.19978331250000E+07
0.18767319385602E+01     0.19511443750000E+07
0.18865503745858E+01     0.19013020000000E+07
0.18963688106114E+01     0.18482627500000E+07
0.19061872466370E+01     0.17922808750000E+07
0.19160056826626E+01     0.17336355000000E+07
0.19258241186882E+01     0.16725061250000E+07
0.19356425547138E+01     0.16090733750000E+07
0.19454609907394E+01     0.15436898750000E+07
0.19552794267650E+01     0.14766460000000E+07
0.19650978627907E+01     0.14081738750000E+07
0.19749162988163E+01     0.13385850000000E+07
0.19847347348419E+01     0.12634332500000E+07
0.19945531708675E+01     0.11848832500000E+07
0.20043716068931E+01     0.11079311250000E+07
0.20141900429187E+01     0.10328826250000E+07
0.20240084789443E+01     0.96006212500000E+06
0.20338269149699E+01     0.88975812500000E+06
0.20436453509956E+01     0.82234687500000E+06
0.20534637870212E+01     0.64862543750000E+06
0.20632822230468E+01     0.55808237500000E+06
0.20731006590724E+01     0.61717718750000E+06
0.20829190950980E+01     0.56106356250000E+06
0.20927375311236E+01     0.50826809375000E+06
0.21025559671492E+01     0.45866243750000E+06
0.21123744031748E+01     0.41227284375000E+06
0.21221928392005E+01     0.36902046875000E+06
0.21320112752261E+01     0.32878781250000E+06
0.21418297112517E+01     0.29153659375000E+06
0.21516481472773E+01     0.25705889062500E+06
0.21614665833029E+01     0.22531082812500E+06
0.21712850193285E+01     0.19609612500000E+06
0.21811034553541E+01     0.16929156250000E+06
0.21909218913797E+01     0.14479703125000E+06
0.22007403274054E+01     0.12243968750000E+06
0.22105587634310E+01     0.10213040625000E+06
0.22203771994566E+01     0.83771429687500E+05
0.22301956354822E+01     0.67252507812500E+05
0.22400140715078E+01     0.52515750000000E+05
0.22498325075334E+01     0.39532683593750E+05
0.22596509435590E+01     0.28262083984375E+05
0.22694693795846E+01     0.18713431640625E+05
0.22792878156102E+01     0.10927138671875E+05
0.22891062516359E+01     0.49741484375000E+04
0.22989246876615E+01     0.16738376464844E+04
0.23087431236871E+01     0.00000000000000E+00
0.23185615597127E+01     0.00000000000000E+00
0.23283799957383E+01     0.00000000000000E+00
