0.10716201844600E+01     0.00000000000000E+00
0.10814386204856E+01     0.00000000000000E+00
0.10912570565112E+01     0.00000000000000E+00
0.11010754925368E+01     0.93901403808594E+03
0.11108939285624E+01     0.31294455566406E+04
0.11207123645880E+01     0.63483706054688E+04
0.11305308006136E+01     0.10450148437500E+05
0.11403492366393E+01     0.15456833984375E+05
0.11501676726649E+01     0.21338978515625E+05
0.11599861086905E+01     0.28150099609375E+05
0.11698045447161E+01     0.35855187500000E+05
0.11796229807417E+01     0.44525121093750E+05
0.11894414167673E+01     0.54141410156250E+05
0.11992598527929E+01     0.64762238281250E+05
0.12090782888185E+01     0.76423703125000E+05
0.12188967248442E+01     0.89129000000000E+05
0.12287151608698E+01     0.10301146093750E+06
0.12385335968954E+01     0.11804974218750E+06
0.12483520329210E+01     0.13429837500000E+06
0.12581704689466E+01     0.15191356250000E+06
0.12679889049722E+01     0.17088528125000E+06
0.12778073409978E+01     0.19128665625000E+06
0.12876257770234E+01     0.21322356250000E+06
0.12974442130490E+01     0.23682100000000E+06
0.13072626490747E+01     0.26210582812500E+06
0.13170810851003E+01     0.28916818750000E+06
0.13268995211259E+01     0.31809900000000E+06
0.13367179571515E+01     0.34899046875000E+06
0.13465363931771E+01     0.38199459375000E+06
0.13563548292027E+01     0.41712884375000E+06
0.13661732652283E+01     0.45447096875000E+06
0.13759917012539E+01     0.49409153125000E+06
0.13858101372796E+01     0.53605025000000E+06
0.13956285733052E+01     0.58039537500000E+06
0.14054470093308E+01     0.62715893750000E+06
0.14152654453564E+01     0.67635193750000E+06
0.14250838813820E+01     0.72812325000000E+06
0.14349023174076E+01     0.78206962500000E+06
0.14447207534332E+01     0.83847487500000E+06
0.14545391894588E+01     0.89718362500000E+06
0.14643576254844E+01     0.95812337500000E+06
0.14741760615101E+01     0.10211360000000E+07
0.14839944975357E+01     0.10860632500000E+07
0.14938129335613E+01     0.11527213750000E+07
0.15036313695869E+01     0.12208893750000E+07
0.15134498056125E+01     0.12903210000000E+07
0.15232682416381E+01     0.13607298750000E+07
0.15330866776637E+01     0.14210846250000E+07
0.15429051136893E+01     0.14803247500000E+07
0.15527235497150E+01     0.15386430000000E+07
0.15625419857406E+01     0.15957987500000E+07
0.15723604217662E+01     0.16518410000000E+07
0.15821788577918E+01     0.17063367500000E+07
0.15919972938174E+01     0.17592322500000E+07
0.16018157298430E+01     0.18103025000000E+07
0.16116341658686E+01     0.18594882500000E+07
0.16214526018942E+01     0.19064585000000E+07
0.16312710379199E+01     0.19512431250000E+07
0.16410894739455E+01     0.19936653750000E+07
0.16509079099711E+01     0.20335023750000E+07
0.16607263459967E+01     0.20706106250000E+07
0.16705447820223E+01     0.21048390000000E+07
0.16803632180479E+01     0.21359990000000E+07
0.16901816540735E+01     0.21639597500000E+07
0.17000000900991E+01     0.21886515000000E+07
0.17098185261247E+01     0.22097005000000E+07
0.17196369621504E+01     0.22272027500000E+07
0.17294553981760E+01     0.22406870000000E+07
0.17392738342016E+01     0.22501157500000E+07
0.17490922702272E+01     0.22554560000000E+07
0.17589107062528E+01     0.22566422500000E+07
0.17687291422784E+01     0.22536392500000E+07
0.17785475783040E+01     0.22463547500000E+07
0.17883660143296E+01     0.22347305000000E+07
0.17981844503553E+01     0.22186817500000E+07
0.18080028863809E+01     0.21981392500000E+07
0.18178213224065E+01     0.21733927500000E+07
0.18276397584321E+01     0.21443715000000E+07
0.18374581944577E+01     0.21113627500000E+07
0.18472766304833E+01     0.20743666250000E+07
0.18570950665089E+01     0.20335195000000E+07
0.18669135025345E+01     0.19890005000000E+07
0.18767319385602E+01     0.19409756250000E+07
0.18865503745858E+01     0.18898336250000E+07
0.18963688106114E+01     0.18355706250000E+07
0.19061872466370E+01     0.17784866250000E+07
0.19160056826626E+01     0.17189108750000E+07
0.19258241186882E+01     0.16570742500000E+07
0.19356425547138E+01     0.15932061250000E+07
0.19454609907394E+01     0.15277093750000E+07
0.19552794267650E+01     0.14609130000000E+07
0.19650978627907E+01     0.13930733750000E+07
0.19749162988163E+01     0.13245142500000E+07
0.19847347348419E+01     0.12506231250000E+07
0.19945531708675E+01     0.11734988750000E+07
0.20043716068931E+01     0.10981645000000E+07
0.20141900429187E+01     0.10248667500000E+07
0.20240084789443E+01     0.95387862500000E+06
0.20338269149699E+01     0.88543681250000E+06
0.20436453509956E+01     0.81987350000000E+06
0.20534637870212E+01     0.75717750000000E+06
0.20632822230468E+01     0.65860831250000E+06
0.20731006590724E+01     0.60097987500000E+06
0.20829190950980E+01     0.54641318750000E+06
0.20927375311236E+01     0.49508134375000E+06
0.21025559671492E+01     0.44684559375000E+06
0.21123744031748E+01     0.40172937500000E+06
0.21221928392005E+01     0.35965087500000E+06
0.21320112752261E+01     0.32049265625000E+06
0.21418297112517E+01     0.28422250000000E+06
0.21516481472773E+01     0.25063417187500E+06
0.21614665833029E+01     0.21969354687500E+06
0.21712850193285E+01     0.19120884375000E+06
0.21811034553541E+01     0.16506442187500E+06
0.21909218913797E+01     0.14116846875000E+06
0.22007403274054E+01     0.11935270312500E+06
0.22105587634310E+01     0.99534703125000E+05
0.22203771994566E+01     0.81621593750000E+05
0.22301956354822E+01     0.65505925781250E+05
0.22400140715078E+01     0.51132675781250E+05
0.22498325075334E+01     0.38475210937500E+05
0.22596509435590E+01     0.27491681640625E+05
0.22694693795846E+01     0.18190458984375E+05
0.22792878156102E+01     0.10609700195313E+05
0.22891062516359E+01     0.48203242187500E+04
0.22989246876615E+01     0.11879311523438E+04
0.23087431236871E+01     0.00000000000000E+00
0.23185615597127E+01     0.00000000000000E+00
0.23283799957383E+01     0.00000000000000E+00
