0.10716201844600E+01     0.00000000000000E+00
0.10814386204856E+01     0.00000000000000E+00
0.10912570565112E+01     0.00000000000000E+00
0.11010754925368E+01     0.84142443847656E+03
0.11108939285624E+01     0.31987753906250E+04
0.11207123645880E+01     0.61938251953125E+04
0.11305308006136E+01     0.10503156250000E+05
0.11403492366393E+01     0.15040947265625E+05
0.11501676726649E+01     0.21181642578125E+05
0.11599861086905E+01     0.27324117187500E+05
0.11698045447161E+01     0.35258281250000E+05
0.11796229807417E+01     0.43141824218750E+05
0.11894414167673E+01     0.52885214843750E+05
0.11992598527929E+01     0.62680234375000E+05
0.12090782888185E+01     0.74320109375000E+05
0.12188967248442E+01     0.86217718750000E+05
0.12287151608698E+01     0.99911328125000E+05
0.12385335968954E+01     0.11419278125000E+06
0.12483520329210E+01     0.13008835937500E+06
0.12581704689466E+01     0.14701156250000E+06
0.12679889049722E+01     0.16548134375000E+06
0.12778073409978E+01     0.18526120312500E+06
0.12876257770234E+01     0.20656740625000E+06
0.12974442130490E+01     0.22962037500000E+06
0.13072626490747E+01     0.25416687500000E+06
0.13170810851003E+01     0.28077515625000E+06
0.13268995211259E+01     0.30888056250000E+06
0.13367179571515E+01     0.33943090625000E+06
0.13465363931771E+01     0.37154187500000E+06
0.13563548292027E+01     0.40648006250000E+06
0.13661732652283E+01     0.44287846875000E+06
0.13759917012539E+01     0.48249028125000E+06
0.13858101372796E+01     0.52346862500000E+06
0.13956285733052E+01     0.56804693750000E+06
0.14054470093308E+01     0.61382550000000E+06
0.14152654453564E+01     0.66306400000000E+06
0.14250838813820E+01     0.71400593750000E+06
0.14349023174076E+01     0.76938356250000E+06
0.14447207534332E+01     0.82436912500000E+06
0.14545391894588E+01     0.88433481250000E+06
0.14643576254844E+01     0.94412206250000E+06
0.14741760615101E+01     0.10088398750000E+07
0.14839944975357E+01     0.10725421250000E+07
0.14938129335613E+01     0.11413513750000E+07
0.15036313695869E+01     0.12081952500000E+07
0.15134498056125E+01     0.12802003750000E+07
0.15232682416381E+01     0.13493747500000E+07
0.15330866776637E+01     0.14139430000000E+07
0.15429051136893E+01     0.14728491250000E+07
0.15527235497150E+01     0.15353731250000E+07
0.15625419857406E+01     0.15914206250000E+07
0.15723604217662E+01     0.16513616250000E+07
0.15821788577918E+01     0.17040745000000E+07
0.15919972938174E+01     0.17605827500000E+07
0.16018157298430E+01     0.18092750000000E+07
0.16116341658686E+01     0.18618101250000E+07
0.16214526018942E+01     0.19058995000000E+07
0.16312710379199E+01     0.19538168750000E+07
0.16410894739455E+01     0.19929667500000E+07
0.16509079099711E+01     0.20357893750000E+07
0.16607263459967E+01     0.20693556250000E+07
0.16705447820223E+01     0.21065022500000E+07
0.16803632180479E+01     0.21339702500000E+07
0.16901816540735E+01     0.21648575000000E+07
0.17000000900991E+01     0.21858137500000E+07
0.17098185261247E+01     0.22098602500000E+07
0.17196369621504E+01     0.22236707500000E+07
0.17294553981760E+01     0.22402655000000E+07
0.17392738342016E+01     0.22461130000000E+07
0.17490922702272E+01     0.22546985000000E+07
0.17589107062528E+01     0.22524592500000E+07
0.17687291422784E+01     0.22528375000000E+07
0.17785475783040E+01     0.22423107500000E+07
0.17883660143296E+01     0.22341792500000E+07
0.17981844503553E+01     0.22150650000000E+07
0.18080028863809E+01     0.21980875000000E+07
0.18178213224065E+01     0.21704517500000E+07
0.18276397584321E+01     0.21449810000000E+07
0.18374581944577E+01     0.21092037500000E+07
0.18472766304833E+01     0.20756280000000E+07
0.18570950665089E+01     0.20320592500000E+07
0.18669135025345E+01     0.19906693750000E+07
0.18767319385602E+01     0.19398761250000E+07
0.18865503745858E+01     0.18913773750000E+07
0.18963688106114E+01     0.18342142500000E+07
0.19061872466370E+01     0.17790850000000E+07
0.19160056826626E+01     0.17164455000000E+07
0.19258241186882E+01     0.16557110000000E+07
0.19356425547138E+01     0.15886888750000E+07
0.19454609907394E+01     0.15233686250000E+07
0.19552794267650E+01     0.14535403750000E+07
0.19650978627907E+01     0.13850071250000E+07
0.19749162988163E+01     0.13138673750000E+07
0.19847347348419E+01     0.12392708750000E+07
0.19945531708675E+01     0.11616601250000E+07
0.20043716068931E+01     0.10857206250000E+07
0.20141900429187E+01     0.10129224375000E+07
0.20240084789443E+01     0.94093312500000E+06
0.20338269149699E+01     0.87391293750000E+06
0.20436453509956E+01     0.80705168750000E+06
0.20534637870212E+01     0.74839918750000E+06
0.20632822230468E+01     0.64382337500000E+06
0.20731006590724E+01     0.57416862500000E+06
0.20829190950980E+01     0.51843393750000E+06
0.20927375311236E+01     0.47008965625000E+06
0.21025559671492E+01     0.42114200000000E+06
0.21123744031748E+01     0.37894809375000E+06
0.21221928392005E+01     0.33678684375000E+06
0.21320112752261E+01     0.30014284375000E+06
0.21418297112517E+01     0.26454496875000E+06
0.21516481472773E+01     0.23278089062500E+06
0.21614665833029E+01     0.20333932812500E+06
0.21712850193285E+01     0.17580523437500E+06
0.21811034553541E+01     0.15198762500000E+06
0.21909218913797E+01     0.12812609375000E+06
0.22007403274054E+01     0.10936564843750E+06
0.22105587634310E+01     0.88801445312500E+05
0.22203771994566E+01     0.74437914062500E+05
0.22301956354822E+01     0.57113312500000E+05
0.22400140715078E+01     0.46399625000000E+05
0.22498325075334E+01     0.32515306640625E+05
0.22596509435590E+01     0.24802394531250E+05
0.22694693795846E+01     0.14710445312500E+05
0.22792878156102E+01     0.94996796875000E+04
0.22891062516359E+01     0.36982145996094E+04
0.22989246876615E+01     0.12355194091797E+04
0.23087431236871E+01     0.00000000000000E+00
0.23185615597127E+01     0.00000000000000E+00
0.23283799957383E+01     0.00000000000000E+00
