0.10716201844600E+01     0.00000000000000E+00
0.10814386204856E+01     0.00000000000000E+00
0.10912570565112E+01     0.00000000000000E+00
0.11010754925368E+01     0.85044016273628E-08
0.11108939285624E+01     0.00000000000000E+00
0.11207123645880E+01     -.17008803254726E-07
0.11305308006136E+01     0.00000000000000E+00
0.11403492366393E+01     0.00000000000000E+00
0.11501676726649E+01     0.00000000000000E+00
0.11599861086905E+01     0.00000000000000E+00
0.11698045447161E+01     0.00000000000000E+00
0.11796229807417E+01     0.00000000000000E+00
0.11894414167673E+01     0.00000000000000E+00
0.11992598527929E+01     0.00000000000000E+00
0.12090782888185E+01     0.00000000000000E+00
0.12188967248442E+01     0.00000000000000E+00
0.12287151608698E+01     0.00000000000000E+00
0.12385335968954E+01     0.00000000000000E+00
0.12483520329210E+01     0.00000000000000E+00
0.12581704689466E+01     0.00000000000000E+00
0.12679889049722E+01     0.00000000000000E+00
0.12778073409978E+01     0.00000000000000E+00
0.12876257770234E+01     0.00000000000000E+00
0.12974442130490E+01     0.00000000000000E+00
0.13072626490747E+01     0.00000000000000E+00
0.13170810851003E+01     0.42522008136814E-08
0.13268995211259E+01     0.00000000000000E+00
0.13367179571515E+01     0.85044016273628E-08
0.13465363931771E+01     0.00000000000000E+00
0.13563548292027E+01     0.00000000000000E+00
0.13661732652283E+01     0.00000000000000E+00
0.13759917012539E+01     0.00000000000000E+00
0.13858101372796E+01     0.00000000000000E+00
0.13956285733052E+01     0.00000000000000E+00
0.14054470093308E+01     0.00000000000000E+00
0.14152654453564E+01     0.00000000000000E+00
0.14250838813820E+01     0.00000000000000E+00
0.14349023174076E+01     0.00000000000000E+00
0.14447207534332E+01     0.00000000000000E+00
0.14545391894588E+01     0.85044016273628E-08
0.14643576254844E+01     0.00000000000000E+00
0.14741760615101E+01     -.42522008136814E-08
0.14839944975357E+01     -.85044016273628E-08
0.14938129335613E+01     0.00000000000000E+00
0.15036313695869E+01     0.00000000000000E+00
0.15134498056125E+01     0.00000000000000E+00
0.15232682416381E+01     0.00000000000000E+00
0.15330866776637E+01     -.85044016273628E-08
0.15429051136893E+01     -.29765406139859E-07
0.15527235497150E+01     -.42522008136814E-08
0.15625419857406E+01     -.85044016273628E-08
0.15723604217662E+01     -.85044016273628E-08
0.15821788577918E+01     -.29765406139859E-07
0.15919972938174E+01     -.25513205770267E-07
0.16018157298430E+01     -.42522007248635E-07
0.16116341658686E+01     -.34017606509451E-07
0.16214526018942E+01     -.59530812279718E-07
0.16312710379199E+01     -.55278611910126E-07
0.16410894739455E+01     -.68035213018902E-07
0.16509079099711E+01     -.85044014497271E-07
0.16607263459967E+01     -.72287413388494E-07
0.16705447820223E+01     -.85044014497271E-07
0.16803632180479E+01     -.85044014497271E-07
0.16901816540735E+01     -.93548415236455E-07
0.17000000900991E+01     -.93548415236455E-07
0.17098185261247E+01     -.10630502345066E-06
0.17196369621504E+01     -.12331382492903E-06
0.17294553981760E+01     -.10630502345066E-06
0.17392738342016E+01     -.93548415236455E-07
0.17490922702272E+01     -.93548415236455E-07
0.17589107062528E+01     -.89296214866863E-07
0.17687291422784E+01     -.93548415236455E-07
0.17785475783040E+01     -.89296214866863E-07
0.17883660143296E+01     -.63783012649310E-07
0.17981844503553E+01     -.72287413388494E-07
0.18080028863809E+01     -.72287413388494E-07
0.18178213224065E+01     -.55278611910126E-07
0.18276397584321E+01     -.46774207618228E-07
0.18374581944577E+01     -.25513205770267E-07
0.18472766304833E+01     -.34017606509451E-07
0.18570950665089E+01     -.29765406139859E-07
0.18669135025345E+01     -.21261003624318E-07
0.18767319385602E+01     -.17008803254726E-07
0.18865503745858E+01     -.12756602885133E-07
0.18963688106114E+01     -.42522008136814E-08
0.19061872466370E+01     -.85044016273628E-08
0.19160056826626E+01     0.00000000000000E+00
0.19258241186882E+01     0.00000000000000E+00
0.19356425547138E+01     0.00000000000000E+00
0.19454609907394E+01     -.42522008136814E-08
0.19552794267650E+01     -.12756602885133E-07
0.19650978627907E+01     0.42522008136814E-08
0.19749162988163E+01     0.00000000000000E+00
0.19847347348419E+01     0.00000000000000E+00
0.19945531708675E+01     0.00000000000000E+00
0.20043716068931E+01     0.00000000000000E+00
0.20141900429187E+01     0.00000000000000E+00
0.20240084789443E+01     0.00000000000000E+00
0.20338269149699E+01     0.00000000000000E+00
0.20436453509956E+01     0.00000000000000E+00
0.20534637870212E+01     0.00000000000000E+00
0.20632822230468E+01     0.00000000000000E+00
0.20731006590724E+01     -.12756602885133E-07
0.20829190950980E+01     0.85044016273628E-08
0.20927375311236E+01     0.00000000000000E+00
0.21025559671492E+01     0.00000000000000E+00
0.21123744031748E+01     0.00000000000000E+00
0.21221928392005E+01     0.00000000000000E+00
0.21320112752261E+01     -.85044016273628E-08
0.21418297112517E+01     0.00000000000000E+00
0.21516481472773E+01     0.42522008136814E-08
0.21614665833029E+01     0.00000000000000E+00
0.21712850193285E+01     0.00000000000000E+00
0.21811034553541E+01     0.00000000000000E+00
0.21909218913797E+01     0.00000000000000E+00
0.22007403274054E+01     0.00000000000000E+00
0.22105587634310E+01     0.42522008136814E-08
0.22203771994566E+01     0.00000000000000E+00
0.22301956354822E+01     0.00000000000000E+00
0.22400140715078E+01     0.00000000000000E+00
0.22498325075334E+01     0.00000000000000E+00
0.22596509435590E+01     0.00000000000000E+00
0.22694693795846E+01     0.00000000000000E+00
0.22792878156102E+01     0.00000000000000E+00
0.22891062516359E+01     0.00000000000000E+00
0.22989246876615E+01     0.00000000000000E+00
0.23087431236871E+01     0.00000000000000E+00
0.23185615597127E+01     0.00000000000000E+00
0.23283799957383E+01     0.00000000000000E+00
