0.10716201844600E+01     0.00000000000000E+00
0.10814386204856E+01     0.00000000000000E+00
0.10912570565112E+01     0.00000000000000E+00
0.11010754925368E+01     0.12656081054688E+05
0.11108939285624E+01     0.43248678588867E+03
0.11207123645880E+01     0.97802587890625E+03
0.11305308006136E+01     0.16666798095703E+04
0.11403492366393E+01     0.25045249023438E+04
0.11501676726649E+01     0.34924125976563E+04
0.11599861086905E+01     0.46319604492188E+04
0.11698045447161E+01     0.59257656250000E+04
0.11796229807417E+01     0.73768662109375E+04
0.11894414167673E+01     0.89897783203125E+04
0.11992598527929E+01     0.10769370117188E+05
0.12090782888185E+01     0.12721791992188E+05
0.12188967248442E+01     0.14854945312500E+05
0.12287151608698E+01     0.17176359375000E+05
0.12385335968954E+01     0.19696517578125E+05
0.12483520329210E+01     0.22426730468750E+05
0.12581704689466E+01     0.25378347656250E+05
0.12679889049722E+01     0.28565867187500E+05
0.12778073409978E+01     0.32005212890625E+05
0.12876257770234E+01     0.35711878906250E+05
0.12974442130490E+01     0.39703093750000E+05
0.13072626490747E+01     0.43998343750000E+05
0.13170810851003E+01     0.48617140625000E+05
0.13268995211259E+01     0.53579160156250E+05
0.13367179571515E+01     0.58903535156250E+05
0.13465363931771E+01     0.64608949218750E+05
0.13563548292027E+01     0.70712968750000E+05
0.13661732652283E+01     0.77230921875000E+05
0.13759917012539E+01     0.84173718750000E+05
0.13858101372796E+01     0.91546429687500E+05
0.13956285733052E+01     0.99340054687500E+05
0.14054470093308E+01     0.10746653906250E+06
0.14152654453564E+01     0.11799578125000E+06
0.14250838813820E+01     0.12582731250000E+06
0.14349023174076E+01     0.13335595312500E+06
0.14447207534332E+01     0.14449854687500E+06
0.14545391894588E+01     0.15456967187500E+06
0.14643576254844E+01     0.16478143750000E+06
0.14741760615101E+01     0.17507212500000E+06
0.14839944975357E+01     0.18534025000000E+06
0.14938129335613E+01     0.19546121875000E+06
0.15036313695869E+01     0.20529564062500E+06
0.15134498056125E+01     0.21468584375000E+06
0.15232682416381E+01     0.22230796875000E+06
0.15330866776637E+01     0.22697395312500E+06
0.15429051136893E+01     0.23018414062500E+06
0.15527235497150E+01     0.23319589062500E+06
0.15625419857406E+01     0.23566395312500E+06
0.15723604217662E+01     0.23729251562500E+06
0.15821788577918E+01     0.23785300000000E+06
0.15919972938174E+01     0.23716001562500E+06
0.16018157298430E+01     0.23507482812500E+06
0.16116341658686E+01     0.23149351562500E+06
0.16214526018942E+01     0.22634256250000E+06
0.16312710379199E+01     0.21958229687500E+06
0.16410894739455E+01     0.21119781250000E+06
0.16509079099711E+01     0.20119482812500E+06
0.16607263459967E+01     0.18960718750000E+06
0.16705447820223E+01     0.17648792187500E+06
0.16803632180479E+01     0.16191262500000E+06
0.16901816540735E+01     0.14597098437500E+06
0.17000000900991E+01     0.12877196093750E+06
0.17098185261247E+01     0.11044689062500E+06
0.17196369621504E+01     0.91133546875000E+05
0.17294553981760E+01     0.70978835937500E+05
0.17392738342016E+01     0.50152492187500E+05
0.17490922702272E+01     0.28831277343750E+05
0.17589107062528E+01     0.71931372070313E+04
0.17687291422784E+01     -.14582965820313E+05
0.17785475783040E+01     -.36317910156250E+05
0.17883660143296E+01     -.57830847656250E+05
0.17981844503553E+01     -.78940835937500E+05
0.18080028863809E+01     -.99467851562500E+05
0.18178213224065E+01     -.11925189843750E+06
0.18276397584321E+01     -.13813603125000E+06
0.18374581944577E+01     -.15596370312500E+06
0.18472766304833E+01     -.17258970312500E+06
0.18570950665089E+01     -.18787634375000E+06
0.18669135025345E+01     -.20168462500000E+06
0.18767319385602E+01     -.21388392187500E+06
0.18865503745858E+01     -.22434400000000E+06
0.18963688106114E+01     -.23293673437500E+06
0.19061872466370E+01     -.23953737500000E+06
0.19160056826626E+01     -.24403245312500E+06
0.19258241186882E+01     -.24631629687500E+06
0.19356425547138E+01     -.24631453125000E+06
0.19454609907394E+01     -.24397515625000E+06
0.19552794267650E+01     -.23930221875000E+06
0.19650978627907E+01     -.23235406250000E+06
0.19749162988163E+01     -.22323754687500E+06
0.19847347348419E+01     -.21210239062500E+06
0.19945531708675E+01     -.19945254687500E+06
0.20043716068931E+01     -.18586746875000E+06
0.20141900429187E+01     -.17166453125000E+06
0.20240084789443E+01     -.15711725000000E+06
0.20338269149699E+01     -.14248768750000E+06
0.20436453509956E+01     -.12801506250000E+06
0.20534637870212E+01     0.26499859375000E+06
0.20632822230468E+01     0.25142334375000E+06
0.20731006590724E+01     -.14496301562500E+06
0.20829190950980E+01     -.13171075000000E+06
0.20927375311236E+01     -.11915416406250E+06
0.21025559671492E+01     -.10732323437500E+06
0.21123744031748E+01     -.96244468750000E+05
0.21221928392005E+01     -.85928148437500E+05
0.21320112752261E+01     -.76366539062500E+05
0.21418297112517E+01     -.67543382812500E+05
0.21516481472773E+01     -.59429042968750E+05
0.21614665833029E+01     -.51991308593750E+05
0.21712850193285E+01     -.45190492187500E+05
0.21811034553541E+01     -.38986785156250E+05
0.21909218913797E+01     -.33339781250000E+05
0.22007403274054E+01     -.28209996093750E+05
0.22105587634310E+01     -.23562031250000E+05
0.22203771994566E+01     -.19364464843750E+05
0.22301956354822E+01     -.15590561523438E+05
0.22400140715078E+01     -.12220437500000E+05
0.22498325075334E+01     -.92414150390625E+04
0.22596509435590E+01     -.66473627929688E+04
0.22694693795846E+01     -.44409721679688E+04
0.22792878156102E+01     -.26332070312500E+04
0.22891062516359E+01     -.12312088623047E+04
0.22989246876615E+01     -.20010158691406E+04
0.23087431236871E+01     0.00000000000000E+00
0.23185615597127E+01     0.00000000000000E+00
0.23283799957383E+01     0.00000000000000E+00
