0.10716201844600E+01     0.00000000000000E+00
0.10814386204856E+01     0.00000000000000E+00
0.10912570565112E+01     0.00000000000000E+00
0.11010754925368E+01     0.43079776332888E-05
0.11108939285624E+01     0.63739339566382E-05
0.11207123645880E+01     0.11669361811073E-04
0.11305308006136E+01     0.21188510800130E-04
0.11403492366393E+01     0.35997538361698E-04
0.11501676726649E+01     0.57157431001542E-04
0.11599861086905E+01     0.85721461800858E-04
0.11698045447161E+01     0.12273329775780E-03
0.11796229807417E+01     0.16922203940339E-03
0.11894414167673E+01     0.22619952505920E-03
0.11992598527929E+01     0.29465297120623E-03
0.12090782888185E+01     0.37554153823294E-03
0.12188967248442E+01     0.46978681348264E-03
0.12287151608698E+01     0.57826837291941E-03
0.12385335968954E+01     0.70181250339374E-03
0.12483520329210E+01     0.84118609083816E-03
0.12581704689466E+01     0.99708489142358E-03
0.12679889049722E+01     0.11701246257871E-02
0.12778073409978E+01     0.13608288718387E-02
0.12876257770234E+01     0.15696188202128E-02
0.12974442130490E+01     0.17968008760363E-02
0.13072626490747E+01     0.20425531547517E-02
0.13170810851003E+01     0.23069155868143E-02
0.13268995211259E+01     0.25897729210556E-02
0.13367179571515E+01     0.28908487875015E-02
0.13465363931771E+01     0.32096859067678E-02
0.13563548292027E+01     0.35456435289234E-02
0.13661732652283E+01     0.38978748489171E-02
0.13759917012539E+01     0.42653307318687E-02
0.13858101372796E+01     0.46467287465930E-02
0.13956285733052E+01     0.50405468791723E-02
0.14054470093308E+01     0.54448917508125E-02
0.14152654453564E+01     0.58564599603415E-02
0.14250838813820E+01     0.63067711889744E-02
0.14349023174076E+01     0.67092217504978E-02
0.14447207534332E+01     0.71356156840920E-02
0.14545391894588E+01     0.75623351149261E-02
0.14643576254844E+01     0.79861124977469E-02
0.14741760615101E+01     0.84040695801377E-02
0.14839944975357E+01     0.88133374229074E-02
0.14938129335613E+01     0.92111220583320E-02
0.15036313695869E+01     0.95946677029133E-02
0.15134498056125E+01     0.99613871425390E-02
0.15232682416381E+01     0.10308828204870E-01
0.15330866776637E+01     0.10605603456497E-01
0.15429051136893E+01     0.10821047239006E-01
0.15527235497150E+01     0.10963183827698E-01
0.15625419857406E+01     0.11039337143302E-01
0.15723604217662E+01     0.11056404560804E-01
0.15821788577918E+01     0.11021075770259E-01
0.15919972938174E+01     0.10940024629235E-01
0.16018157298430E+01     0.10819958522916E-01
0.16116341658686E+01     0.10667583905160E-01
0.16214526018942E+01     0.10489584878087E-01
0.16312710379199E+01     0.10292477905750E-01
0.16410894739455E+01     0.10082593187690E-01
0.16509079099711E+01     0.98658930510283E-02
0.16607263459967E+01     0.96480073407292E-02
0.16705447820223E+01     0.94340424984694E-02
0.16803632180479E+01     0.92286802828312E-02
0.16901816540735E+01     0.90360073372722E-02
0.17000000900991E+01     0.88596642017365E-02
0.17098185261247E+01     0.87026897817850E-02
0.17196369621504E+01     0.85677094757557E-02
0.17294553981760E+01     0.84567815065384E-02
0.17392738342016E+01     0.83716046065092E-02
0.17490922702272E+01     0.83133392035961E-02
0.17589107062528E+01     0.82828309386969E-02
0.17687291422784E+01     0.82803973928094E-02
0.17785475783040E+01     0.83060348406434E-02
0.17883660143296E+01     0.83591705188155E-02
0.17981844503553E+01     0.84388349205256E-02
0.18080028863809E+01     0.85433796048164E-02
0.18178213224065E+01     0.86706122383475E-02
0.18276397584321E+01     0.88175181299448E-02
0.18374581944577E+01     0.89803552255034E-02
0.18472766304833E+01     0.91543961316347E-02
0.18570950665089E+01     0.93340305611491E-02
0.18669135025345E+01     0.95125790685415E-02
0.18767319385602E+01     0.96824457868934E-02
0.18865503745858E+01     0.98350802436471E-02
0.18963688106114E+01     0.99612437188625E-02
0.19061872466370E+01     0.10051170364022E-01
0.19160056826626E+01     0.10094980709255E-01
0.19258241186882E+01     0.10083067230880E-01
0.19356425547138E+01     0.10006617754698E-01
0.19454609907394E+01     0.98581332713366E-02
0.19552794267650E+01     0.96319355070591E-02
0.19650978627907E+01     0.93246400356293E-02
0.19749162988163E+01     0.89354710653424E-02
0.19847347348419E+01     0.84741106256843E-02
0.19945531708675E+01     0.79844128340483E-02
0.20043716068931E+01     0.74769430793822E-02
0.20141900429187E+01     0.69570080377162E-02
0.20240084789443E+01     0.64301379024982E-02
0.20338269149699E+01     0.59019601903856E-02
0.20436453509956E+01     0.53779724985361E-02
0.20534637870212E+01     0.48634782433510E-02
0.20632822230468E+01     0.13246173039079E-01
0.20731006590724E+01     0.12101085856557E-01
0.20829190950980E+01     0.10983873158693E-01
0.20927375311236E+01     0.99013205617666E-02
0.21025559671492E+01     0.88599259033799E-02
0.21123744031748E+01     0.78656589612365E-02
0.21221928392005E+01     0.69236336275935E-02
0.21320112752261E+01     0.60382778756320E-02
0.21418297112517E+01     0.52131046541035E-02
0.21516481472773E+01     0.44508436694741E-02
0.21614665833029E+01     0.37533272989094E-02
0.21712850193285E+01     0.31215634662658E-02
0.21811034553541E+01     0.25557344779372E-02
0.21909218913797E+01     0.20552100613713E-02
0.22007403274054E+01     0.16186324646696E-02
0.22105587634310E+01     0.12438860721886E-02
0.22203771994566E+01     0.92822860460728E-03
0.22301956354822E+01     0.66824309760705E-03
0.22400140715078E+01     0.45997340930626E-03
0.22498325075334E+01     0.29888280550949E-03
0.22596509435590E+01     0.17996077076532E-03
0.22694693795846E+01     0.97700460173655E-04
0.22792878156102E+01     0.46160890633473E-04
0.22891062516359E+01     0.18956769054057E-04
0.22989246876615E+01     0.96281637524953E-05
0.23087431236871E+01     0.00000000000000E+00
0.23185615597127E+01     0.00000000000000E+00
0.23283799957383E+01     0.00000000000000E+00
