0.10716201844600E+01     0.00000000000000E+00
0.10814386204856E+01     0.00000000000000E+00
0.10912570565112E+01     0.00000000000000E+00
0.11010754925368E+01     0.33263473510742E+01
0.11108939285624E+01     0.30176959037781E+01
0.11207123645880E+01     0.28275036811829E+01
0.11305308006136E+01     0.26660292148590E+01
0.11403492366393E+01     0.25260956287384E+01
0.11501676726649E+01     0.24028615951538E+01
0.11599861086905E+01     0.22929224967957E+01
0.11698045447161E+01     0.21937975883484E+01
0.11796229807417E+01     0.21036317348480E+01
0.11894414167673E+01     0.20210011005402E+01
0.11992598527929E+01     0.19447940587997E+01
0.12090782888185E+01     0.18741253614426E+01
0.12188967248442E+01     0.18082821369171E+01
0.12287151608698E+01     0.17466799020767E+01
0.12385335968954E+01     0.16888369321823E+01
0.12483520329210E+01     0.16343489885330E+01
0.12581704689466E+01     0.15828764438629E+01
0.12679889049722E+01     0.15341295003891E+01
0.12778073409978E+01     0.14878603219986E+01
0.12876257770234E+01     0.14438542127609E+01
0.12974442130490E+01     0.14019247293472E+01
0.13072626490747E+01     0.13619090318680E+01
0.13170810851003E+01     0.13236629962921E+01
0.13268995211259E+01     0.12870593070984E+01
0.13367179571515E+01     0.12519840002060E+01
0.13465363931771E+01     0.12183350324631E+01
0.13563548292027E+01     0.11860202550888E+01
0.13661732652283E+01     0.11549556255341E+01
0.13759917012539E+01     0.11250625848770E+01
0.13858101372796E+01     0.10962671041489E+01
0.13956285733052E+01     0.10684916973114E+01
0.14054470093308E+01     0.10416331291199E+01
0.14152654453564E+01     0.10153278112411E+01
0.14250838813820E+01     0.99673676490784E+00
0.14349023174076E+01     0.96775412559509E+00
0.14447207534332E+01     0.94422286748886E+00
0.14545391894588E+01     0.92160534858704E+00
0.14643576254844E+01     0.89974629878998E+00
0.14741760615101E+01     0.87858557701111E+00
0.14839944975357E+01     0.85808336734772E+00
0.14938129335613E+01     0.83820682764053E+00
0.15036313695869E+01     0.81892877817154E+00
0.15134498056125E+01     0.80022507905960E+00
0.15232682416381E+01     0.78207570314407E+00
0.15330866776637E+01     0.76300966739655E+00
0.15429051136893E+01     0.74205970764160E+00
0.15527235497150E+01     0.72017651796341E+00
0.15625419857406E+01     0.69798165559769E+00
0.15723604217662E+01     0.67587256431580E+00
0.15821788577918E+01     0.65410947799683E+00
0.15919972938174E+01     0.63286417722702E+00
0.16018157298430E+01     0.61225891113281E+00
0.16116341658686E+01     0.59238153696060E+00
0.16214526018942E+01     0.57330399751663E+00
0.16312710379199E+01     0.55508351325989E+00
0.16410894739455E+01     0.53777337074280E+00
0.16509079099711E+01     0.52141845226288E+00
0.16607263459967E+01     0.50606334209442E+00
0.16705447820223E+01     0.49174544215202E+00
0.16803632180479E+01     0.47850224375725E+00
0.16901816540735E+01     0.46636363863945E+00
0.17000000900991E+01     0.45535904169083E+00
0.17098185261247E+01     0.44550955295563E+00
0.17196369621504E+01     0.43683519959450E+00
0.17294553981760E+01     0.42934679985046E+00
0.17392738342016E+01     0.42305362224579E+00
0.17490922702272E+01     0.41795477271080E+00
0.17589107062528E+01     0.41404703259468E+00
0.17687291422784E+01     0.41131639480591E+00
0.17785475783040E+01     0.40974542498589E+00
0.17883660143296E+01     0.40930441021919E+00
0.17981844503553E+01     0.40995845198631E+00
0.18080028863809E+01     0.41165816783905E+00
0.18178213224065E+01     0.41434615850449E+00
0.18276397584321E+01     0.41794821619987E+00
0.18374581944577E+01     0.42237883806229E+00
0.18472766304833E+01     0.42753297090530E+00
0.18570950665089E+01     0.43329134583473E+00
0.18669135025345E+01     0.43951308727264E+00
0.18767319385602E+01     0.44604155421257E+00
0.18865503745858E+01     0.45269936323166E+00
0.18963688106114E+01     0.45929524302483E+00
0.19061872466370E+01     0.46562194824219E+00
0.19160056826626E+01     0.47146528959274E+00
0.19258241186882E+01     0.47660514712334E+00
0.19356425547138E+01     0.48082533478737E+00
0.19454609907394E+01     0.48391619324684E+00
0.19552794267650E+01     0.48568269610405E+00
0.19650978627907E+01     0.48594453930855E+00
0.19749162988163E+01     0.48453778028488E+00
0.19847347348419E+01     0.48149290680885E+00
0.19945531708675E+01     0.47768333554268E+00
0.20043716068931E+01     0.47322705388069E+00
0.20141900429187E+01     0.46811959147453E+00
0.20240084789443E+01     0.46236231923103E+00
0.20338269149699E+01     0.45596337318420E+00
0.20436453509956E+01     0.44893380999565E+00
0.20534637870212E+01     0.44129005074501E+00
0.20632822230468E+01     0.19191067218781E+01
0.20731006590724E+01     0.19454905986786E+01
0.20829190950980E+01     0.19741511344910E+01
0.20927375311236E+01     0.20051598548889E+01
0.21025559671492E+01     0.20386545658112E+01
0.21123744031748E+01     0.20748038291931E+01
0.21221928392005E+01     0.21138148307800E+01
0.21320112752261E+01     0.21559395790100E+01
0.21418297112517E+01     0.22014822959900E+01
0.21516481472773E+01     0.22508118152618E+01
0.21614665833029E+01     0.23043720722198E+01
0.21712850193285E+01     0.23627028465271E+01
0.21811034553541E+01     0.24264576435089E+01
0.21909218913797E+01     0.24964420795441E+01
0.22007403274054E+01     0.25736455917358E+01
0.22105587634310E+01     0.26593167781830E+01
0.22203771994566E+01     0.27550303936005E+01
0.22301956354822E+01     0.28628413677216E+01
0.22400140715078E+01     0.29854516983032E+01
0.22498325075334E+01     0.31265585422516E+01
0.22596509435590E+01     0.32913382053375E+01
0.22694693795846E+01     0.34874041080475E+01
0.22792878156102E+01     0.37264926433563E+01
0.22891062516359E+01     0.40280733108521E+01
0.22989246876615E+01     0.46547613143921E+01
0.23087431236871E+01     0.00000000000000E+00
0.23185615597127E+01     0.00000000000000E+00
0.23283799957383E+01     0.00000000000000E+00
