0.10716201844600E+01     0.00000000000000E+00
0.10814386204856E+01     0.00000000000000E+00
0.10912570565112E+01     0.00000000000000E+00
0.11010754925368E+01     0.31580424308777E+01
0.11108939285624E+01     0.28415141105652E+01
0.11207123645880E+01     0.26418535709381E+01
0.11305308006136E+01     0.24713115692139E+01
0.11403492366393E+01     0.23227250576019E+01
0.11501676726649E+01     0.21912593841553E+01
0.11599861086905E+01     0.20735137462616E+01
0.11698045447161E+01     0.19670106172562E+01
0.11796229807417E+01     0.18698989152908E+01
0.11894414167673E+01     0.17807595729828E+01
0.11992598527929E+01     0.16984878778458E+01
0.12090782888185E+01     0.16222058534622E+01
0.12188967248442E+01     0.15512098073959E+01
0.12287151608698E+01     0.14849252700806E+01
0.12385335968954E+01     0.14228818416595E+01
0.12483520329210E+01     0.13646878004074E+01
0.12581704689466E+01     0.13100167512894E+01
0.12679889049722E+01     0.12585932016373E+01
0.12778073409978E+01     0.12101840972900E+01
0.12876257770234E+01     0.11645901203156E+01
0.12974442130490E+01     0.11216413974762E+01
0.13072626490747E+01     0.10811909437180E+01
0.13170810851003E+01     0.10431116819382E+01
0.13268995211259E+01     0.10072928667068E+01
0.13367179571515E+01     0.97363734245300E+00
0.13465363931771E+01     0.94205957651138E+00
0.13563548292027E+01     0.91248327493668E+00
0.13661732652283E+01     0.88483965396881E+00
0.13759917012539E+01     0.85906475782394E+00
0.13858101372796E+01     0.83509761095047E+00
0.13956285733052E+01     0.81287330389023E+00
0.14054470093308E+01     0.79230147600174E+00
0.14152654453564E+01     0.77305001020432E+00
0.14250838813820E+01     0.76170629262924E+00
0.14349023174076E+01     0.74161469936371E+00
0.14447207534332E+01     0.72734045982361E+00
0.14545391894588E+01     0.71469956636429E+00
0.14643576254844E+01     0.70353454351425E+00
0.14741760615101E+01     0.69377130270004E+00
0.14839944975357E+01     0.68534761667252E+00
0.14938129335613E+01     0.67820274829865E+00
0.15036313695869E+01     0.67227339744568E+00
0.15134498056125E+01     0.66749376058578E+00
0.15232682416381E+01     0.66379284858704E+00
0.15330866776637E+01     0.66026002168655E+00
0.15429051136893E+01     0.65647196769714E+00
0.15527235497150E+01     0.65311366319656E+00
0.15625419857406E+01     0.65055984258652E+00
0.15723604217662E+01     0.64897960424423E+00
0.15821788577918E+01     0.64841067790985E+00
0.15919972938174E+01     0.64881277084351E+00
0.16018157298430E+01     0.65009683370590E+00
0.16116341658686E+01     0.65214836597443E+00
0.16214526018942E+01     0.65483677387238E+00
0.16312710379199E+01     0.65802723169327E+00
0.16410894739455E+01     0.66158133745193E+00
0.16509079099711E+01     0.66536474227905E+00
0.16607263459967E+01     0.66924428939819E+00
0.16705447820223E+01     0.67309415340424E+00
0.16803632180479E+01     0.67679113149643E+00
0.16901816540735E+01     0.68022042512894E+00
0.17000000900991E+01     0.68327003717422E+00
0.17098185261247E+01     0.68583679199219E+00
0.17196369621504E+01     0.68781977891922E+00
0.17294553981760E+01     0.68912714719772E+00
0.17392738342016E+01     0.68966883420944E+00
0.17490922702272E+01     0.68936413526535E+00
0.17589107062528E+01     0.68813359737396E+00
0.17687291422784E+01     0.68590700626373E+00
0.17785475783040E+01     0.68261516094208E+00
0.17883660143296E+01     0.67819821834564E+00
0.17981844503553E+01     0.67259734869003E+00
0.18080028863809E+01     0.66576325893402E+00
0.18178213224065E+01     0.65764820575714E+00
0.18276397584321E+01     0.64821463823318E+00
0.18374581944577E+01     0.63742721080780E+00
0.18472766304833E+01     0.62526232004166E+00
0.18570950665089E+01     0.61170071363449E+00
0.18669135025345E+01     0.59673792123795E+00
0.18767319385602E+01     0.58037775754929E+00
0.18865503745858E+01     0.56264412403107E+00
0.18963688106114E+01     0.54357576370239E+00
0.19061872466370E+01     0.52323913574219E+00
0.19160056826626E+01     0.50172513723373E+00
0.19258241186882E+01     0.47916162014008E+00
0.19356425547138E+01     0.45571070909500E+00
0.19454609907394E+01     0.43157881498337E+00
0.19552794267650E+01     0.40701216459274E+00
0.19650978627907E+01     0.38230025768280E+00
0.19749162988163E+01     0.35776737332344E+00
0.19847347348419E+01     0.33363005518913E+00
0.19945531708675E+01     0.30945745110512E+00
0.20043716068931E+01     0.28529006242752E+00
0.20141900429187E+01     0.26126003265381E+00
0.20240084789443E+01     0.23749478161335E+00
0.20338269149699E+01     0.21411749720573E+00
0.20436453509956E+01     0.19124278426170E+00
0.20534637870212E+01     0.16897918283939E+00
0.20632822230468E+01     0.14511015415192E+01
0.20731006590724E+01     0.14542962312698E+01
0.20829190950980E+01     0.14613249301910E+01
0.20927375311236E+01     0.14722964763641E+01
0.21025559671492E+01     0.14874162673950E+01
0.21123744031748E+01     0.15069181919098E+01
0.21221928392005E+01     0.15310684442520E+01
0.21320112752261E+01     0.15601778030396E+01
0.21418297112517E+01     0.15946047306061E+01
0.21516481472773E+01     0.16347749233246E+01
0.21614665833029E+01     0.16811854839325E+01
0.21712850193285E+01     0.17344362735748E+01
0.21811034553541E+01     0.17952389717102E+01
0.21909218913797E+01     0.18644677400589E+01
0.22007403274054E+01     0.19431819915771E+01
0.22105587634310E+01     0.20327146053314E+01
0.22203771994566E+01     0.21347312927246E+01
0.22301956354822E+01     0.22513949871063E+01
0.22400140715078E+01     0.23855311870575E+01
0.22498325075334E+01     0.25409827232361E+01
0.22596509435590E+01     0.27230939865112E+01
0.22694693795846E+01     0.29396727085114E+01
0.22792878156102E+01     0.32026743888855E+01
0.22891062516359E+01     0.35317828655243E+01
0.22989246876615E+01     0.41778197288513E+01
0.23087431236871E+01     0.00000000000000E+00
0.23185615597127E+01     0.00000000000000E+00
0.23283799957383E+01     0.00000000000000E+00
