0.10716201844600E+01     0.00000000000000E+00
0.10814386204856E+01     0.00000000000000E+00
0.10912570565112E+01     0.00000000000000E+00
0.11010754925368E+01     0.71851086616516E+00
0.11108939285624E+01     0.12697676420212E+01
0.11207123645880E+01     0.26035468578339E+01
0.11305308006136E+01     0.52292089462280E+01
0.11403492366393E+01     0.97333507537842E+01
0.11501676726649E+01     0.16803916931152E+02
0.11599861086905E+01     0.27232915878296E+02
0.11698045447161E+01     0.41920066833496E+02
0.11796229807417E+01     0.61875720977783E+02
0.11894414167673E+01     0.88225013732910E+02
0.11992598527929E+01     0.12220996856689E+03
0.12090782888185E+01     0.16519340515137E+03
0.12188967248442E+01     0.21865921020508E+03
0.12287151608698E+01     0.28421520996094E+03
0.12385335968954E+01     0.36359042358398E+03
0.12483520329210E+01     0.45863574218750E+03
0.12581704689466E+01     0.57131774902344E+03
0.12679889049722E+01     0.70371472167969E+03
0.12778073409978E+01     0.85800659179688E+03
0.12876257770234E+01     0.10364650878906E+04
0.12974442130490E+01     0.12414384765625E+04
0.13072626490747E+01     0.14753331298828E+04
0.13170810851003E+01     0.17405937500000E+04
0.13268995211259E+01     0.20396756591797E+04
0.13367179571515E+01     0.23750190429688E+04
0.13465363931771E+01     0.27490100097656E+04
0.13563548292027E+01     0.31639511718750E+04
0.13661732652283E+01     0.36220126953125E+04
0.13759917012539E+01     0.41252075195313E+04
0.13858101372796E+01     0.46753408203125E+04
0.13956285733052E+01     0.52740302734375E+04
0.14054470093308E+01     0.59228359375000E+04
0.14152654453564E+01     0.66253164062500E+04
0.14250838813820E+01     0.73167875976563E+04
0.14349023174076E+01     0.81603730468750E+04
0.14447207534332E+01     0.90117109375000E+04
0.14545391894588E+01     0.99104082031250E+04
0.14643576254844E+01     0.10855811523438E+05
0.14741760615101E+01     0.11845885742188E+05
0.14839944975357E+01     0.12877795898438E+05
0.14938129335613E+01     0.13948149414063E+05
0.15036313695869E+01     0.15052889648438E+05
0.15134498056125E+01     0.16187508789063E+05
0.15232682416381E+01     0.17346904296875E+05
0.15330866776637E+01     0.18544820312500E+05
0.15429051136893E+01     0.19786906250000E+05
0.15527235497150E+01     0.21051919921875E+05
0.15625419857406E+01     0.22322652343750E+05
0.15723604217662E+01     0.23585552734375E+05
0.15821788577918E+01     0.24829589843750E+05
0.15919972938174E+01     0.26046041015625E+05
0.16018157298430E+01     0.27227634765625E+05
0.16116341658686E+01     0.28368617187500E+05
0.16214526018942E+01     0.29464033203125E+05
0.16312710379199E+01     0.30509953125000E+05
0.16410894739455E+01     0.31502804687500E+05
0.16509079099711E+01     0.32439691406250E+05
0.16607263459967E+01     0.33317757812500E+05
0.16705447820223E+01     0.34134578125000E+05
0.16803632180479E+01     0.34887566406250E+05
0.16901816540735E+01     0.35574421875000E+05
0.17000000900991E+01     0.36192566406250E+05
0.17098185261247E+01     0.36739671875000E+05
0.17196369621504E+01     0.37213113281250E+05
0.17294553981760E+01     0.37610582031250E+05
0.17392738342016E+01     0.37929550781250E+05
0.17490922702272E+01     0.38167949218750E+05
0.17589107062528E+01     0.38323652343750E+05
0.17687291422784E+01     0.38395171875000E+05
0.17785475783040E+01     0.38381132812500E+05
0.17883660143296E+01     0.38281011718750E+05
0.17981844503553E+01     0.38094605468750E+05
0.18080028863809E+01     0.37822726562500E+05
0.18178213224065E+01     0.37466640625000E+05
0.18276397584321E+01     0.37028718750000E+05
0.18374581944577E+01     0.36511816406250E+05
0.18472766304833E+01     0.35919835937500E+05
0.18570950665089E+01     0.35257066406250E+05
0.18669135025345E+01     0.34528632812500E+05
0.18767319385602E+01     0.33739781250000E+05
0.18865503745858E+01     0.32896230468750E+05
0.18963688106114E+01     0.32003398437500E+05
0.19061872466370E+01     0.31066683593750E+05
0.19160056826626E+01     0.30090738281250E+05
0.19258241186882E+01     0.29079699218750E+05
0.19356425547138E+01     0.28036619140625E+05
0.19454609907394E+01     0.26963787109375E+05
0.19552794267650E+01     0.25862439453125E+05
0.19650978627907E+01     0.24733289062500E+05
0.19749162988163E+01     0.23576619140625E+05
0.19847347348419E+01     0.22395720703125E+05
0.19945531708675E+01     0.21206955078125E+05
0.20043716068931E+01     0.20016900390625E+05
0.20141900429187E+01     0.18830048828125E+05
0.20240084789443E+01     0.17650771484375E+05
0.20338269149699E+01     0.16483408203125E+05
0.20436453509956E+01     0.15332165039063E+05
0.20534637870212E+01     0.14201253906250E+05
0.20632822230468E+01     0.20573361816406E+04
0.20731006590724E+01     0.18073208007813E+04
0.20829190950980E+01     0.15744688720703E+04
0.20927375311236E+01     0.13596905517578E+04
0.21025559671492E+01     0.11634005126953E+04
0.21123744031748E+01     0.98570104980469E+03
0.21221928392005E+01     0.82637817382813E+03
0.21320112752261E+01     0.68496704101563E+03
0.21418297112517E+01     0.56076953125000E+03
0.21516481472773E+01     0.45290560913086E+03
0.21614665833029E+01     0.36034497070313E+03
0.21712850193285E+01     0.28194329833984E+03
0.21811034553541E+01     0.21647972106934E+03
0.21909218913797E+01     0.16268103027344E+03
0.22007403274054E+01     0.11925870513916E+03
0.22105587634310E+01     0.84924636840820E+02
0.22203771994566E+01     0.58423633575439E+02
0.22301956354822E+01     0.38544162750244E+02
0.22400140715078E+01     0.24143669128418E+02
0.22498325075334E+01     0.14156968116760E+02
0.22596509435590E+01     0.76135454177856E+01
0.22694693795846E+01     0.36445033550262E+01
0.22792878156102E+01     0.14929710626602E+01
0.22891062516359E+01     0.51953929662704E+00
0.22989246876615E+01     0.19566179811954E+00
0.23087431236871E+01     0.00000000000000E+00
0.23185615597127E+01     0.00000000000000E+00
0.23283799957383E+01     0.00000000000000E+00
