0.10716201844600E+01     0.00000000000000E+00
0.10814386204856E+01     -.17015666235238E-02
0.10912570565112E+01     -.34006198402494E-02
0.11010754925368E+01     0.40184057434089E-03
0.11108939285624E+01     0.42417040094733E-02
0.11207123645880E+01     0.81205386668444E-02
0.11305308006136E+01     0.12039839290082E-01
0.11403492366393E+01     0.16000961884856E-01
0.11501676726649E+01     0.20005242899060E-01
0.11599861086905E+01     0.24053851142526E-01
0.11698045447161E+01     0.28147960081697E-01
0.11796229807417E+01     0.32288551330566E-01
0.11894414167673E+01     0.36476608365774E-01
0.11992598527929E+01     0.40712922811508E-01
0.12090782888185E+01     0.44998262077570E-01
0.12188967248442E+01     0.49333188682795E-01
0.12287151608698E+01     0.53718235343695E-01
0.12385335968954E+01     0.58153711259365E-01
0.12483520329210E+01     0.62639839947224E-01
0.12581704689466E+01     0.67176662385464E-01
0.12679889049722E+01     0.71764059364796E-01
0.12778073409978E+01     0.76401695609093E-01
0.12876257770234E+01     0.81089071929455E-01
0.12974442130490E+01     0.85825450718403E-01
0.13072626490747E+01     0.90609848499298E-01
0.13170810851003E+01     0.95441043376923E-01
0.13268995211259E+01     0.10031750053167E+00
0.13367179571515E+01     0.10523743182421E+00
0.13465363931771E+01     0.11019868403673E+00
0.13563548292027E+01     0.11519879102707E+00
0.13661732652283E+01     0.12023484706879E+00
0.13759917012539E+01     0.12530365586281E+00
0.13858101372796E+01     0.13040149211884E+00
0.13956285733052E+01     0.13552430272102E+00
0.14054470093308E+01     0.14066742360592E+00
0.14152654453564E+01     0.14582589268684E+00
0.14250838813820E+01     0.15099415183067E+00
0.14349023174076E+01     0.15616606175900E+00
0.14447207534332E+01     0.16133476793766E+00
0.14545391894588E+01     0.16649331152439E+00
0.14643576254844E+01     0.17163379490376E+00
0.14741760615101E+01     0.17674805223942E+00
0.14839944975357E+01     0.18182700872421E+00
0.14938129335613E+01     0.18686144053936E+00
0.15036313695869E+01     0.19184109568596E+00
0.15134498056125E+01     0.19675570726395E+00
0.15232682416381E+01     0.20159400999546E+00
0.15330866776637E+01     0.20634472370148E+00
0.15429051136893E+01     0.21099738776684E+00
0.15527235497150E+01     0.21554212272167E+00
0.15625419857406E+01     0.21996836364269E+00
0.15723604217662E+01     0.22426629066467E+00
0.15821788577918E+01     0.22842535376549E+00
0.15919972938174E+01     0.23243588209152E+00
0.16018157298430E+01     0.23628750443459E+00
0.16116341658686E+01     0.23997083306313E+00
0.16214526018942E+01     0.24347575008869E+00
0.16312710379199E+01     0.24679329991341E+00
0.16410894739455E+01     0.24991381168365E+00
0.16509079099711E+01     0.25282877683640E+00
0.16607263459967E+01     0.25552910566330E+00
0.16705447820223E+01     0.25800687074661E+00
0.16803632180479E+01     0.26025366783142E+00
0.16901816540735E+01     0.26226240396500E+00
0.17000000900991E+01     0.26402536034584E+00
0.17098185261247E+01     0.26553639769554E+00
0.17196369621504E+01     0.26678875088692E+00
0.17294553981760E+01     0.26777729392052E+00
0.17392738342016E+01     0.26849642395973E+00
0.17490922702272E+01     0.26894217729568E+00
0.17589107062528E+01     0.26911026239395E+00
0.17687291422784E+01     0.26899805665016E+00
0.17785475783040E+01     0.26860260963440E+00
0.17883660143296E+01     0.26792275905609E+00
0.17981844503553E+01     0.26695704460144E+00
0.18080028863809E+01     0.26570579409599E+00
0.18178213224065E+01     0.26416918635368E+00
0.18276397584321E+01     0.26234918832779E+00
0.18374581944577E+01     0.26024755835533E+00
0.18472766304833E+01     0.25786781311035E+00
0.18570950665089E+01     0.25521332025528E+00
0.18669135025345E+01     0.25228926539421E+00
0.18767319385602E+01     0.24910052120686E+00
0.18865503745858E+01     0.24565382301807E+00
0.18963688106114E+01     0.24195560812950E+00
0.19061872466370E+01     0.23801399767399E+00
0.19160056826626E+01     0.23383691906929E+00
0.19258241186882E+01     0.22943376004696E+00
0.19356425547138E+01     0.22481378912926E+00
0.19454609907394E+01     0.21998748183250E+00
0.19552794267650E+01     0.21496522426605E+00
0.19650978627907E+01     0.20975832641125E+00
0.19749162988163E+01     0.20437802374363E+00
0.19847347348419E+01     0.19883614778519E+00
0.19945531708675E+01     0.19314552843571E+00
0.20043716068931E+01     0.18731978535652E+00
0.20141900429187E+01     0.18137219548225E+00
0.20240084789443E+01     0.17531548440456E+00
0.20338269149699E+01     0.16916219890118E+00
0.20436453509956E+01     0.16292394697666E+00
0.20534637870212E+01     0.15661226212978E+00
0.20632822230468E+01     0.15023699402809E+00
0.20731006590724E+01     0.14381943643093E+00
0.20829190950980E+01     0.13737262785435E+00
0.20927375311236E+01     0.13090609014034E+00
0.21025559671492E+01     0.12442790716887E+00
0.21123744031748E+01     0.11794625222683E+00
0.21221928392005E+01     0.11146800965071E+00
0.21320112752261E+01     0.10500004142523E+00
0.21418297112517E+01     0.98548159003258E-01
0.21516481472773E+01     0.92117980122566E-01
0.21614665833029E+01     0.85714384913445E-01
0.21712850193285E+01     0.79341806471348E-01
0.21811034553541E+01     0.73004335165024E-01
0.21909218913797E+01     0.66705346107483E-01
0.22007403274054E+01     0.60448236763477E-01
0.22105587634310E+01     0.54235424846411E-01
0.22203771994566E+01     0.48069700598717E-01
0.22301956354822E+01     0.41952636092901E-01
0.22400140715078E+01     0.35886414349079E-01
0.22498325075334E+01     0.29871879145503E-01
0.22596509435590E+01     0.23910533636808E-01
0.22694693795846E+01     0.18002612516284E-01
0.22792878156102E+01     0.12148831039667E-01
0.22891062516359E+01     0.63489191234112E-02
0.22989246876615E+01     0.60277886223048E-03
0.23087431236871E+01     -.50902860239148E-02
0.23185615597127E+01     -.25492161512375E-02
0.23283799957383E+01     0.00000000000000E+00
