0.10716201844600E+01     0.00000000000000E+00
0.10814386204856E+01     -.17040799139068E-02
0.10912570565112E+01     -.34030394162983E-02
0.11010754925368E+01     0.39657158777118E-03
0.11108939285624E+01     0.42336070910096E-02
0.11207123645880E+01     0.81096077337861E-02
0.11305308006136E+01     0.12026011943817E-01
0.11403492366393E+01     0.15984224155545E-01
0.11501676726649E+01     0.19985500723124E-01
0.11599861086905E+01     0.24031095206738E-01
0.11698045447161E+01     0.28122074902058E-01
0.11796229807417E+01     0.32259523868561E-01
0.11894414167673E+01     0.36444321274757E-01
0.11992598527929E+01     0.40677346289158E-01
0.12090782888185E+01     0.44959273189306E-01
0.12188967248442E+01     0.49290750175715E-01
0.12287151608698E+01     0.53672224283218E-01
0.12385335968954E+01     0.58104064315557E-01
0.12483520329210E+01     0.62586449086666E-01
0.12581704689466E+01     0.67119441926479E-01
0.12679889049722E+01     0.71702890098095E-01
0.12778073409978E+01     0.76336480677128E-01
0.12876257770234E+01     0.81019707024097E-01
0.12974442130490E+01     0.85751816630363E-01
0.13072626490747E+01     0.90531840920448E-01
0.13170810851003E+01     0.95358528196812E-01
0.13268995211259E+01     0.10023038089275E+00
0.13367179571515E+01     0.10514556616545E+00
0.13465363931771E+01     0.11010196805000E+00
0.13563548292027E+01     0.11509706825018E+00
0.13661732652283E+01     0.12012804299593E+00
0.13759917012539E+01     0.12519158422947E+00
0.13858101372796E+01     0.13028408586979E+00
0.13956285733052E+01     0.13540138304234E+00
0.14054470093308E+01     0.14053894579411E+00
0.14152654453564E+01     0.14569166302681E+00
0.14250838813820E+01     0.15085425972939E+00
0.14349023174076E+01     0.15602029860020E+00
0.14447207534332E+01     0.16118307411671E+00
0.14545391894588E+01     0.16633552312851E+00
0.14643576254844E+01     0.17147003114223E+00
0.14741760615101E+01     0.17657811939716E+00
0.14839944975357E+01     0.18165108561516E+00
0.14938129335613E+01     0.18667930364609E+00
0.15036313695869E+01     0.19165302813053E+00
0.15134498056125E+01     0.19656148552895E+00
0.15232682416381E+01     0.20139399170876E+00
0.15330866776637E+01     0.20613873004913E+00
0.15429051136893E+01     0.21078576147556E+00
0.15527235497150E+01     0.21532459557056E+00
0.15625419857406E+01     0.21974535286427E+00
0.15723604217662E+01     0.22403751313686E+00
0.15821788577918E+01     0.22819128632545E+00
0.15919972938174E+01     0.23219621181488E+00
0.16018157298430E+01     0.23604276776314E+00
0.16116341658686E+01     0.23972070217133E+00
0.16214526018942E+01     0.24322083592415E+00
0.16312710379199E+01     0.24653324484825E+00
0.16410894739455E+01     0.24964925646782E+00
0.16509079099711E+01     0.25255939364433E+00
0.16607263459967E+01     0.25525555014610E+00
0.16705447820223E+01     0.25772884488106E+00
0.16803632180479E+01     0.25997185707092E+00
0.16901816540735E+01     0.26197648048401E+00
0.17000000900991E+01     0.26373609900475E+00
0.17098185261247E+01     0.26524347066879E+00
0.17196369621504E+01     0.26649296283722E+00
0.17294553981760E+01     0.26747834682465E+00
0.17392738342016E+01     0.26819509267807E+00
0.17490922702272E+01     0.26863822340965E+00
0.17589107062528E+01     0.26880449056625E+00
0.17687291422784E+01     0.26869019865990E+00
0.17785475783040E+01     0.26829352974892E+00
0.17883660143296E+01     0.26761218905449E+00
0.17981844503553E+01     0.26664581894875E+00
0.18080028863809E+01     0.26539373397827E+00
0.18178213224065E+01     0.26385712623596E+00
0.18276397584321E+01     0.26203688979149E+00
0.18374581944577E+01     0.25993585586548E+00
0.18472766304833E+01     0.25755655765533E+00
0.18570950665089E+01     0.25490331649780E+00
0.18669135025345E+01     0.25198027491570E+00
0.18767319385602E+01     0.24879339337349E+00
0.18865503745858E+01     0.24534836411476E+00
0.18963688106114E+01     0.24165259301662E+00
0.19061872466370E+01     0.23771326243877E+00
0.19160056826626E+01     0.23353917896748E+00
0.19258241186882E+01     0.22913891077042E+00
0.19356425547138E+01     0.22452244162560E+00
0.19454609907394E+01     0.21969960629940E+00
0.19552794267650E+01     0.21468131244183E+00
0.19650978627907E+01     0.20947840809822E+00
0.19749162988163E+01     0.20410248637199E+00
0.19847347348419E+01     0.19856509566307E+00
0.19945531708675E+01     0.19287925958633E+00
0.20043716068931E+01     0.18705855309963E+00
0.20141900429187E+01     0.18111611902714E+00
0.20240084789443E+01     0.17506486177444E+00
0.20338269149699E+01     0.16891695559025E+00
0.20436453509956E+01     0.16268444061279E+00
0.20534637870212E+01     0.15637826919556E+00
0.20632822230468E+01     0.15000893175602E+00
0.20731006590724E+01     0.14359696209431E+00
0.20829190950980E+01     0.13715612888336E+00
0.20927375311236E+01     0.13069513440132E+00
0.21025559671492E+01     0.12422280758619E+00
0.21123744031748E+01     0.11774658411741E+00
0.21221928392005E+01     0.11127395927906E+00
0.21320112752261E+01     0.10481124371290E+00
0.21418297112517E+01     0.98364673554897E-01
0.21516481472773E+01     0.91939553618431E-01
0.21614665833029E+01     0.85540898144245E-01
0.21712850193285E+01     0.79173170030117E-01
0.21811034553541E+01     0.72840258479118E-01
0.21909218913797E+01     0.66545903682709E-01
0.22007403274054E+01     0.60292977839708E-01
0.22105587634310E+01     0.54084587842226E-01
0.22203771994566E+01     0.47922704368830E-01
0.22301956354822E+01     0.41809841990471E-01
0.22400140715078E+01     0.35747185349464E-01
0.22498325075334E+01     0.29736611992121E-01
0.22596509435590E+01     0.23778636008501E-01
0.22694693795846E+01     0.17874384298921E-01
0.22792878156102E+01     0.12023773044348E-01
0.22891062516359E+01     0.62270308844745E-02
0.22989246876615E+01     0.48357210471295E-03
0.23087431236871E+01     -.52070133388042E-02
0.23185615597127E+01     -.26640433352441E-02
0.23283799957383E+01     0.00000000000000E+00
