0.10716201844600E+01     0.00000000000000E+00
0.10814386204856E+01     0.00000000000000E+00
0.10912570565112E+01     0.00000000000000E+00
0.11010754925368E+01     0.15378503750000E+07
0.11108939285624E+01     0.15117736250000E+07
0.11207123645880E+01     0.14864291250000E+07
0.11305308006136E+01     0.14617923750000E+07
0.11403492366393E+01     0.14378408750000E+07
0.11501676726649E+01     0.14145530000000E+07
0.11599861086905E+01     0.13919082500000E+07
0.11698045447161E+01     0.13698870000000E+07
0.11796229807417E+01     0.13484706250000E+07
0.11894414167673E+01     0.13276412500000E+07
0.11992598527929E+01     0.13073816250000E+07
0.12090782888185E+01     0.12876755000000E+07
0.12188967248442E+01     0.12685072500000E+07
0.12287151608698E+01     0.12498620000000E+07
0.12385335968954E+01     0.12317248750000E+07
0.12483520329210E+01     0.12140826250000E+07
0.12581704689466E+01     0.11969216250000E+07
0.12679889049722E+01     0.11802292500000E+07
0.12778073409978E+01     0.11639931250000E+07
0.12876257770234E+01     0.11482015000000E+07
0.12974442130490E+01     0.11328427500000E+07
0.13072626490747E+01     0.11179057500000E+07
0.13170810851003E+01     0.11033797500000E+07
0.13268995211259E+01     0.10892543750000E+07
0.13367179571515E+01     0.10755190000000E+07
0.13465363931771E+01     0.10621638750000E+07
0.13563548292027E+01     0.10491783750000E+07
0.13661732652283E+01     0.10365531250000E+07
0.13759917012539E+01     0.10242780000000E+07
0.13858101372796E+01     0.10123433125000E+07
0.13956285733052E+01     0.10007390625000E+07
0.14054470093308E+01     0.98945550000000E+06
0.14152654453564E+01     0.97848325000000E+06
0.14250838813820E+01     0.96780725000000E+06
0.14349023174076E+01     0.95742362500000E+06
0.14447207534332E+01     0.94731568750000E+06
0.14545391894588E+01     0.93747543750000E+06
0.14643576254844E+01     0.92789050000000E+06
0.14741760615101E+01     0.91854837500000E+06
0.14839944975357E+01     0.90943687500000E+06
0.14938129335613E+01     0.90054293750000E+06
0.15036313695869E+01     0.89185375000000E+06
0.15134498056125E+01     0.88335556250000E+06
0.15232682416381E+01     0.87503431250000E+06
0.15330866776637E+01     0.86687725000000E+06
0.15429051136893E+01     0.85887025000000E+06
0.15527235497150E+01     0.85100150000000E+06
0.15625419857406E+01     0.84325918750000E+06
0.15723604217662E+01     0.83563143750000E+06
0.15821788577918E+01     0.82810631250000E+06
0.15919972938174E+01     0.82067287500000E+06
0.16018157298430E+01     0.81331956250000E+06
0.16116341658686E+01     0.80603600000000E+06
0.16214526018942E+01     0.79881156250000E+06
0.16312710379199E+01     0.79163675000000E+06
0.16410894739455E+01     0.78450162500000E+06
0.16509079099711E+01     0.77739775000000E+06
0.16607263459967E+01     0.77031625000000E+06
0.16705447820223E+01     0.76324981250000E+06
0.16803632180479E+01     0.75619062500000E+06
0.16901816540735E+01     0.74913262500000E+06
0.17000000900991E+01     0.74206918750000E+06
0.17098185261247E+01     0.73499550000000E+06
0.17196369621504E+01     0.72790643750000E+06
0.17294553981760E+01     0.72079850000000E+06
0.17392738342016E+01     0.71366793750000E+06
0.17490922702272E+01     0.70651287500000E+06
0.17589107062528E+01     0.69933093750000E+06
0.17687291422784E+01     0.69212187500000E+06
0.17785475783040E+01     0.68488481250000E+06
0.17883660143296E+01     0.67762100000000E+06
0.17981844503553E+01     0.67033100000000E+06
0.18080028863809E+01     0.66301756250000E+06
0.18178213224065E+01     0.65568287500000E+06
0.18276397584321E+01     0.64833100000000E+06
0.18374581944577E+01     0.64096543750000E+06
0.18472766304833E+01     0.63359150000000E+06
0.18570950665089E+01     0.62621387500000E+06
0.18669135025345E+01     0.61883881250000E+06
0.18767319385602E+01     0.61147206250000E+06
0.18865503745858E+01     0.60412062500000E+06
0.18963688106114E+01     0.59679100000000E+06
0.19061872466370E+01     0.58949050000000E+06
0.19160056826626E+01     0.58222612500000E+06
0.19258241186882E+01     0.57500531250000E+06
0.19356425547138E+01     0.56783525000000E+06
0.19454609907394E+01     0.56072281250000E+06
0.19552794267650E+01     0.55367531250000E+06
0.19650978627907E+01     0.54669900000000E+06
0.19749162988163E+01     0.53980050000000E+06
0.19847347348419E+01     0.53298231250000E+06
0.19945531708675E+01     0.52625687500000E+06
0.20043716068931E+01     0.51962634375000E+06
0.20141900429187E+01     0.51309665625000E+06
0.20240084789443E+01     0.50667121875000E+06
0.20338269149699E+01     0.50035421875000E+06
0.20436453509956E+01     0.49414778125000E+06
0.20534637870212E+01     0.48805759375000E+06
0.20632822230468E+01     0.47874275000000E+06
0.20731006590724E+01     0.47288000000000E+06
0.20829190950980E+01     0.46711568750000E+06
0.20927375311236E+01     0.46147184375000E+06
0.21025559671492E+01     0.45594746875000E+06
0.21123744031748E+01     0.45054078125000E+06
0.21221928392005E+01     0.44525031250000E+06
0.21320112752261E+01     0.44007328125000E+06
0.21418297112517E+01     0.43500803125000E+06
0.21516481472773E+01     0.43005115625000E+06
0.21614665833029E+01     0.42520087500000E+06
0.21712850193285E+01     0.42045343750000E+06
0.21811034553541E+01     0.41580703125000E+06
0.21909218913797E+01     0.41125790625000E+06
0.22007403274054E+01     0.40680418750000E+06
0.22105587634310E+01     0.40244231250000E+06
0.22203771994566E+01     0.39817034375000E+06
0.22301956354822E+01     0.39398525000000E+06
0.22400140715078E+01     0.38988478125000E+06
0.22498325075334E+01     0.38586656250000E+06
0.22596509435590E+01     0.38192806250000E+06
0.22694693795846E+01     0.37806737500000E+06
0.22792878156102E+01     0.37428140625000E+06
0.22891062516359E+01     0.37056821875000E+06
0.22989246876615E+01     0.36692418750000E+06
0.23087431236871E+01     0.00000000000000E+00
0.23185615597127E+01     0.00000000000000E+00
0.23283799957383E+01     0.00000000000000E+00
