0.10716201844600E+01     0.00000000000000E+00
0.10814386204856E+01     0.00000000000000E+00
0.10912570565112E+01     0.00000000000000E+00
0.11010754925368E+01     -.15632891518180E-04
0.11108939285624E+01     -.18012500368059E-03
0.11207123645880E+01     -.32436990295537E-03
0.11305308006136E+01     -.45775121543556E-03
0.11403492366393E+01     -.54963090224192E-03
0.11501676726649E+01     -.62836648430675E-03
0.11599861086905E+01     -.65809697844088E-03
0.11698045447161E+01     -.67647383548319E-03
0.11796229807417E+01     -.65194431226701E-03
0.11894414167673E+01     -.62058743787929E-03
0.11992598527929E+01     -.56043540826067E-03
0.12090782888185E+01     -.49848406342790E-03
0.12188967248442E+01     -.42281669448130E-03
0.12287151608698E+01     -.34904674976133E-03
0.12385335968954E+01     -.27265230892226E-03
0.12483520329210E+01     -.19983871607110E-03
0.12581704689466E+01     -.12998442980461E-03
0.12679889049722E+01     -.63677049183752E-04
0.12778073409978E+01     -.15785360574228E-05
0.12876257770234E+01     0.58010980865220E-04
0.12974442130490E+01     0.11443795665400E-03
0.13072626490747E+01     0.16968071577139E-03
0.13170810851003E+01     0.22358077694662E-03
0.13268995211259E+01     0.27767516439781E-03
0.13367179571515E+01     0.33236303715967E-03
0.13465363931771E+01     0.38858491461724E-03
0.13563548292027E+01     0.44742753379978E-03
0.13661732652283E+01     0.50926447147504E-03
0.13759917012539E+01     0.57602126616985E-03
0.13858101372796E+01     0.64725853735581E-03
0.13956285733052E+01     0.72565092705190E-03
0.14054470093308E+01     0.80979673657566E-03
0.14152654453564E+01     0.90256944531575E-03
0.14250838813820E+01     0.10015687439591E-02
0.14349023174076E+01     0.11089369654655E-02
0.14447207534332E+01     0.12226992985234E-02
0.14545391894588E+01     0.13426661025733E-02
0.14643576254844E+01     0.14678243314847E-02
0.14741760615101E+01     0.15949939843267E-02
0.14839944975357E+01     0.17255898565054E-02
0.14938129335613E+01     0.18530341330916E-02
0.15036313695869E+01     0.19818784203380E-02
0.15134498056125E+01     0.21025566384196E-02
0.15232682416381E+01     0.22228313609958E-02
0.15330866776637E+01     0.23311746772379E-02
0.15429051136893E+01     0.24376658257097E-02
0.15527235497150E+01     0.25297270622104E-02
0.15625419857406E+01     0.26193116791546E-02
0.15723604217662E+01     0.26938577648252E-02
0.15821788577918E+01     0.27659039478749E-02
0.15919972938174E+01     0.28235279023647E-02
0.16018157298430E+01     0.28790791984648E-02
0.16116341658686E+01     0.29214958194643E-02
0.16214526018942E+01     0.29624900780618E-02
0.16312710379199E+01     0.29917894862592E-02
0.16410894739455E+01     0.30203559435904E-02
0.16509079099711E+01     0.30385064892471E-02
0.16607263459967E+01     0.30565259512514E-02
0.16705447820223E+01     0.30650617554784E-02
0.16803632180479E+01     0.30739433132112E-02
0.16901816540735E+01     0.30739209614694E-02
0.17000000900991E+01     0.30745824333280E-02
0.17098185261247E+01     0.30666259117424E-02
0.17196369621504E+01     0.30595834832639E-02
0.17294553981760E+01     0.30440096743405E-02
0.17392738342016E+01     0.30294817406684E-02
0.17490922702272E+01     0.30063751619309E-02
0.17589107062528E+01     0.29843719676137E-02
0.17687291422784E+01     0.29536359943450E-02
0.17785475783040E+01     0.29239852447063E-02
0.17883660143296E+01     0.28852946124971E-02
0.17981844503553E+01     0.28475713916123E-02
0.18080028863809E+01     0.28002127073705E-02
0.18178213224065E+01     0.27535478584468E-02
0.18276397584321E+01     0.26961124967784E-02
0.18374581944577E+01     0.26388524565846E-02
0.18472766304833E+01     0.25687813758850E-02
0.18570950665089E+01     0.24979982990772E-02
0.18669135025345E+01     0.24110639933497E-02
0.18767319385602E+01     0.23220567964017E-02
0.18865503745858E+01     0.22120659705251E-02
0.18963688106114E+01     0.20981708075851E-02
0.19061872466370E+01     0.19573988392949E-02
0.19160056826626E+01     0.18106823554263E-02
0.19258241186882E+01     0.16315832035616E-02
0.19356425547138E+01     0.14449120499194E-02
0.19454609907394E+01     0.12233674060553E-02
0.19552794267650E+01     0.99396472796798E-03
0.19650978627907E+01     0.73359697125852E-03
0.19749162988163E+01     0.46734962961636E-03
0.19847347348419E+01     0.18298167560715E-03
0.19945531708675E+01     -.10206799925072E-03
0.20043716068931E+01     -.38285707705654E-03
0.20141900429187E+01     -.65758929122239E-03
0.20240084789443E+01     -.90039992937818E-03
0.20338269149699E+01     -.11297917226329E-02
0.20436453509956E+01     -.13003153726459E-02
0.20534637870212E+01     -.14517171075568E-02
0.20632822230468E+01     -.15109296655282E-02
0.20731006590724E+01     -.15629300614819E-02
0.20829190950980E+01     -.15291143208742E-02
0.20927375311236E+01     -.14748817775398E-02
0.21025559671492E+01     -.13378747971728E-02
0.21123744031748E+01     -.11840295046568E-02
0.21221928392005E+01     -.95903931651264E-03
0.21320112752261E+01     -.72249304503202E-03
0.21418297112517E+01     -.43264488340355E-03
0.21516481472773E+01     -.13791517994832E-03
0.21614665833029E+01     0.18554028065410E-03
0.21712850193285E+01     0.50507450941950E-03
0.21811034553541E+01     0.81926706479862E-03
0.21909218913797E+01     0.11178537970409E-02
0.22007403274054E+01     0.13672268250957E-02
0.22105587634310E+01     0.15874452656135E-02
0.22203771994566E+01     0.17118840478361E-02
0.22301956354822E+01     0.17956786323339E-02
0.22400140715078E+01     0.17498204251751E-02
0.22498325075334E+01     0.16595725901425E-02
0.22596509435590E+01     0.14359772903845E-02
0.22694693795846E+01     0.11762756621465E-02
0.22792878156102E+01     0.81845052773133E-03
0.22891062516359E+01     0.44427349348553E-03
0.22989246876615E+01     0.38001737266313E-04
0.23087431236871E+01     0.00000000000000E+00
0.23185615597127E+01     0.00000000000000E+00
0.23283799957383E+01     0.00000000000000E+00
