0.10716201844600E+01     0.00000000000000E+00
0.10814386204856E+01     0.00000000000000E+00
0.10912570565112E+01     0.00000000000000E+00
0.11010754925368E+01     -.17464404663770E-04
0.11108939285624E+01     -.18034189997707E-03
0.11207123645880E+01     -.33532312954776E-03
0.11305308006136E+01     -.45704835793003E-03
0.11403492366393E+01     -.56606275029480E-03
0.11501676726649E+01     -.62642229022458E-03
0.11599861086905E+01     -.67391875199974E-03
0.11698045447161E+01     -.67282735835761E-03
0.11796229807417E+01     -.66251022508368E-03
0.11894414167673E+01     -.61535125132650E-03
0.11992598527929E+01     -.56422810303047E-03
0.12090782888185E+01     -.49234874313697E-03
0.12188967248442E+01     -.42111746734008E-03
0.12287151608698E+01     -.34293218050152E-03
0.12385335968954E+01     -.26805445668288E-03
0.12483520329210E+01     -.19448631792329E-03
0.12581704689466E+01     -.12484796752688E-03
0.12679889049722E+01     -.59487876569619E-04
0.12778073409978E+01     0.26959746719513E-05
0.12876257770234E+01     0.60973707149969E-04
0.12974442130490E+01     0.11735611769836E-03
0.13072626490747E+01     0.17147058679257E-03
0.13170810851003E+01     0.22507381800096E-03
0.13268995211259E+01     0.27830040198751E-03
0.13367179571515E+01     0.33236166927964E-03
0.13465363931771E+01     0.38795522414148E-03
0.13563548292027E+01     0.44573671766557E-03
0.13661732652283E+01     0.50727138295770E-03
0.13759917012539E+01     0.57249731617048E-03
0.13858101372796E+01     0.64392469357699E-03
0.13956285733052E+01     0.72050729067996E-03
0.14054470093308E+01     0.80540881026536E-03
0.14152654453564E+01     0.89654419571161E-03
0.14250838813820E+01     0.99664565641433E-03
0.14349023174076E+01     0.11033772025257E-02
0.14447207534332E+01     0.12181370984763E-02
0.14545391894588E+01     0.13388778315857E-02
0.14643576254844E+01     0.14642898458987E-02
0.14741760615101E+01     0.15941512538120E-02
0.14839944975357E+01     0.17236848361790E-02
0.14938129335613E+01     0.18556518480182E-02
0.15036313695869E+01     0.19818260334432E-02
0.15134498056125E+01     0.21084104664624E-02
0.15232682416381E+01     0.22244881838560E-02
0.15330866776637E+01     0.23394706659019E-02
0.15429051136893E+01     0.24406125303358E-02
0.15527235497150E+01     0.25394479744136E-02
0.15625419857406E+01     0.26230560615659E-02
0.15723604217662E+01     0.27040559798479E-02
0.15821788577918E+01     0.27699482161552E-02
0.15919972938174E+01     0.28335067909211E-02
0.16018157298430E+01     0.28830650262535E-02
0.16116341658686E+01     0.29308758676052E-02
0.16214526018942E+01     0.29661953449249E-02
0.16312710379199E+01     0.30004596337676E-02
0.16410894739455E+01     0.30236884485930E-02
0.16509079099711E+01     0.30465314630419E-02
0.16607263459967E+01     0.30594805721194E-02
0.16705447820223E+01     0.30725877732039E-02
0.16803632180479E+01     0.30765642877668E-02
0.16901816540735E+01     0.30811047181487E-02
0.17000000900991E+01     0.30769335571676E-02
0.17098185261247E+01     0.30736003536731E-02
0.17196369621504E+01     0.30617304146290E-02
0.17294553981760E+01     0.30508721247315E-02
0.17392738342016E+01     0.30314857140183E-02
0.17490922702272E+01     0.30132038518786E-02
0.17589107062528E+01     0.29862963128835E-02
0.17687291422784E+01     0.29605163726956E-02
0.17785475783040E+01     0.29259030707181E-02
0.17883660143296E+01     0.28923603240401E-02
0.17981844503553E+01     0.28495818842202E-02
0.18080028863809E+01     0.28077012393624E-02
0.18178213224065E+01     0.27558018919081E-02
0.18276397584321E+01     0.27044394519180E-02
0.18374581944577E+01     0.26415849570185E-02
0.18472766304833E+01     0.25786070618778E-02
0.18570950665089E+01     0.25015573482960E-02
0.18669135025345E+01     0.24232952855527E-02
0.18767319385602E+01     0.23269068915397E-02
0.18865503745858E+01     0.22277045063674E-02
0.18963688106114E+01     0.21048407070339E-02
0.19061872466370E+01     0.19771556835622E-02
0.19160056826626E+01     0.18196298042312E-02
0.19258241186882E+01     0.16552784945816E-02
0.19356425547138E+01     0.14563356526196E-02
0.19454609907394E+01     0.12493545655161E-02
0.19552794267650E+01     0.10076194303110E-02
0.19650978627907E+01     0.75851147994399E-03
0.19749162988163E+01     0.48250300460495E-03
0.19847347348419E+01     0.20242304890417E-03
0.19945531708675E+01     -.86460961028934E-04
0.20043716068931E+01     -.37298447568901E-03
0.20141900429187E+01     -.64252672018483E-03
0.20240084789443E+01     -.90214604279026E-03
0.20338269149699E+01     -.11158790439367E-02
0.20436453509956E+01     -.13127198908478E-02
0.20534637870212E+01     -.14390522846952E-02
0.20632822230468E+01     -.15302675310522E-02
0.20731006590724E+01     -.15514252008870E-02
0.20829190950980E+01     -.15508624492213E-02
0.20927375311236E+01     -.14641890302300E-02
0.21025559671492E+01     -.13582494575530E-02
0.21123744031748E+01     -.11741344351321E-02
0.21221928392005E+01     -.97534421365708E-03
0.21320112752261E+01     -.71323092561215E-03
0.21418297112517E+01     -.44227417674847E-03
0.21516481472773E+01     -.12850078928750E-03
0.21614665833029E+01     0.18673796148505E-03
0.21712850193285E+01     0.51624776097015E-03
0.21811034553541E+01     0.83707814337686E-03
0.21909218913797E+01     0.11326086241752E-02
0.22007403274054E+01     0.14062662376091E-02
0.22105587634310E+01     0.16064164228737E-02
0.22203771994566E+01     0.17708599334583E-02
0.22301956354822E+01     0.18169332761317E-02
0.22400140715078E+01     0.18181846244261E-02
0.22498325075334E+01     0.16784424660727E-02
0.22596509435590E+01     0.14954884536564E-02
0.22694693795846E+01     0.11870841262862E-02
0.22792878156102E+01     0.85044960724190E-03
0.22891062516359E+01     0.44383440399542E-03
0.22989246876615E+01     0.34472039260436E-04
0.23087431236871E+01     0.00000000000000E+00
0.23185615597127E+01     0.00000000000000E+00
0.23283799957383E+01     0.00000000000000E+00
