0.10716201844600E+01     0.66227730499785E+19
0.10814386204856E+01     0.66227730499785E+19
0.10912570565112E+01     0.66227730499785E+19
0.11010754925368E+01     0.86368177678084E+18
0.11108939285624E+01     0.19767549184128E+19
0.11207123645880E+01     0.27607843620258E+19
0.11305308006136E+01     0.35908598407816E+19
0.11403492366393E+01     0.44538148403764E+19
0.11501676726649E+01     0.53602989555591E+19
0.11599861086905E+01     0.63116673344109E+19
0.11698045447161E+01     0.73083779235248E+19
0.11796229807417E+01     0.83502394078774E+19
0.11894414167673E+01     0.94368037364805E+19
0.11992598527929E+01     0.10567455732578E+20
0.12090782888185E+01     0.11741526343346E+20
0.12188967248442E+01     0.12958247010154E+20
0.12287151608698E+01     0.14216813990004E+20
0.12385335968954E+01     0.15516328981896E+20
0.12483520329210E+01     0.16855822216573E+20
0.12581704689466E+01     0.18234202978502E+20
0.12679889049722E+01     0.19650280496589E+20
0.12778073409978E+01     0.21102717764695E+20
0.12876257770234E+01     0.22590044735774E+20
0.12974442130490E+01     0.24110625336523E+20
0.13072626490747E+01     0.25662643173734E+20
0.13170810851003E+01     0.27244103733313E+20
0.13268995211259E+01     0.28852818987121E+20
0.13367179571515E+01     0.30486405193950E+20
0.13465363931771E+01     0.32142236720032E+20
0.13563548292027E+01     0.33817507611693E+20
0.13661732652283E+01     0.35509189813910E+20
0.13759917012539E+01     0.37214118932218E+20
0.13858101372796E+01     0.38928996431735E+20
0.13956285733052E+01     0.40650633728739E+20
0.14054470093308E+01     0.42376691062487E+20
0.14152654453564E+01     0.44113690735954E+20
0.14250838813820E+01     0.45611995231125E+20
0.14349023174076E+01     0.47482537188855E+20
0.14447207534332E+01     0.49179699357025E+20
0.14545391894588E+01     0.50852500745570E+20
0.14643576254844E+01     0.52500668675606E+20
0.14741760615101E+01     0.54120904612251E+20
0.14839944975357E+01     0.55709360264806E+20
0.14938129335613E+01     0.57262306089830E+20
0.15036313695869E+01     0.58776030136068E+20
0.15134498056125E+01     0.60247172295986E+20
0.15232682416381E+01     0.61672548383909E+20
0.15330866776637E+01     0.63088587419089E+20
0.15429051136893E+01     0.64510216371385E+20
0.15527235497150E+01     0.65899831943127E+20
0.15625419857406E+01     0.67233473576921E+20
0.15723604217662E+01     0.68497269834073E+20
0.15821788577918E+01     0.69683933151513E+20
0.15919972938174E+01     0.70790837895474E+20
0.16018157298430E+01     0.71818173181956E+20
0.16116341658686E+01     0.72768186412727E+20
0.16214526018942E+01     0.73644136540251E+20
0.16312710379199E+01     0.74450043379038E+20
0.16410894739455E+01     0.75190041092811E+20
0.16509079099711E+01     0.75868378194497E+20
0.16607263459967E+01     0.76488898576749E+20
0.16705447820223E+01     0.77055252618170E+20
0.16803632180479E+01     0.77570474970853E+20
0.16901816540735E+01     0.78037239647076E+20
0.17000000900991E+01     0.78457534563863E+20
0.17098185261247E+01     0.78832960610144E+20
0.17196369621504E+01     0.79164485356151E+20
0.17294553981760E+01     0.79452759712768E+20
0.17392738342016E+01     0.79697889233111E+20
0.17490922702272E+01     0.79899838732808E+20
0.17589107062528E+01     0.80058194795487E+20
0.17687291422784E+01     0.80172552800868E+20
0.17785475783040E+01     0.80242358595092E+20
0.17883660143296E+01     0.80267233946159E+20
0.17981844503553E+01     0.80246862194720E+20
0.18080028863809E+01     0.80181313709518E+20
0.18178213224065E+01     0.80070887557718E+20
0.18276397584321E+01     0.79916392979876E+20
0.18374581944577E+01     0.79718973468085E+20
0.18472766304833E+01     0.79480344260486E+20
0.18570950665089E+01     0.79202493274100E+20
0.18669135025345E+01     0.78887927395440E+20
0.18767319385602E+01     0.78539206287574E+20
0.18865503745858E+01     0.78159074331527E+20
0.18963688106114E+01     0.77749924064599E+20
0.19061872466370E+01     0.77313734607720E+20
0.19160056826626E+01     0.76851473531124E+20
0.19258241186882E+01     0.76362929728578E+20
0.19356425547138E+01     0.75846124079151E+20
0.19454609907394E+01     0.75297142321449E+20
0.19552794267650E+01     0.74709800802077E+20
0.19650978627907E+01     0.74075804805315E+20
0.19749162988163E+01     0.73384845310142E+20
0.19847347348419E+01     0.72630597925674E+20
0.19945531708675E+01     0.71832035824559E+20
0.20043716068931E+01     0.70990808274241E+20
0.20141900429187E+01     0.70104725047556E+20
0.20240084789443E+01     0.69171472772039E+20
0.20338269149699E+01     0.68188702890854E+20
0.20436453509956E+01     0.67154075643256E+20
0.20534637870212E+01     0.66065422792316E+20
0.20632822230468E+01     0.21385010778057E+20
0.20731006590724E+01     0.20445293374169E+20
0.20829190950980E+01     0.19482022232191E+20
0.20927375311236E+01     0.18500589357145E+20
0.21025559671492E+01     0.17505524736938E+20
0.21123744031748E+01     0.16501335269732E+20
0.21221928392005E+01     0.15492333240131E+20
0.21320112752261E+01     0.14482718782554E+20
0.21418297112517E+01     0.13476528204185E+20
0.21516481472773E+01     0.12477627387909E+20
0.21614665833029E+01     0.11489775563980E+20
0.21712850193285E+01     0.10516517557887E+20
0.21811034553541E+01     0.95613652097680E+19
0.21909218913797E+01     0.86275840691583E+19
0.22007403274054E+01     0.77184858650806E+19
0.22105587634310E+01     0.68371041501158E+19
0.22203771994566E+01     0.59865906743450E+19
0.22301956354822E+01     0.51697926231283E+19
0.22400140715078E+01     0.43897094641864E+19
0.22498325075334E+01     0.36489822244490E+19
0.22596509435590E+01     0.29502596274276E+19
0.22694693795846E+01     0.22955368744097E+19
0.22792878156102E+01     0.16850362041830E+19
0.22891062516359E+01     0.11046317098292E+19
0.22989246876615E+01     0.43333869810536E+18
0.23087431236871E+01     0.66227730499785E+19
0.23185615597127E+01     0.66227730499785E+19
0.23283799957383E+01     0.66227730499785E+19
