0.10716201844600E+01     0.22154500456395E-07
0.10814386204856E+01     0.22154500456395E-07
0.10912570565112E+01     0.22154500456395E-07
0.11010754925368E+01     0.28808000429592E-08
0.11108939285624E+01     0.66075842575231E-08
0.11207123645880E+01     0.92270031615271E-08
0.11305308006136E+01     0.12001542870621E-07
0.11403492366393E+01     0.14885396915076E-07
0.11501676726649E+01     0.17914613792414E-07
0.11599861086905E+01     0.21093713442610E-07
0.11698045447161E+01     0.24424167577308E-07
0.11796229807417E+01     0.27905420196817E-07
0.11894414167673E+01     0.31535869027266E-07
0.11992598527929E+01     0.35313554747063E-07
0.12090782888185E+01     0.39236123683395E-07
0.12188967248442E+01     0.43301081831260E-07
0.12287151608698E+01     0.47505640310419E-07
0.12385335968954E+01     0.51846846815806E-07
0.12483520329210E+01     0.56321361796563E-07
0.12581704689466E+01     0.60925565037451E-07
0.12679889049722E+01     0.65655385128593E-07
0.12778073409978E+01     0.70506324334474E-07
0.12876257770234E+01     0.75473387539660E-07
0.12974442130490E+01     0.80550989878248E-07
0.13072626490747E+01     0.85732949628436E-07
0.13170810851003E+01     0.91012402947399E-07
0.13268995211259E+01     0.96381803871282E-07
0.13367179571515E+01     0.10183276089037E-06
0.13465363931771E+01     0.10735599431655E-06
0.13563548292027E+01     0.11294114443672E-06
0.13661732652283E+01     0.11857662940429E-06
0.13759917012539E+01     0.12424894180185E-06
0.13858101372796E+01     0.12994144071854E-06
0.13956285733052E+01     0.13562959111368E-06
0.14054470093308E+01     0.14126369762835E-06
0.14152654453564E+01     0.14665820913251E-06
0.14250838813820E+01     0.15049806734169E-06
0.14349023174076E+01     0.15925523655369E-06
0.14447207534332E+01     0.16469635966132E-06
0.14545391894588E+01     0.17019263509610E-06
0.14643576254844E+01     0.17565095333794E-06
0.14741760615101E+01     0.18103516197243E-06
0.14839944975357E+01     0.18632360365700E-06
0.14938129335613E+01     0.19149931063112E-06
0.15036313695869E+01     0.19654811467262E-06
0.15134498056125E+01     0.20145721180143E-06
0.15232682416381E+01     0.20621557439426E-06
0.15330866776637E+01     0.21093256918903E-06
0.15429051136893E+01     0.21567333874373E-06
0.15527235497150E+01     0.22031144908397E-06
0.15625419857406E+01     0.22476618255496E-06
0.15723604217662E+01     0.22898964857632E-06
0.15821788577918E+01     0.23295727658024E-06
0.15919972938174E+01     0.23665917581184E-06
0.16018157298430E+01     0.24009605681385E-06
0.16116341658686E+01     0.24327462710971E-06
0.16214526018942E+01     0.24620598537695E-06
0.16312710379199E+01     0.24890292138480E-06
0.16410894739455E+01     0.25137961756627E-06
0.16509079099711E+01     0.25364960265506E-06
0.16607263459967E+01     0.25572626327630E-06
0.16705447820223E+01     0.25762122390915E-06
0.16803632180479E+01     0.25934508585124E-06
0.16901816540735E+01     0.26090629035025E-06
0.17000000900991E+01     0.26231199967697E-06
0.17098185261247E+01     0.26356710236541E-06
0.17196369621504E+01     0.26467537850294E-06
0.17294553981760E+01     0.26563850497041E-06
0.17392738342016E+01     0.26645744810594E-06
0.17490922702272E+01     0.26713163947534E-06
0.17589107062528E+01     0.26766022642732E-06
0.17687291422784E+01     0.26804147523762E-06
0.17785475783040E+01     0.26827402166418E-06
0.17883660143296E+01     0.26835627409127E-06
0.17981844503553E+01     0.26828766408471E-06
0.18080028863809E+01     0.26806804953594E-06
0.18178213224065E+01     0.26769890837386E-06
0.18276397584321E+01     0.26718257117864E-06
0.18374581944577E+01     0.26652332962840E-06
0.18472766304833E+01     0.26572641331768E-06
0.18570950665089E+01     0.26479901293897E-06
0.18669135025345E+01     0.26374894446235E-06
0.18767319385602E+01     0.26258516072630E-06
0.18865503745858E+01     0.26131630193049E-06
0.18963688106114E+01     0.25995063879236E-06
0.19061872466370E+01     0.25849416829260E-06
0.19160056826626E+01     0.25695035787976E-06
0.19258241186882E+01     0.25531787173350E-06
0.19356425547138E+01     0.25359008759551E-06
0.19454609907394E+01     0.25175347673212E-06
0.19552794267650E+01     0.24978734813885E-06
0.19650978627907E+01     0.24766356432337E-06
0.19749162988163E+01     0.24534782028240E-06
0.19847347348419E+01     0.24282221033900E-06
0.19945531708675E+01     0.24015054123083E-06
0.20043716068931E+01     0.23733586829167E-06
0.20141900429187E+01     0.23437088714218E-06
0.20240084789443E+01     0.23124793813167E-06
0.20338269149699E+01     0.22795909160322E-06
0.20436453509956E+01     0.22449675896041E-06
0.20534637870212E+01     0.22085343687195E-06
0.20632822230468E+01     0.71441398574734E-07
0.20731006590724E+01     0.68297005384466E-07
0.20829190950980E+01     0.65074580390956E-07
0.20927375311236E+01     0.61791759264906E-07
0.21025559671492E+01     0.58463957230970E-07
0.21123744031748E+01     0.55105914498199E-07
0.21221928392005E+01     0.51732236272528E-07
0.21320112752261E+01     0.48356756821022E-07
0.21418297112517E+01     0.44993043957220E-07
0.21516481472773E+01     0.41653962057353E-07
0.21614665833029E+01     0.38352016673571E-07
0.21712850193285E+01     0.35099155581975E-07
0.21811034553541E+01     0.31906917996594E-07
0.21909218913797E+01     0.28786470096520E-07
0.22007403274054E+01     0.25748546406135E-07
0.22105587634310E+01     0.22803670063354E-07
0.22203771994566E+01     0.19961944985880E-07
0.22301956354822E+01     0.17233350746437E-07
0.22400140715078E+01     0.14627431710323E-07
0.22498325075334E+01     0.12153498651912E-07
0.22596509435590E+01     0.98199013365274E-08
0.22694693795846E+01     0.76337407506344E-08
0.22792878156102E+01     0.55952296129647E-08
0.22891062516359E+01     0.36560026117627E-08
0.22989246876615E+01     0.13663572495659E-08
0.23087431236871E+01     0.22154500456395E-07
0.23185615597127E+01     0.22154500456395E-07
0.23283799957383E+01     0.22154500456395E-07
