0.10716201844600E+01     0.00000000000000E+00
0.10814386204856E+01     0.00000000000000E+00
0.10912570565112E+01     0.00000000000000E+00
0.11010754925368E+01     0.51923365592957E+01
0.11108939285624E+01     0.40091719627380E+01
0.11207123645880E+01     0.58859453201294E+01
0.11305308006136E+01     0.90890989303589E+01
0.11403492366393E+01     0.13639971733093E+02
0.11501676726649E+01     0.19566123962402E+02
0.11599861086905E+01     0.26929811477661E+02
0.11698045447161E+01     0.35800102233887E+02
0.11796229807417E+01     0.46249240875244E+02
0.11894414167673E+01     0.58351242065430E+02
0.11992598527929E+01     0.72180427551270E+02
0.12090782888185E+01     0.87811508178711E+02
0.12188967248442E+01     0.10531853485107E+03
0.12287151608698E+01     0.12477520751953E+03
0.12385335968954E+01     0.14625366210938E+03
0.12483520329210E+01     0.16982484436035E+03
0.12581704689466E+01     0.19555737304688E+03
0.12679889049722E+01     0.22351731872559E+03
0.12778073409978E+01     0.25376721191406E+03
0.12876257770234E+01     0.28636560058594E+03
0.12974442130490E+01     0.32136605834961E+03
0.13072626490747E+01     0.35881616210938E+03
0.13170810851003E+01     0.39875686645508E+03
0.13268995211259E+01     0.44122091674805E+03
0.13367179571515E+01     0.48623269653320E+03
0.13465363931771E+01     0.53380603027344E+03
0.13563548292027E+01     0.58394433593750E+03
0.13661732652283E+01     0.63663787841797E+03
0.13759917012539E+01     0.69186499023438E+03
0.13858101372796E+01     0.74958929443359E+03
0.13956285733052E+01     0.80976422119141E+03
0.14054470093308E+01     0.87234027099609E+03
0.14152654453564E+01     0.93738177490234E+03
0.14250838813820E+01     0.10012088012695E+04
0.14349023174076E+01     0.10726533203125E+04
0.14447207534332E+01     0.11436802978516E+04
0.14545391894588E+01     0.12163610839844E+04
0.14643576254844E+01     0.12905675048828E+04
0.14741760615101E+01     0.13661103515625E+04
0.14839944975357E+01     0.14427684326172E+04
0.14938129335613E+01     0.15203060302734E+04
0.15036313695869E+01     0.15984642333984E+04
0.15134498056125E+01     0.16769750976563E+04
0.15232682416381E+01     0.17555505371094E+04
0.15330866776637E+01     0.18346579589844E+04
0.15429051136893E+01     0.19144000244141E+04
0.15527235497150E+01     0.19938417968750E+04
0.15625419857406E+01     0.20722565917969E+04
0.15723604217662E+01     0.21490971679688E+04
0.15821788577918E+01     0.22239250488281E+04
0.15919972938174E+01     0.22964020996094E+04
0.16018157298430E+01     0.23662402343750E+04
0.16116341658686E+01     0.24332116699219E+04
0.16214526018942E+01     0.24971079101563E+04
0.16312710379199E+01     0.25577602539063E+04
0.16410894739455E+01     0.26150026855469E+04
0.16509079099711E+01     0.26686967773438E+04
0.16607263459967E+01     0.27186958007813E+04
0.16705447820223E+01     0.27648754882813E+04
0.16803632180479E+01     0.28070974121094E+04
0.16901816540735E+01     0.28452419433594E+04
0.17000000900991E+01     0.28791745605469E+04
0.17098185261247E+01     0.29087785644531E+04
0.17196369621504E+01     0.29339240722656E+04
0.17294553981760E+01     0.29545024414063E+04
0.17392738342016E+01     0.29703945312500E+04
0.17490922702272E+01     0.29815095214844E+04
0.17589107062528E+01     0.29877509765625E+04
0.17687291422784E+01     0.29890566406250E+04
0.17785475783040E+01     0.29853647460938E+04
0.17883660143296E+01     0.29766542968750E+04
0.17981844503553E+01     0.29629118652344E+04
0.18080028863809E+01     0.29441701660156E+04
0.18178213224065E+01     0.29204743652344E+04
0.18276397584321E+01     0.28919184570313E+04
0.18374581944577E+01     0.28586105957031E+04
0.18472766304833E+01     0.28207065429688E+04
0.18570950665089E+01     0.27783732910156E+04
0.18669135025345E+01     0.27318200683594E+04
0.18767319385602E+01     0.26812607421875E+04
0.18865503745858E+01     0.26269389648438E+04
0.18963688106114E+01     0.25690905761719E+04
0.19061872466370E+01     0.25079653320313E+04
0.19160056826626E+01     0.24437902832031E+04
0.19258241186882E+01     0.23767888183594E+04
0.19356425547138E+01     0.23071484375000E+04
0.19454609907394E+01     0.22350417480469E+04
0.19552794267650E+01     0.21606040039063E+04
0.19650978627907E+01     0.20839570312500E+04
0.19749162988163E+01     0.20052033691406E+04
0.19847347348419E+01     0.19245476074219E+04
0.19945531708675E+01     0.18426524658203E+04
0.20043716068931E+01     0.17598593750000E+04
0.20141900429187E+01     0.16764377441406E+04
0.20240084789443E+01     0.15926485595703E+04
0.20338269149699E+01     0.15087520751953E+04
0.20436453509956E+01     0.14249982910156E+04
0.20534637870212E+01     0.13416391601563E+04
0.20632822230468E+01     0.60045306396484E+03
0.20731006590724E+01     0.55172814941406E+03
0.20829190950980E+01     0.50440960693359E+03
0.20927375311236E+01     0.45870959472656E+03
0.21025559671492E+01     0.41479870605469E+03
0.21123744031748E+01     0.37282873535156E+03
0.21221928392005E+01     0.33292413330078E+03
0.21320112752261E+01     0.29519082641602E+03
0.21418297112517E+01     0.25971057128906E+03
0.21516481472773E+01     0.22654733276367E+03
0.21614665833029E+01     0.19574478149414E+03
0.21712850193285E+01     0.16732972717285E+03
0.21811034553541E+01     0.14131250000000E+03
0.21909218913797E+01     0.11768767547607E+03
0.22007403274054E+01     0.96436454772949E+02
0.22105587634310E+01     0.77525543212891E+02
0.22203771994566E+01     0.60910514831543E+02
0.22301956354822E+01     0.46533824920654E+02
0.22400140715078E+01     0.34328178405762E+02
0.22498325075334E+01     0.24214849472046E+02
0.22596509435590E+01     0.16106826782227E+02
0.22694693795846E+01     0.99091711044312E+01
0.22792878156102E+01     0.55300035476685E+01
0.22891062516359E+01     0.29355139732361E+01
0.22989246876615E+01     0.28181352615356E+01
0.23087431236871E+01     0.00000000000000E+00
0.23185615597127E+01     0.00000000000000E+00
0.23283799957383E+01     0.00000000000000E+00
