0.10716201844600E+01     -.10000000000000E+01
0.10814386204856E+01     -.10000000000000E+01
0.10912570565112E+01     -.10000000000000E+01
0.11010754925368E+01     -.10000000000000E+01
0.11108939285624E+01     -.10000000000000E+01
0.11207123645880E+01     0.94831865280867E-02
0.11305308006136E+01     0.38120597600937E-02
0.11403492366393E+01     0.94486903399229E-02
0.11501676726649E+01     0.89522264897823E-02
0.11599861086905E+01     0.55596670135856E-02
0.11698045447161E+01     0.93915443867445E-02
0.11796229807417E+01     0.86963484063745E-02
0.11894414167673E+01     0.38126390427351E-02
0.11992598527929E+01     0.87307961657643E-02
0.12090782888185E+01     0.87469574064016E-02
0.12188967248442E+01     0.50403350032866E-02
0.12287151608698E+01     0.76502026058733E-02
0.12385335968954E+01     0.87539600208402E-02
0.12483520329210E+01     0.74722878634930E-02
0.12581704689466E+01     0.26309499517083E-02
0.12679889049722E+01     0.74099334888160E-02
0.12778073409978E+01     0.82505010068417E-02
0.12876257770234E+01     0.71032927371562E-02
0.12974442130490E+01     0.28909030370414E-02
0.13072626490747E+01     0.61837849207222E-02
0.13170810851003E+01     0.74577317573130E-02
0.13268995211259E+01     0.72967871092260E-02
0.13367179571515E+01     0.58906543999910E-02
0.13465363931771E+01     0.21770566236228E-02
0.13563548292027E+01     0.51883412525058E-02
0.13661732652283E+01     0.63598989509046E-02
0.13759917012539E+01     0.64980243332684E-02
0.13858101372796E+01     0.58645019307733E-02
0.13956285733052E+01     0.44204285368323E-02
0.14054470093308E+01     0.37335001979955E-03
0.14152654453564E+01     0.45893406495452E-02
0.14250838813820E+01     0.32888618297875E-02
0.14349023174076E+01     0.55134515278041E-02
0.14447207534332E+01     0.44893105514348E-02
0.14545391894588E+01     0.34764406736940E-02
0.14643576254844E+01     0.18411841010675E-02
0.14741760615101E+01     0.17533513018861E-02
0.14839944975357E+01     0.19324762979522E-02
0.14938129335613E+01     0.44796257861890E-03
0.15036313695869E+01     0.00000000000000E+00
0.15134498056125E+01     0.00000000000000E+00
0.15232682416381E+01     0.00000000000000E+00
0.15330866776637E+01     0.00000000000000E+00
0.15429051136893E+01     0.00000000000000E+00
0.15527235497150E+01     0.00000000000000E+00
0.15625419857406E+01     0.00000000000000E+00
0.15723604217662E+01     0.00000000000000E+00
0.15821788577918E+01     0.00000000000000E+00
0.15919972938174E+01     0.00000000000000E+00
0.16018157298430E+01     0.00000000000000E+00
0.16116341658686E+01     0.00000000000000E+00
0.16214526018942E+01     0.00000000000000E+00
0.16312710379199E+01     0.00000000000000E+00
0.16410894739455E+01     0.00000000000000E+00
0.16509079099711E+01     0.00000000000000E+00
0.16607263459967E+01     0.00000000000000E+00
0.16705447820223E+01     0.00000000000000E+00
0.16803632180479E+01     0.00000000000000E+00
0.16901816540735E+01     0.00000000000000E+00
0.17000000900991E+01     0.00000000000000E+00
0.17098185261247E+01     0.00000000000000E+00
0.17196369621504E+01     0.00000000000000E+00
0.17294553981760E+01     0.00000000000000E+00
0.17392738342016E+01     0.00000000000000E+00
0.17490922702272E+01     0.00000000000000E+00
0.17589107062528E+01     0.00000000000000E+00
0.17687291422784E+01     0.00000000000000E+00
0.17785475783040E+01     0.00000000000000E+00
0.17883660143296E+01     0.00000000000000E+00
0.17981844503553E+01     0.00000000000000E+00
0.18080028863809E+01     0.22929786145687E+00
0.18178213224065E+01     0.25124493241310E+00
0.18276397584321E+01     0.27175399661064E+00
0.18374581944577E+01     0.28975257277489E+00
0.18472766304833E+01     0.30752074718475E+00
0.18570950665089E+01     0.32384625077248E+00
0.18669135025345E+01     0.33920738101006E+00
0.18767319385602E+01     0.35381898283958E+00
0.18865503745858E+01     0.36771351099014E+00
0.18963688106114E+01     0.38093462586403E+00
0.19061872466370E+01     0.39371412992477E+00
0.19160056826626E+01     0.40591832995415E+00
0.19258241186882E+01     0.41767427325249E+00
0.19356425547138E+01     0.42903828620911E+00
0.19454609907394E+01     0.44004008173943E+00
0.19552794267650E+01     0.45063295960426E+00
0.19650978627907E+01     0.46089515089989E+00
0.19749162988163E+01     0.47083634138107E+00
0.19847347348419E+01     0.48046988248825E+00
0.19945531708675E+01     0.48982656002045E+00
0.20043716068931E+01     0.49893963336945E+00
0.20141900429187E+01     0.50782507658005E+00
0.20240084789443E+01     0.51649963855743E+00
0.20338269149699E+01     0.52498054504395E+00
0.20436453509956E+01     0.53328323364258E+00
0.20534637870212E+01     0.54142016172409E+00
0.20632822230468E+01     0.54418146610260E+00
0.20731006590724E+01     0.55264198780060E+00
0.20829190950980E+01     0.56095439195633E+00
0.20927375311236E+01     0.56910985708237E+00
0.21025559671492E+01     0.57711070775986E+00
0.21123744031748E+01     0.58496546745300E+00
0.21221928392005E+01     0.59268379211426E+00
0.21320112752261E+01     0.60028702020645E+00
0.21418297112517E+01     0.60777103900909E+00
0.21516481472773E+01     0.61513787508011E+00
0.21614665833029E+01     0.62239408493042E+00
0.21712850193285E+01     0.62957251071930E+00
0.21811034553541E+01     0.63664668798447E+00
0.21909218913797E+01     0.64362245798111E+00
0.22007403274054E+01     0.65052616596222E+00
0.22105587634310E+01     0.65733557939529E+00
0.22203771994566E+01     0.66405934095383E+00
0.22301956354822E+01     0.67071145772934E+00
0.22400140715078E+01     0.67727208137512E+00
0.22498325075334E+01     0.68376976251602E+00
0.22596509435590E+01     0.69017630815506E+00
0.22694693795846E+01     0.69651657342911E+00
0.22792878156102E+01     0.70276707410812E+00
0.22891062516359E+01     0.70896565914154E+00
0.22989246876615E+01     -.10000000000000E+01
0.23087431236871E+01     -.10000000000000E+01
0.23185615597127E+01     -.10000000000000E+01
0.23283799957383E+01     -.10000000000000E+01
