0.10716201844600E+01     0.00000000000000E+00
0.10814386204856E+01     0.00000000000000E+00
0.10912570565112E+01     0.00000000000000E+00
0.11010754925368E+01     0.12175306640625E+05
0.11108939285624E+01     0.97996494140625E+04
0.11207123645880E+01     0.11236100585938E+05
0.11305308006136E+01     0.13299332031250E+05
0.11403492366393E+01     0.15597389648438E+05
0.11501676726649E+01     0.17957427734375E+05
0.11599861086905E+01     0.20318937500000E+05
0.11698045447161E+01     0.22657751953125E+05
0.11796229807417E+01     0.24964455078125E+05
0.11894414167673E+01     0.27235765625000E+05
0.11992598527929E+01     0.29470828125000E+05
0.12090782888185E+01     0.31669757812500E+05
0.12188967248442E+01     0.33832750000000E+05
0.12287151608698E+01     0.35959882812500E+05
0.12385335968954E+01     0.38050742187500E+05
0.12483520329210E+01     0.40104628906250E+05
0.12581704689466E+01     0.42120187500000E+05
0.12679889049722E+01     0.44095652343750E+05
0.12778073409978E+01     0.46028667968750E+05
0.12876257770234E+01     0.47916445312500E+05
0.12974442130490E+01     0.49755503906250E+05
0.13072626490747E+01     0.51541945312500E+05
0.13170810851003E+01     0.53271257812500E+05
0.13268995211259E+01     0.54938476562500E+05
0.13367179571515E+01     0.56538007812500E+05
0.13465363931771E+01     0.58063773437500E+05
0.13563548292027E+01     0.59509050781250E+05
0.13661732652283E+01     0.60866777343750E+05
0.13759917012539E+01     0.62129222656250E+05
0.13858101372796E+01     0.63288230468750E+05
0.13956285733052E+01     0.64334718750000E+05
0.14054470093308E+01     0.65257914062500E+05
0.14152654453564E+01     0.66033937500000E+05
0.14250838813820E+01     0.67013554687500E+05
0.14349023174076E+01     0.67282992187500E+05
0.14447207534332E+01     0.67629382812500E+05
0.14545391894588E+01     0.67819429687500E+05
0.14643576254844E+01     0.67838234375000E+05
0.14741760615101E+01     0.67676226562500E+05
0.14839944975357E+01     0.67325851562500E+05
0.14938129335613E+01     0.66780281250000E+05
0.15036313695869E+01     0.66034250000000E+05
0.15134498056125E+01     0.65083312500000E+05
0.15232682416381E+01     0.63924585937500E+05
0.15330866776637E+01     0.62462796875000E+05
0.15429051136893E+01     0.60639789062500E+05
0.15527235497150E+01     0.58530628906250E+05
0.15625419857406E+01     0.56193062500000E+05
0.15723604217662E+01     0.53671773437500E+05
0.15821788577918E+01     0.51003796875000E+05
0.15919972938174E+01     0.48220480468750E+05
0.16018157298430E+01     0.45349730468750E+05
0.16116341658686E+01     0.42416085937500E+05
0.16214526018942E+01     0.39442074218750E+05
0.16312710379199E+01     0.36447527343750E+05
0.16410894739455E+01     0.33450113281250E+05
0.16509079099711E+01     0.30464800781250E+05
0.16607263459967E+01     0.27504464843750E+05
0.16705447820223E+01     0.24579031250000E+05
0.16803632180479E+01     0.21696121093750E+05
0.16901816540735E+01     0.18860443359375E+05
0.17000000900991E+01     0.16074322265625E+05
0.17098185261247E+01     0.13337584960938E+05
0.17196369621504E+01     0.10647962890625E+05
0.17294553981760E+01     0.80011127929688E+04
0.17392738342016E+01     0.53914208984375E+04
0.17490922702272E+01     0.28116899414063E+04
0.17589107062528E+01     0.25379861450195E+03
0.17687291422784E+01     0.22909699707031E+04
0.17785475783040E+01     0.48313242187500E+04
0.17883660143296E+01     0.73754194335938E+04
0.17981844503553E+01     0.99303398437500E+04
0.18080028863809E+01     0.12501392578125E+05
0.18178213224065E+01     0.15092026367188E+05
0.18276397584321E+01     0.17702914062500E+05
0.18374581944577E+01     0.20331640625000E+05
0.18472766304833E+01     0.22971890625000E+05
0.18570950665089E+01     0.25613257812500E+05
0.18669135025345E+01     0.28240492187500E+05
0.18767319385602E+01     0.30833875000000E+05
0.18865503745858E+01     0.33368726562500E+05
0.18963688106114E+01     0.35816175781250E+05
0.19061872466370E+01     0.38142785156250E+05
0.19160056826626E+01     0.40312578125000E+05
0.19258241186882E+01     0.42287042968750E+05
0.19356425547138E+01     0.44027546875000E+05
0.19454609907394E+01     0.45495671875000E+05
0.19552794267650E+01     0.46656328125000E+05
0.19650978627907E+01     0.47477339843750E+05
0.19749162988163E+01     0.47932257812500E+05
0.19847347348419E+01     0.48014539062500E+05
0.19945531708675E+01     0.47812785156250E+05
0.20043716068931E+01     0.47347160156250E+05
0.20141900429187E+01     0.46632152343750E+05
0.20240084789443E+01     0.45683718750000E+05
0.20338269149699E+01     0.44521011718750E+05
0.20436453509956E+01     0.43163945312500E+05
0.20534637870212E+01     0.41635945312500E+05
0.20632822230468E+01     0.12120207031250E+06
0.20731006590724E+01     0.11857553906250E+06
0.20829190950980E+01     0.11562146875000E+06
0.20927375311236E+01     0.11239405468750E+06
0.21025559671492E+01     0.10891589062500E+06
0.21123744031748E+01     0.10520842968750E+06
0.21221928392005E+01     0.10129273437500E+06
0.21320112752261E+01     0.97187648437500E+05
0.21418297112517E+01     0.92911882812500E+05
0.21516481472773E+01     0.88481015625000E+05
0.21614665833029E+01     0.83910531250000E+05
0.21712850193285E+01     0.79212218750000E+05
0.21811034553541E+01     0.74397585937500E+05
0.21909218913797E+01     0.69474125000000E+05
0.22007403274054E+01     0.64448773437500E+05
0.22105587634310E+01     0.59324367187500E+05
0.22203771994566E+01     0.54102777343750E+05
0.22301956354822E+01     0.48782488281250E+05
0.22400140715078E+01     0.43361433593750E+05
0.22498325075334E+01     0.37838464843750E+05
0.22596509435590E+01     0.32222044921875E+05
0.22694693795846E+01     0.26556066406250E+05
0.22792878156102E+01     0.21018832031250E+05
0.22891062516359E+01     0.16411666015625E+05
0.22989246876615E+01     0.18422171875000E+05
0.23087431236871E+01     0.00000000000000E+00
0.23185615597127E+01     0.00000000000000E+00
0.23283799957383E+01     0.00000000000000E+00
