0.10716201844600E+01     0.00000000000000E+00
0.10814386204856E+01     0.00000000000000E+00
0.10912570565112E+01     0.00000000000000E+00
0.11010754925368E+01     -.57994196250855E-10
0.11108939285624E+01     -.22376435773741E-10
0.11207123645880E+01     -.12992822963354E-10
0.11305308006136E+01     -.69172948619078E-11
0.11403492366393E+01     0.00000000000000E+00
0.11501676726649E+01     0.00000000000000E+00
0.11599861086905E+01     0.00000000000000E+00
0.11698045447161E+01     0.00000000000000E+00
0.11796229807417E+01     0.00000000000000E+00
0.11894414167673E+01     0.00000000000000E+00
0.11992598527929E+01     0.00000000000000E+00
0.12090782888185E+01     0.00000000000000E+00
0.12188967248442E+01     0.00000000000000E+00
0.12287151608698E+01     0.00000000000000E+00
0.12385335968954E+01     0.00000000000000E+00
0.12483520329210E+01     0.00000000000000E+00
0.12581704689466E+01     0.60548142888361E-10
0.12679889049722E+01     0.00000000000000E+00
0.12778073409978E+01     0.00000000000000E+00
0.12876257770234E+01     0.66690895861310E-10
0.12974442130490E+01     0.68544829534556E-10
0.13072626490747E+01     0.70305747335020E-10
0.13170810851003E+01     0.35987754443134E-10
0.13268995211259E+01     0.73555703195005E-10
0.13367179571515E+01     0.00000000000000E+00
0.13465363931771E+01     0.76452691399886E-10
0.13563548292027E+01     0.77771608597566E-10
0.13661732652283E+01     0.00000000000000E+00
0.13759917012539E+01     0.00000000000000E+00
0.13858101372796E+01     0.00000000000000E+00
0.13956285733052E+01     0.00000000000000E+00
0.14054470093308E+01     0.00000000000000E+00
0.14152654453564E+01     0.00000000000000E+00
0.14250838813820E+01     0.00000000000000E+00
0.14349023174076E+01     0.00000000000000E+00
0.14447207534332E+01     0.00000000000000E+00
0.14545391894588E+01     -.86370223473242E-10
0.14643576254844E+01     -.86767246165742E-10
0.14741760615101E+01     -.26124732932509E-09
0.14839944975357E+01     -.34926211922581E-09
0.14938129335613E+01     -.43733408561231E-09
0.15036313695869E+01     -.61275828855401E-09
0.15134498056125E+01     -.70021466402892E-09
0.15232682416381E+01     -.10492554602948E-08
0.15330866776637E+01     -.14811265547365E-08
0.15429051136893E+01     -.19024861686034E-08
0.15527235497150E+01     -.23961155282137E-08
0.15625419857406E+01     -.30413556117992E-08
0.15723604217662E+01     -.36625922295030E-08
0.15821788577918E+01     -.45855959029950E-08
0.15919972938174E+01     -.53093325291798E-08
0.16018157298430E+01     -.61573715015584E-08
0.16116341658686E+01     -.69655587964235E-08
0.16214526018942E+01     -.80376549860262E-08
0.16312710379199E+01     -.89104634781734E-08
0.16410894739455E+01     -.10031605768290E-07
0.16509079099711E+01     -.11100875774162E-07
0.16607263459967E+01     -.11704382352207E-07
0.16705447820223E+01     -.12418773565059E-07
0.16803632180479E+01     -.12705439367267E-07
0.16901816540735E+01     -.13248691033141E-07
0.17000000900991E+01     -.13136817855752E-07
0.17098185261247E+01     -.13294124912022E-07
0.17196369621504E+01     -.13212467564472E-07
0.17294553981760E+01     -.12905524648943E-07
0.17392738342016E+01     -.12505408264474E-07
0.17490922702272E+01     -.11895561868869E-07
0.17589107062528E+01     -.11080856232581E-07
0.17687291422784E+01     -.10299551433945E-07
0.17785475783040E+01     -.95468966065937E-08
0.17883660143296E+01     -.84651805565272E-08
0.17981844503553E+01     -.76375492596981E-08
0.18080028863809E+01     -.68226766458679E-08
0.18178213224065E+01     -.58973110839133E-08
0.18276397584321E+01     -.49734936169443E-08
0.18374581944577E+01     -.41654710791761E-08
0.18472766304833E+01     -.34713523167085E-08
0.18570950665089E+01     -.28906130822293E-08
0.18669135025345E+01     -.24238029361356E-08
0.18767319385602E+01     -.19503594295145E-08
0.18865503745858E+01     -.14701435624431E-08
0.18963688106114E+01     -.11068127525604E-08
0.19061872466370E+01     -.73945771728035E-09
0.19160056826626E+01     -.61623667280131E-09
0.19258241186882E+01     -.36881395160115E-09
0.19356425547138E+01     -.24452848079726E-09
0.19454609907394E+01     -.24236126994204E-09
0.19552794267650E+01     -.11964837454137E-09
0.19650978627907E+01     0.00000000000000E+00
0.19749162988163E+01     -.57560494565179E-10
0.19847347348419E+01     -.56066370296426E-10
0.19945531708675E+01     0.00000000000000E+00
0.20043716068931E+01     0.00000000000000E+00
0.20141900429187E+01     0.00000000000000E+00
0.20240084789443E+01     0.00000000000000E+00
0.20338269149699E+01     0.00000000000000E+00
0.20436453509956E+01     0.00000000000000E+00
0.20534637870212E+01     0.00000000000000E+00
0.20632822230468E+01     0.12426519535591E-09
0.20731006590724E+01     0.12089623746547E-09
0.20829190950980E+01     0.11743728212110E-09
0.20927375311236E+01     0.11388242432409E-09
0.21025559671492E+01     0.11022943668948E-09
0.21123744031748E+01     0.21295350205452E-09
0.21221928392005E+01     0.20524446031622E-09
0.21320112752261E+01     0.98664215686384E-10
0.21418297112517E+01     0.47300087457902E-10
0.21516481472773E+01     0.45213860433435E-10
0.21614665833029E+01     0.86143314703691E-10
0.21712850193285E+01     0.40871535322839E-10
0.21811034553541E+01     0.38610843688947E-10
0.21909218913797E+01     0.36286435661781E-10
0.22007403274054E+01     0.33894321377348E-10
0.22105587634310E+01     0.00000000000000E+00
0.22203771994566E+01     0.14443371845752E-10
0.22301956354822E+01     0.00000000000000E+00
0.22400140715078E+01     0.00000000000000E+00
0.22498325075334E+01     0.00000000000000E+00
0.22596509435590E+01     0.00000000000000E+00
0.22694693795846E+01     -.37017706608355E-11
0.22792878156102E+01     -.29570657988226E-11
0.22891062516359E+01     -.29130311444275E-11
0.22989246876615E+01     -.33004331147397E-12
0.23087431236871E+01     0.00000000000000E+00
0.23185615597127E+01     0.00000000000000E+00
0.23283799957383E+01     0.00000000000000E+00
