0.10716201844600E+01     0.00000000000000E+00
0.10814386204856E+01     -.14924155548215E-02
0.10912570565112E+01     -.29825319070369E-02
0.11010754925368E+01     0.35242145531811E-03
0.11108939285624E+01     0.37202134262770E-02
0.11207123645880E+01     0.71218004450202E-02
0.11305308006136E+01     0.10558147914708E-01
0.11403492366393E+01     0.14030166901648E-01
0.11501676726649E+01     0.17538812011480E-01
0.11599861086905E+01     0.21084947511554E-01
0.11698045447161E+01     0.24669490754604E-01
0.11796229807417E+01     0.28293240815401E-01
0.11894414167673E+01     0.31957056373358E-01
0.11992598527929E+01     0.35661645233631E-01
0.12090782888185E+01     0.39407759904861E-01
0.12188967248442E+01     0.43196003884077E-01
0.12287151608698E+01     0.47026984393597E-01
0.12385335968954E+01     0.50901155918837E-01
0.12483520329210E+01     0.54818939417601E-01
0.12581704689466E+01     0.58780606836081E-01
0.12679889049722E+01     0.62786348164082E-01
0.12778073409978E+01     0.66836185753346E-01
0.12876257770234E+01     0.70930041372776E-01
0.12974442130490E+01     0.75067661702633E-01
0.13072626490747E+01     0.79248607158661E-01
0.13170810851003E+01     0.83472289144993E-01
0.13268995211259E+01     0.87737880647182E-01
0.13367179571515E+01     0.92044383287430E-01
0.13465363931771E+01     0.96390485763550E-01
0.13563548292027E+01     0.10077471286058E+00
0.13661732652283E+01     0.10519525408745E+00
0.13759917012539E+01     0.10965006053448E+00
0.13858101372796E+01     0.11413669586182E+00
0.13956285733052E+01     0.11865250021219E+00
0.14054470093308E+01     0.12319433689117E+00
0.14152654453564E+01     0.12775886058807E+00
0.14250838813820E+01     0.13234214484692E+00
0.14349023174076E+01     0.13694010674953E+00
0.14447207534332E+01     0.14154796302319E+00
0.14545391894588E+01     0.14616078138351E+00
0.14643576254844E+01     0.15077285468578E+00
0.14741760615101E+01     0.15537835657597E+00
0.14839944975357E+01     0.15997061133385E+00
0.14938129335613E+01     0.16454288363457E+00
0.15036313695869E+01     0.16908748447895E+00
0.15134498056125E+01     0.17359672486782E+00
0.15232682416381E+01     0.17806191742420E+00
0.15330866776637E+01     0.18247446417809E+00
0.15429051136893E+01     0.18682463467121E+00
0.15527235497150E+01     0.19110296666622E+00
0.15625419857406E+01     0.19529883563519E+00
0.15723604217662E+01     0.19940198957920E+00
0.15821788577918E+01     0.20340104401112E+00
0.15919972938174E+01     0.20728509128094E+00
0.16018157298430E+01     0.21104213595390E+00
0.16116341658686E+01     0.21466088294983E+00
0.16214526018942E+01     0.21812894940376E+00
0.16312710379199E+01     0.22143492102623E+00
0.16410894739455E+01     0.22456634044647E+00
0.16509079099711E+01     0.22751197218895E+00
0.16607263459967E+01     0.23025967180729E+00
0.16705447820223E+01     0.23279877007008E+00
0.16803632180479E+01     0.23511779308319E+00
0.16901816540735E+01     0.23720702528954E+00
0.17000000900991E+01     0.23905612528324E+00
0.17098185261247E+01     0.24065676331520E+00
0.17196369621504E+01     0.24200008809566E+00
0.17294553981760E+01     0.24307948350906E+00
0.17392738342016E+01     0.24388794600964E+00
0.17490922702272E+01     0.24442097544670E+00
0.17589107062528E+01     0.24467377364635E+00
0.17687291422784E+01     0.24464409053326E+00
0.17785475783040E+01     0.24432948231697E+00
0.17883660143296E+01     0.24373003840446E+00
0.17981844503553E+01     0.24284572899342E+00
0.18080028863809E+01     0.24167905747890E+00
0.18178213224065E+01     0.24023237824440E+00
0.18276397584321E+01     0.23851047456264E+00
0.18374581944577E+01     0.23651789128780E+00
0.18472766304833E+01     0.23426143825054E+00
0.18570950665089E+01     0.23174756765366E+00
0.18669135025345E+01     0.22898478806019E+00
0.18767319385602E+01     0.22598116099834E+00
0.18865503745858E+01     0.22274649143219E+00
0.18963688106114E+01     0.21929004788399E+00
0.19061872466370E+01     0.21562258899212E+00
0.19160056826626E+01     0.21175417304039E+00
0.19258241186882E+01     0.20769611001015E+00
0.19356425547138E+01     0.20345889031887E+00
0.19454609907394E+01     0.19905398786068E+00
0.19552794267650E+01     0.19449202716351E+00
0.19650978627907E+01     0.18978431820869E+00
0.19749162988163E+01     0.18494132161140E+00
0.19847347348419E+01     0.17997395992279E+00
0.19945531708675E+01     0.17489224672318E+00
0.20043716068931E+01     0.16970653831959E+00
0.20141900429187E+01     0.16442626714706E+00
0.20240084789443E+01     0.15906102955341E+00
0.20338269149699E+01     0.15361958742142E+00
0.20436453509956E+01     0.14811071753502E+00
0.20534637870212E+01     0.14254240691662E+00
0.20632822230468E+01     0.13692255318165E+00
0.20731006590724E+01     0.13125836849213E+00
0.20829190950980E+01     0.12555691599846E+00
0.20927375311236E+01     0.11982459574938E+00
0.21025559671492E+01     0.11406767368317E+00
0.21123744031748E+01     0.10829179733992E+00
0.21221928392005E+01     0.10250249505043E+00
0.21320112752261E+01     0.96704706549644E-01
0.21418297112517E+01     0.90903319418430E-01
0.21516481472773E+01     0.85102632641792E-01
0.21614665833029E+01     0.79307019710541E-01
0.21712850193285E+01     0.73520168662071E-01
0.21811034553541E+01     0.67746073007584E-01
0.21909218913797E+01     0.61987888067961E-01
0.22007403274054E+01     0.56249309331179E-01
0.22105587634310E+01     0.50533052533865E-01
0.22203771994566E+01     0.44842593371868E-01
0.22301956354822E+01     0.39180308580399E-01
0.22400140715078E+01     0.33549483865500E-01
0.22498325075334E+01     0.27952278032899E-01
0.22596509435590E+01     0.22391797974706E-01
0.22694693795846E+01     0.16870152205229E-01
0.22792878156102E+01     0.11390253901482E-01
0.22891062516359E+01     0.59543838724494E-02
0.22989246876615E+01     0.56539161596447E-03
0.23087431236871E+01     -.47739800065756E-02
0.23185615597127E+01     -.23912040051073E-02
0.23283799957383E+01     0.00000000000000E+00
