0.10716201844600E+01     0.00000000000000E+00
0.10814386204856E+01     -.14946680748835E-02
0.10912570565112E+01     -.29847018886358E-02
0.11010754925368E+01     0.34780552960001E-03
0.11108939285624E+01     0.37131714634597E-02
0.11207123645880E+01     0.71123284287751E-02
0.11305308006136E+01     0.10546193458140E-01
0.11403492366393E+01     0.14015720225871E-01
0.11501676726649E+01     0.17521791160107E-01
0.11599861086905E+01     0.21065341308713E-01
0.11698045447161E+01     0.24647204205394E-01
0.11796229807417E+01     0.28268262743950E-01
0.11894414167673E+01     0.31929273158312E-01
0.11992598527929E+01     0.35631041973829E-01
0.12090782888185E+01     0.39374224841595E-01
0.12188967248442E+01     0.43159499764442E-01
0.12287151608698E+01     0.46987399458885E-01
0.12385335968954E+01     0.50858438014984E-01
0.12483520329210E+01     0.54772976785898E-01
0.12581704689466E+01     0.58731328696013E-01
0.12679889049722E+01     0.62733642756939E-01
0.12778073409978E+01     0.66779963672161E-01
0.12876257770234E+01     0.70870190858841E-01
0.12974442130490E+01     0.75004070997238E-01
0.13072626490747E+01     0.79181179404259E-01
0.13170810851003E+01     0.83400890231133E-01
0.13268995211259E+01     0.87662406265736E-01
0.13367179571515E+01     0.91964676976204E-01
0.13465363931771E+01     0.96306458115578E-01
0.13563548292027E+01     0.10068619251251E+00
0.13661732652283E+01     0.10510214418173E+00
0.13759917012539E+01     0.10955217480659E+00
0.13858101372796E+01     0.11403395235538E+00
0.13956285733052E+01     0.11854468286037E+00
0.14054470093308E+01     0.12308138608932E+00
0.14152654453564E+01     0.12764054536819E+00
0.14250838813820E+01     0.13221843540668E+00
0.14349023174076E+01     0.13681071996689E+00
0.14447207534332E+01     0.14141289889812E+00
0.14545391894588E+01     0.14601974189281E+00
0.14643576254844E+01     0.15062586963177E+00
0.14741760615101E+01     0.15522511303425E+00
0.14839944975357E+01     0.15981119871140E+00
0.14938129335613E+01     0.16437695920467E+00
0.15036313695869E+01     0.16891516745090E+00
0.15134498056125E+01     0.17341767251492E+00
0.15232682416381E+01     0.17787632346153E+00
0.15330866776637E+01     0.18228192627430E+00
0.15429051136893E+01     0.18662545084953E+00
0.15527235497150E+01     0.19089670479298E+00
0.15625419857406E+01     0.19508586823940E+00
0.15723604217662E+01     0.19918192923069E+00
0.15821788577918E+01     0.20317429304123E+00
0.15919972938174E+01     0.20705126225948E+00
0.16018157298430E+01     0.21080176532269E+00
0.16116341658686E+01     0.21441355347633E+00
0.16214526018942E+01     0.21787531673908E+00
0.16312710379199E+01     0.22117456793785E+00
0.16410894739455E+01     0.22430001199245E+00
0.16509079099711E+01     0.22723931074142E+00
0.16607263459967E+01     0.22998151183128E+00
0.16705447820223E+01     0.23251475393772E+00
0.16803632180479E+01     0.23482884466648E+00
0.16901816540735E+01     0.23691283166409E+00
0.17000000900991E+01     0.23875771462917E+00
0.17098185261247E+01     0.24035383760929E+00
0.17196369621504E+01     0.24169373512268E+00
0.17294553981760E+01     0.24276944994926E+00
0.17392738342016E+01     0.24357539415359E+00
0.17490922702272E+01     0.24410565197468E+00
0.17589107062528E+01     0.24435685575008E+00
0.17687291422784E+01     0.24432536959648E+00
0.17785475783040E+01     0.24401013553143E+00
0.17883660143296E+01     0.24340987205505E+00
0.17981844503553E+01     0.24252590537071E+00
0.18080028863809E+01     0.24135939776897E+00
0.18178213224065E+01     0.23991402983665E+00
0.18276397584321E+01     0.23819325864315E+00
0.18374581944577E+01     0.23620288074017E+00
0.18472766304833E+01     0.23394843935966E+00
0.18570950665089E+01     0.23143759369850E+00
0.18669135025345E+01     0.22867764532566E+00
0.18767319385602E+01     0.22567775845528E+00
0.18865503745858E+01     0.22244662046432E+00
0.18963688106114E+01     0.21899452805519E+00
0.19061872466370E+01     0.21533118188381E+00
0.19160056826626E+01     0.21146760880947E+00
0.19258241186882E+01     0.20741412043571E+00
0.19356425547138E+01     0.20318213105202E+00
0.19454609907394E+01     0.19878219068050E+00
0.19552794267650E+01     0.19422571361065E+00
0.19650978627907E+01     0.18952322006226E+00
0.19749162988163E+01     0.18468585610390E+00
0.19847347348419E+01     0.17972385883331E+00
0.19945531708675E+01     0.17464785277843E+00
0.20043716068931E+01     0.16946758329868E+00
0.20141900429187E+01     0.16419298946857E+00
0.20240084789443E+01     0.15883317589760E+00
0.20338269149699E+01     0.15339733660221E+00
0.20436453509956E+01     0.14789383113384E+00
0.20534637870212E+01     0.14233095943928E+00
0.20632822230468E+01     0.13671633601189E+00
0.20731006590724E+01     0.13105744123459E+00
0.20829190950980E+01     0.12536102533340E+00
0.20927375311236E+01     0.11963377892971E+00
0.21025559671492E+01     0.11388169229031E+00
0.21123744031748E+01     0.10811065882444E+00
0.21221928392005E+01     0.10232594609261E+00
0.21320112752261E+01     0.96532769501209E-01
0.21418297112517E+01     0.90735711157322E-01
0.21516481472773E+01     0.84939405322075E-01
0.21614665833029E+01     0.79147830605507E-01
0.21712850193285E+01     0.73365159332752E-01
0.21811034553541E+01     0.67594803869724E-01
0.21909218913797E+01     0.61840608716011E-01
0.22007403274054E+01     0.56105498224497E-01
0.22105587634310E+01     0.50393063575029E-01
0.22203771994566E+01     0.44705837965012E-01
0.22301956354822E+01     0.39047215133905E-01
0.22400140715078E+01     0.33419448882341E-01
0.22498325075334E+01     0.27825755998492E-01
0.22596509435590E+01     0.22268244996667E-01
0.22694693795846E+01     0.16749924048781E-01
0.22792878156102E+01     0.11272913776338E-01
0.22891062516359E+01     0.58399965055287E-02
0.22989246876615E+01     0.45355147449300E-03
0.23087431236871E+01     -.48833847977221E-02
0.23185615597127E+01     -.24988637305796E-02
0.23283799957383E+01     0.00000000000000E+00
