0.10716201844600E+01     0.00000000000000E+00
0.10814386204856E+01     0.00000000000000E+00
0.10912570565112E+01     0.00000000000000E+00
0.11010754925368E+01     -.15579324099235E-04
0.11108939285624E+01     -.16091194993351E-03
0.11207123645880E+01     -.29923021793365E-03
0.11305308006136E+01     -.40822708979249E-03
0.11403492366393E+01     -.50599442329258E-03
0.11501676726649E+01     -.56096760090441E-03
0.11599861086905E+01     -.60464156558737E-03
0.11698045447161E+01     -.60570670757443E-03
0.11796229807417E+01     -.59874652652070E-03
0.11894414167673E+01     -.55961223552004E-03
0.11992598527929E+01     -.51712611457333E-03
0.12090782888185E+01     -.45659151510336E-03
0.12188967248442E+01     -.39674754953012E-03
0.12287151608698E+01     -.33074262319133E-03
0.12385335968954E+01     -.26767229428515E-03
0.12483520329210E+01     -.20515943469945E-03
0.12581704689466E+01     -.14591444050893E-03
0.12679889049722E+01     -.88930421043187E-04
0.12778073409978E+01     -.34334934753133E-04
0.12876257770234E+01     0.19503304429236E-04
0.12974442130490E+01     0.72301430918742E-04
0.13072626490747E+01     0.12695777695626E-03
0.13170810851003E+01     0.18189976981375E-03
0.13268995211259E+01     0.24110617232509E-03
0.13367179571515E+01     0.30154836713336E-03
0.13465363931771E+01     0.36797259235755E-03
0.13563548292027E+01     0.43631705921143E-03
0.13661732652283E+01     0.51156576955691E-03
0.13759917012539E+01     0.58910180814564E-03
0.13858101372796E+01     0.67376944934949E-03
0.13956285733052E+01     0.76101877493784E-03
0.14054470093308E+01     0.85523177403957E-03
0.14152654453564E+01     0.95221871742979E-03
0.14250838813820E+01     0.10556376073509E-02
0.14349023174076E+01     0.11619540164247E-02
0.14447207534332E+01     0.12737747747451E-02
0.14545391894588E+01     0.13884766958654E-02
0.14643576254844E+01     0.15075327828526E-02
0.14741760615101E+01     0.16294736415148E-02
0.14839944975357E+01     0.17543102148920E-02
0.14938129335613E+01     0.18819614779204E-02
0.15036313695869E+01     0.20107342861593E-02
0.15134498056125E+01     0.21421774290502E-02
0.15232682416381E+01     0.22726634051651E-02
0.15330866776637E+01     0.24055235553533E-02
0.15429051136893E+01     0.25350078940392E-02
0.15527235497150E+01     0.26665877085179E-02
0.15625419857406E+01     0.27922445442528E-02
0.15723604217662E+01     0.29196683317423E-02
0.15821788577918E+01     0.30384305864573E-02
0.15919972938174E+01     0.31585558317602E-02
0.16018157298430E+01     0.32672863453627E-02
0.16116341658686E+01     0.33769817091525E-02
0.16214526018942E+01     0.34726837184280E-02
0.16312710379199E+01     0.35689924843609E-02
0.16410894739455E+01     0.36488298792392E-02
0.16509079099711E+01     0.37289806641638E-02
0.16607263459967E+01     0.37905361969024E-02
0.16705447820223E+01     0.38521762471646E-02
0.16803632180479E+01     0.38934801705182E-02
0.16901816540735E+01     0.39347545243800E-02
0.17000000900991E+01     0.39544333703816E-02
0.17098185261247E+01     0.39740959182382E-02
0.17196369621504E+01     0.39714374579489E-02
0.17294553981760E+01     0.39689089171588E-02
0.17392738342016E+01     0.39439061656594E-02
0.17490922702272E+01     0.39193173870444E-02
0.17589107062528E+01     0.38726632483304E-02
0.17687291422784E+01     0.38268365897238E-02
0.17785475783040E+01     0.37598882336169E-02
0.17883660143296E+01     0.36942875012755E-02
0.17981844503553E+01     0.36089895293117E-02
0.18080028863809E+01     0.35256403498352E-02
0.18178213224065E+01     0.34244291018695E-02
0.18276397584321E+01     0.33258064649999E-02
0.18374581944577E+01     0.32114593777806E-02
0.18472766304833E+01     0.31003518961370E-02
0.18570950665089E+01     0.29758978635073E-02
0.18669135025345E+01     0.28552971780300E-02
0.18767319385602E+01     0.27238230686635E-02
0.18865503745858E+01     0.25967340916395E-02
0.18963688106114E+01     0.24613142013550E-02
0.19061872466370E+01     0.23307327646762E-02
0.19160056826626E+01     0.21943177562207E-02
0.19258241186882E+01     0.20631018560380E-02
0.19356425547138E+01     0.19284615991637E-02
0.19454609907394E+01     0.17992999637499E-02
0.19552794267650E+01     0.16689533367753E-02
0.19650978627907E+01     0.15442245639861E-02
0.19749162988163E+01     0.14203885802999E-02
0.19847347348419E+01     0.13022302882746E-02
0.19945531708675E+01     0.11869246372953E-02
0.20043716068931E+01     0.10773206595331E-02
0.20141900429187E+01     0.97258453024551E-03
0.20240084789443E+01     0.87362743215635E-03
0.20338269149699E+01     0.78200805000961E-03
0.20436453509956E+01     0.69643626920879E-03
0.20534637870212E+01     0.62176107894629E-03
0.20632822230468E+01     0.55392732610926E-03
0.20731006590724E+01     0.50251203356311E-03
0.20829190950980E+01     0.45938408584334E-03
0.20927375311236E+01     0.44068667921238E-03
0.21025559671492E+01     0.43239365913905E-03
0.21123744031748E+01     0.45817127102055E-03
0.21221928392005E+01     0.49656763439998E-03
0.21320112752261E+01     0.57720317272469E-03
0.21418297112517E+01     0.67125837085769E-03
0.21516481472773E+01     0.80838281428441E-03
0.21614665833029E+01     0.95624150708318E-03
0.21712850193285E+01     0.11336784809828E-02
0.21811034553541E+01     0.13138842768967E-02
0.21909218913797E+01     0.14918287051842E-02
0.22007403274054E+01     0.16593592008576E-02
0.22105587634310E+01     0.17783497460186E-02
0.22203771994566E+01     0.18717763014138E-02
0.22301956354822E+01     0.18700405489653E-02
0.22400140715078E+01     0.18316577188671E-02
0.22498325075334E+01     0.16714833909646E-02
0.22596509435590E+01     0.14739301986992E-02
0.22694693795846E+01     0.11645605554804E-02
0.22792878156102E+01     0.83026417996734E-03
0.22891062516359E+01     0.43290917528793E-03
0.22989246876615E+01     0.33604956115596E-04
0.23087431236871E+01     0.00000000000000E+00
0.23185615597127E+01     0.00000000000000E+00
0.23283799957383E+01     0.00000000000000E+00
